Time (s),Ego Speed (km/h),Lead Speed (km/h),Smoothed Lead Speed (km/h),Distance Between (m),Ego Distance Covered (m),Lead Vehicle Distance Covered (m),Ego X (m),Ego Y (m),Lead X (m),Lead Y (m),Ego Speed (m/s),Lead Speed (m/s),Ego Accel (m/s²),Lead Accel (m/s²),Smooth Accel (m/s²),Jerk (m/s³) (1 Hz),RSS Distance (m),TTC (s)
0.0,8.808552074432374,7.056000137329103,7.056000137329103,12.011515361259868,0.0,0.0,107.0,133.0,119.0,133.42300415039062,2.446820020675659,1.9600000381469729,,,,,1.717825363652256,24.67291619729295
0.05,8.174808311584401,8.820000171661377,7.938000154495238,12.011913861922666,0.1276656985282898,0.1126999855041504,107.0,133.0,119.0,133.42300415039062,2.2707800865512224,2.450000047683716,-3.520798682488735,9.800000190734858,,,0.5819302496951542,inf
0.1,4.181039857894225,10.584000205993652,8.820000171661377,12.010446348074552,0.20566119998693466,0.2498999983072281,107.0,133.0,119.0,133.42300415039062,1.1613999605261736,2.940000057220459,-22.187602520500977,9.800000190734863,,,0.0,inf
0.15000000000000002,1.8218554973667669,10.747439861297607,9.301860094070436,12.008386578874779,0.2426491007208824,0.40529029071331024,107.0,133.0,119.0,133.42300415039062,0.5060709714907685,2.9853999614715576,-13.106579780708097,0.9079980850219723,,,0.0,inf
0.2,0.4834584116975346,7.768655776977542,8.995219230651855,12.007514837919345,0.2559195011854172,0.5298077911138535,107.0,133.0,119.0,133.42300415039062,0.13429400324931517,2.1579599380493173,-7.435539364829069,-16.54880046844481,,,0.0,inf
0.25,0.2289596378808733,4.8947761058807435,8.311812043190004,12.007537332782281,0.2561644017696381,0.6134719923138618,107.0,133.0,119.0,133.42300415039062,0.0635998994113537,1.3596600294113177,-1.4138820767592297,-15.965998172759996,,,0.0,inf
0.30000000000000004,0.5667371928694498,0.2858883018613525,7.165251508714483,12.007718977873035,0.26247259974479675,0.6421069949865341,107.0,133.0,119.0,133.42300415039062,0.1574269980192916,0.07941341718370902,1.8765419721587564,-25.60493224455215,,,0.010605320239123668,153.89858872507585
0.35000000000000003,0.6878411829476033,1.2601333397479657,6.427111737593668,12.007697209525077,0.2715299017727375,0.6545059978961945,107.0,133.0,119.0,133.42300415039062,0.19106699526322313,0.3500370388188794,0.6727999448786305,5.412472432703408,,,0.0,inf
0.4,0.6899652242661392,1.8184629654651103,5.915039651801607,12.007622204379391,0.2811941020190716,0.6770130023360252,107.0,133.0,119.0,133.42300415039062,0.19165700674059422,0.5051286015180861,0.011800229547421773,3.101831253984136,,,0.0,inf
0.45,0.6322392046451719,2.0269728720120805,5.526232973822653,12.007539515992994,0.2903392016887665,0.7043372988700867,107.0,133.0,119.0,133.42300415039062,0.17562200129032554,0.5630480200033557,-0.32070010900537355,1.1583883697053923,-0.18666121617495962,,0.0,inf
0.5,0.5494175791746077,1.9688721142311905,5.017520171512863,12.007480683909064,0.29844460263848305,0.7322819977998734,107.0,133.0,119.0,133.42300415039062,0.15261599421516878,0.5469089206197751,-0.4601201415031354,-0.3227819876716121,-0.2704990031178526,,0.0,inf
0.55,0.4610664188867438,1.7295322128948023,4.308473375636205,12.00745526076991,0.3053380008786917,0.7578397989273071,107.0,133.0,119.0,133.42300415039062,0.12807400524631773,0.4804256146930006,-0.4908397793770204,-1.3296661185354897,-0.3541628039989808,,0.0,inf
0.6000000000000001,0.37747078835986936,1.387136416372912,3.3887869966741304,12.007456272509696,0.3110362011939287,0.7791418991982937,107.0,133.0,119.0,133.42300415039062,0.10485299676663037,0.3853156712146978,-0.4644201695937468,-1.9021988695660546,-0.38811207237540807,,0.0,inf
0.65,0.30337811708489565,1.00696340226384,2.4147393507707537,12.007470084928643,0.315649401396513,0.7953073885291815,107.0,133.0,119.0,133.42300415039062,0.0842716991902488,0.27971205618440004,-0.41162595152763215,-2.112072300605958,-0.37780144630813384,,0.0,inf
0.7000000000000001,0.2403716325768407,0.6386228197041549,1.7017360550434155,12.007484436064455,0.3193254014477134,0.8062361981719732,107.0,133.0,119.0,133.42300415039062,0.0667698979380113,0.1773952276955986,-0.3500360250447495,-2.046336569776027,-0.3416034516138159,,0.0,inf
0.75,0.18829332590108303,0.3157479828586212,1.243833242741203,12.007492310728926,0.3222181713208556,0.8123877979815006,107.0,133.0,119.0,133.42300415039062,0.05230370163918973,0.08770777301628367,-0.2893239259764318,-1.793749093586301,-0.29452179772112136,,0.0,inf
0.8,0.14612867832241214,0.05750502296999002,1.2209949148520671,12.007492120424292,0.3244716310873628,0.8145665992051363,107.0,133.0,119.0,133.42300415039062,0.040591299534003374,0.015973617491663896,-0.23424804210372693,-1.4346831104923943,-0.2458195135609862,,0.0008209572460742677,487.56079032453084
0.8500000000000001,0.11253131479025706,0.1299309308164235,1.1079746739589131,12.007485854009742,0.3262123907916248,0.8153951987624168,107.0,133.0,119.0,133.42300415039062,0.031258698552849185,0.03609192522678431,-0.18665201962308361,0.40236615470240794,-0.20047503951489062,,0.00011786149252271627,inf
0.9,0.08609436303385687,0.2480891869571829,0.9509372961081202,12.007476813723214,0.32754780096001923,0.8182500991970301,107.0,133.0,119.0,133.42300415039062,0.02391510084273802,0.06891366304366192,-0.1468719542022235,0.6564347563375531,-0.1607749610063001,,0.0,inf
0.95,0.0654991216957605,0.3060027106067041,0.7788402799675824,12.007467929609673,0.3285660609835759,0.8222384992986917,107.0,133.0,119.0,133.42300415039062,0.018194200471044582,0.08500075294630668,-0.1144180074338689,0.3217417980528957,-0.12758136359824956,,0.0,inf
1.0,0.04958892166798784,0.3157817409178542,0.6135312426362488,12.007460965277257,0.32933854102157056,0.8266194993630052,107.0,133.0,119.0,133.42300415039062,0.013774700463329955,0.0877171502549595,-0.08839000015429246,0.05432794617305637,-0.10108411277132726,,0.0,inf
1.05,0.03738635927451082,0.29079330967743583,0.4696573523145122,12.007456469778528,0.32992191798985004,0.8308338299393654,107.0,133.0,119.0,133.42300415039062,0.010385099798475227,0.08077591935484328,-0.0677920132970945,-0.13882461800232437,-0.0808980768646361,,0.0,inf
1.1,0.028076220676377144,0.24392817479563295,0.35533652815678424,12.007454142879489,0.33036076099961065,0.8345057098194957,107.0,133.0,119.0,133.42300415039062,0.00779895018788254,0.06775782633212026,-0.05172299221185369,-0.2603618604544603,-0.06553925906940414,,0.0,inf
1.15,0.02101680077612974,0.18643326681000105,0.2732835146114003,12.007453299376685,0.3306897020083852,0.8374264996964484,107.0,133.0,119.0,133.42300415039062,0.005838000215591594,0.051787018558333626,-0.03921899944581905,-0.3194161554757337,-0.05227016721681875,,0.0,inf
1.2000000000000002,0.0,0.12728371636238092,0.2221496042772229,12.007453222057464,0.3306897020083852,0.8395254646893591,107.0,133.0,119.0,133.42300415039062,0.0,0.03535658787843914,-0.11676000431183127,-0.3286086135978879,-0.03861306697751287,,0.0,inf
1.25,0.005308991856882778,0.07294128045944871,0.19786893403730565,12.007453403985885,0.3309486439975444,0.8408359696622938,107.0,133.0,119.0,133.42300415039062,0.001474719960245216,0.02026146679429131,0.029494399204904424,-0.3019024216829578,-0.024618535965786746,,0.0,inf
1.3,0.006697980081664343,0.02744673598714945,0.1948631053390216,12.007453554236507,0.33103584800846875,0.8414610796608031,107.0,133.0,119.0,133.42300415039062,0.0018605500226845397,0.007624093329763736,0.007716601248786466,-0.25274746929055125,-0.012878268018819486,,0.0,inf
1.35,0.00682160393339399,0.007244688979702814,0.18259448115534951,12.007453597911816,0.3311309479759075,0.8415421396493912,107.0,133.0,119.0,133.42300415039062,0.0018948899814983304,0.0020124136054730036,0.0006867991762758137,-0.11223359448581455,-0.005745333510195227,,5.235147810823748e-06,inf
1.4,0.0063065158669024755,0.030858026959082626,0.1608713651555395,12.007453544267573,0.3312218519859016,0.8418509396724403,107.0,133.0,119.0,133.42300415039062,0.0017518099630284654,0.008571674155300728,-0.0028616003693973107,0.13118521099655497,-0.003129166922678418,,0.0,inf
1.4500000000000002,0.0055104119238110535,0.0,0.1302710940948691,12.007453563762756,0.3313029150012881,0.8418509396724403,107.0,133.0,119.0,133.42300415039062,0.0015306699788364038,0.0,-0.004422799683841208,-0.17143348310601367,-0.0031326229339803707,,5.232815249728325e-06,7793.657128849506
1.5,0.004639608040469423,0.0,0.09869292000308363,12.007453580856676,0.3313721899758093,0.8418509396724403,107.0,133.0,119.0,133.42300415039062,0.0012887800112415064,0.0,-0.004837799351897964,0.0,-0.0038984324912136525,,4.4080369811708425e-06,9245.178919391226
1.55,0.0038081882060485963,0.0,0.06961358903534008,12.007453595325927,0.3314296010066755,0.8418509396724403,107.0,133.0,119.0,133.42300415039062,0.0010578300572357212,0.0,-0.0046189990801157,0.0,-0.004441489871635625,,3.6751623294671073e-06,11244.723365822345
1.6,0.003065428789855373,0.0,0.04522077155577677,12.00745360727622,0.3314762159716338,0.8418509396724403,107.0,133.0,119.0,133.42300415039062,0.0008515079971820481,0.0,-0.004126441201073458,0.0,-0.00440232299951441,,3.0655489289965878e-06,13937.715780412987
1.65,0.0008350487817943254,0.0,0.026577444874776663,12.007453610831835,0.3314899510005489,0.8418509396724403,107.0,133.0,119.0,133.42300415039062,0.00023195799494286814,0.0,-0.012391000044783643,0.0,-0.003728582378886533,,1.4908182455946942e-06,49626.19075127925
1.7000000000000002,0.0012986928108154544,0.0,0.013849073238538576,12.007453614978006,0.33150589105207473,0.8418509396724403,107.0,133.0,119.0,133.42300415039062,0.00036074800300429287,0.0,0.0025758001612284807,0.0,-0.00265441027034863,,1.7865655668443786e-06,32387.102607910667
1.75,0.0014171615857085675,0.0,0.0065549451925937035,12.007453620029088,0.3315252009779215,0.8418509396724403,107.0,133.0,119.0,133.42300415039062,0.00039365599603015763,0.0,0.0006581598605172976,0.0,-0.001619317873823987,,1.864794513665563e-06,29746.749058899142
1.8,0.00136113840936051,0.0,0.00381027159387876,12.007453625108578,0.3315445010084659,0.8418509396724403,107.0,133.0,119.0,133.42300415039062,0.0003780940026001416,0.0,-0.00031123986860032013,0.0,-0.0009808334847791673,,1.8276655426013814e-06,30939.54955413216
1.85,0.001213077642043731,0.0,0.0030858026959084783,12.00745362979424,0.3315622010268271,0.8418509396724403,107.0,133.0,119.0,133.42300415039062,0.0003369660116788142,0.0,-0.0008225598184265478,0.0,-0.0007880013156554361,,1.7307050698709916e-06,34607.00248907814
1.9,0.0010354967555039753,0.0,2.161465451067101e-16,12.007453633884273,0.33157757099252194,0.8418509396724403,107.0,133.0,119.0,133.42300415039062,0.0002876379876399931,0.0,-0.000986560480776425,0.0,-0.0008589646727647498,,1.6166437812467786e-06,40342.47687633153
1.95,0.0008579807763577259,0.0,2.161465451067101e-16,12.007453637332125,0.3315904709743336,0.8418509396724403,107.0,133.0,119.0,133.42300415039062,0.00023832799343270162,0.0,-0.0009861998841458287,0.0,-0.0009785115979222066,,1.505056103092232e-06,48353.20203473644
2.0,0.0006986268097864978,0.0,2.161465451067101e-16,12.007453640164995,0.3316010310081765,0.8418509396724403,107.0,133.0,119.0,133.42300415039062,0.0001940630027184716,0.0,-0.0008852998142845997,0.0,-0.0009988590936781186,0.10008525367764914,1.4069562299489981e-06,58841.894317955615
2.0500000000000003,0.00010319256349638337,0.0,2.161465451067101e-16,12.00745364168443,0.33160668099299073,0.8418509396724403,107.0,133.0,119.0,133.42300415039062,2.8664600971217603e-05,0.0,-0.003307968034945062,0.0,-0.000860259069049861,,1.0577400316168546e-06,310554.1849668363
2.1,0.00024277354887846167,0.0,2.161465451067101e-16,12.007453642414221,0.33160939102526754,0.8418509396724403,107.0,133.0,119.0,133.42300415039062,6.74370969106838e-05,0.0,0.0007754499187893266,0.0,-0.0006039493366011865,,1.1371480748412382e-06,155060.74118795618
2.15,0.0002900098683863542,0.0,2.161465451067101e-16,12.007453643451965,0.3316132409963757,0.8418509396724403,107.0,133.0,119.0,133.42300415039062,8.055829677398727e-05,0.0,0.00026242399726607047,0.0,-0.0003445512696231693,,1.1643614131375373e-06,132593.63383809896
2.2,0.0002892891610811793,0.0,2.161465451067101e-16,12.007453644553063,0.3316173210041597,0.8418509396724403,107.0,133.0,119.0,133.42300415039062,8.035810030032758e-05,0.0,-4.003929473193847e-06,0.0,-0.00018023486298302075,,1.1639449127425938e-06,132887.40693577344
2.25,0.00026319925533584707,0.0,2.161465451067101e-16,12.00745364559341,0.3316211709752679,0.8418509396724403,107.0,133.0,119.0,133.42300415039062,7.311090425995752e-05,0.0,-0.00014494392080740173,0.0,-0.0001276805756781992,,1.1488944106807692e-06,144475.0692163814
2.3000000000000003,0.00022814964239299467,0.0,2.161465451067101e-16,12.007453646513172,0.3316245710011572,0.8418509396724403,107.0,133.0,119.0,133.42300415039062,6.337490066472074e-05,0.0,-0.00019472007190473461,0.0,-0.00014116718596692696,,1.128757990346573e-06,163645.2456866692
2.35,0.00019148616415486309,0.0,2.161465451067101e-16,12.007453647298405,0.3316274710232392,0.8418509396724403,107.0,133.0,119.0,133.42300415039062,5.319060115412863e-05,0.0,-0.00020368599021184283,0.0,-0.00017008491180892085,,1.1077958223338262e-06,190019.61411968438
2.4000000000000004,0.00015578424613824643,0.0,2.161465451067101e-16,12.007453647937947,0.3316298309946433,0.8418509396724403,107.0,133.0,119.0,133.42300415039062,4.327340170506845e-05,0.0,-0.00019834398898120254,0.0,-0.00018662795754959935,,1.087483097057701e-06,225393.0341151005
2.45,0.00012526596287597974,0.0,2.161465451067101e-16,12.007453648466795,0.3316317809512839,0.8418509396724403,107.0,133.0,119.0,133.42300415039062,3.479610079888326e-05,0.0,-0.00016954601812370438,0.0,-0.00018035003764674333,,1.0701975859131697e-06,268046.8485946021
2.5,3.8997722731862394e-05,0.0,2.161465451067101e-16,12.007453648466795,0.3316317809512839,0.8418509396724403,107.0,133.0,119.0,133.42300415039062,1.0832700758850665e-05,0.0,-0.0004792680008006536,0.0,-0.00015036523249866123,,1.0217240752205666e-06,576375.2759404222
2.5500000000000003,5.8427641193011204e-05,0.0,2.161465451067101e-16,12.0074536487652,0.3316328809596598,0.8418509396724403,107.0,133.0,119.0,133.42300415039062,1.6229900331392e-05,0.0,0.00010794399145082612,0.0,-0.00010625584104963676,,1.0325915054951675e-06,457777.32652665296
2.6,6.0453022042404006e-05,0.0,2.161465451067101e-16,12.0074536487652,0.3316328809596598,0.8418509396724403,107.0,133.0,119.0,133.42300415039062,1.6792506122890002e-05,0.0,1.1252115829960078e-05,0.0,-6.515632062893888e-05,,1.0337260063767235e-06,448164.63206876756
2.6500000000000004,5.9904001691504664e-05,0.0,2.161465451067101e-16,12.007453649202187,0.3316344909835607,0.8418509396724403,107.0,133.0,119.0,133.42300415039062,1.6640000469862406e-05,0.0,-3.0501130605518913e-06,0.0,-4.058703479688615e-05,,1.0334184457475434e-06,450730.23413742473
2.7,5.3072279152841355e-05,0.0,2.161465451067101e-16,12.007453649202187,0.3316344909835607,0.8418509396724403,107.0,133.0,119.0,133.42300415039062,1.4742299764678153e-05,0.0,-3.79540141036852e-05,0.0,-3.39633134252398e-05,,1.0295932672305322e-06,485300.6294242664
2.75,4.562316248700318e-05,0.0,2.161465451067101e-16,12.007453649595947,0.33163594105280936,0.8418509396724403,107.0,133.0,119.0,133.42300415039062,1.2673100690834216e-05,0.0,-4.138398147687889e-05,0.0,-3.770027334303104e-05,,1.0254265051222284e-06,529590.2758659761
2.8000000000000003,3.652596167400835e-05,0.0,2.161465451067101e-16,12.007453649595947,0.33163594105280936,0.8418509396724403,107.0,133.0,119.0,133.42300415039062,1.0146100465002319e-05,0.0,-5.0540004516637675e-05,0.0,-4.302196564279697e-05,,1.0203436726073275e-06,596018.7516415508
2.85,2.8973592140459572e-05,0.0,2.161465451067101e-16,12.007453649595947,0.33163594105280936,0.8418509396724403,107.0,133.0,119.0,133.42300415039062,8.048220039016548e-06,0.0,-4.195760851971556e-05,0.0,-4.415212478489833e-05,,1.0161288270009313e-06,665298.4961197445
2.9000000000000004,6.93462415604904e-06,0.0,2.161465451067101e-16,12.007453649905615,0.3316370809916407,0.8418509396724403,107.0,133.0,119.0,133.42300415039062,1.9262844877914e-06,0.0,-0.0001224387110245023,0.0,-3.9073916085269644e-05,,1.0038544242615467e-06,1006805.9052420983
2.95,1.077934609587719e-05,0.0,2.161465451067101e-16,12.007453649905615,0.3316370809916407,0.8418509396724403,107.0,133.0,119.0,133.42300415039062,2.9942628044103303e-06,0.0,2.135956633237868e-05,0.0,-2.945921024425802e-05,,1.0059930084136916e-06,924058.0886073977
3.0,1.0950948402908587e-05,0.0,2.161465451067101e-16,12.007453649905615,0.3316370809916407,0.8418509396724403,107.0,133.0,119.0,133.42300415039062,3.041930111919052e-06,0.0,9.533461501744377e-07,0.0,-1.923138564459207e-05,0.0009796277080335266,1.006088486893241e-06,920680.723394766
3.0500000000000003,7.552419824451918e-06,0.0,2.161465451067101e-16,12.007453649905615,0.3316370809916407,0.8418509396724403,107.0,133.0,119.0,133.42300415039062,2.097894395681088e-06,0.0,-1.8880714324759176e-05,0.0,-1.1630492318354262e-05,,1.00419798937181e-06,992524.2572949091
3.1,6.3853966418088875e-06,0.0,2.161465451067101e-16,12.007453649905615,0.3316370809916407,0.8418509396724403,107.0,133.0,119.0,133.42300415039062,1.7737212893913577e-06,0.0,-6.483462125794632e-06,0.0,-7.558679146807923e-06,,1.003549015622389e-06,1019852.0378365725
3.1500000000000004,8.204583793983123e-06,0.0,2.161465451067101e-16,12.007453649905615,0.3316370809916407,0.8418509396724403,107.0,133.0,119.0,133.42300415039062,2.2790510538842005e-06,0.0,1.0106595289856801e-05,0.0,-6.171082664614505e-06,,1.0045606991446215e-06,977881.2383150185
3.2,7.003222919260799e-06,0.0,2.161465451067101e-16,12.007453649905615,0.3316370809916407,0.8418509396724403,107.0,133.0,119.0,133.42300415039062,1.9453396997946663e-06,0.0,-6.674227081790706e-06,0.0,-5.941005963292115e-06,,1.0038925715728633e-06,1005199.8479467282
3.25,3.5017680718971116e-06,0.0,2.161465451067101e-16,12.007453649905615,0.3316370809916407,0.8418509396724403,107.0,133.0,119.0,133.42300415039062,9.727133533047532e-07,0.0,-1.945252692979833e-05,0.0,-5.229261570276259e-06,,1.0019458997922433e-06,1094301.2237068254
3.3000000000000003,0.0,0.0,2.161465451067101e-16,12.007453649905615,0.3316370809916407,0.8418509396724403,107.0,133.0,119.0,133.42300415039062,0.0,0.0,-1.945426706609496e-05,0.0,-3.1350765976871974e-06,,1e-06,inf
3.35,2.9522816596487253e-06,0.0,2.161465451067101e-16,12.007453650185521,0.3316381110344082,0.8418509396724403,107.0,133.0,119.0,133.42300415039062,8.200782387913126e-07,0.0,1.640156477582631e-05,0.0,-2.6021265556918244e-07,,1.0016404927417415e-06,1109738.153938418
3.4000000000000004,5.9045775731897625e-06,0.0,2.161465451067101e-16,12.007453650185521,0.3316381110344082,0.8418509396724403,107.0,133.0,119.0,133.42300415039062,1.6401604369971562e-06,0.0,1.6401643964116783e-05,0.0,1.8923551661888927e-06,,1.0032816659371239e-06,1031553.9648423537
3.45,5.38965346651226e-06,0.0,2.161465451067101e-16,12.007453650185521,0.3316381110344082,0.8418509396724403,107.0,133.0,119.0,133.42300415039062,1.4971259629200722e-06,0.0,-2.860689481541692e-06,0.0,2.4046902096517965e-06,,1.0029953726189144e-06,1044387.4137685654
3.5,4.9436132186138785e-06,0.0,2.161465451067101e-16,12.007453650185521,0.3316381110344082,0.8418509396724403,107.0,133.0,119.0,133.42300415039062,1.3732258940594106e-06,0.0,-2.4780013772132393e-06,0.0,1.4602139634882842e-06,,1.0027473946627968e-06,1055764.9836584523
3.5500000000000003,5.63018984005757e-06,0.0,2.161465451067101e-16,12.007453650185521,0.3316381110344082,0.8418509396724403,107.0,133.0,119.0,133.42300415039062,1.5639416222382138e-06,0.0,3.814314563576043e-06,0.0,-3.442000535520338e-07,,1.0031291062011755e-06,1038353.0151254314
3.6,6.797126925512396e-06,0.0,2.161465451067101e-16,12.007453650185521,0.3316381110344082,0.8418509396724403,107.0,133.0,119.0,133.42300415039062,1.8880908126423323e-06,0.0,6.482983808082393e-06,0.0,-2.4984514336576933e-06,,1.0037779640687432e-06,1010040.5388404547
3.65,4.1881697977399904e-06,0.0,2.161465451067101e-16,12.007453650185521,0.3316381110344082,0.8418509396724403,107.0,133.0,119.0,133.42300415039062,1.1633804993722196e-06,0.0,-1.4494206265402306e-05,0.0,-4.364542456120561e-06,,1.0023274377258376e-06,1075610.891419563
3.7,1.9915331625046658e-06,0.0,2.161465451067101e-16,12.007453650185521,0.3316381110344082,0.8418509396724403,107.0,133.0,119.0,133.42300415039062,5.53203656251296e-07,0.0,-1.2203536862418406e-05,0.0,-5.146914626631331e-06,,1.0011065603296452e-06,1137801.7558746517
3.75,4.119650142582434e-07,0.0,2.161465451067101e-16,12.007453650185521,0.3316381110344082,0.8418509396724403,107.0,133.0,119.0,133.42300415039062,1.1443472618284539e-07,0.0,-8.775378601369044e-06,0.0,-4.437992435580872e-06,,1.000228876000019e-06,1187160.1305708454
3.8,1.09861901405373e-06,0.0,2.161465451067101e-16,12.007453650185521,0.3316381110344082,0.8418509396724403,107.0,133.0,119.0,133.42300415039062,3.0517194834825834e-07,0.0,3.814744443308272e-06,0.0,-2.5636602591042143e-06,,1.0006103904616556e-06,1165187.1225797555
3.85,4.806836517040449e-07,0.0,2.161465451067101e-16,12.007453650185521,0.3316381110344082,0.8418509396724403,107.0,133.0,119.0,133.42300415039062,1.3352323658445692e-07,0.0,-3.43297423527601e-06,0.0,-2.683443788441146e-07,,1.0002670553873962e-06,1184923.8778903396
3.9,1.1672749844693606e-06,0.0,2.161465451067101e-16,12.007453650185521,0.3316381110344082,0.8418509396724403,107.0,133.0,119.0,133.42300415039062,3.2424305124148904e-07,0.0,3.814396293140656e-06,0.0,1.7277601512819489e-06,,1.0006485386692612e-06,1163034.7707420182
3.95,1.8538616294884574e-06,0.0,2.161465451067101e-16,12.007453650185521,0.3316381110344082,0.8418509396724403,107.0,133.0,119.0,133.42300415039062,5.149615637467938e-07,0.0,3.814370250106074e-06,0.0,2.8133951187151e-06,,1.0010300557201996e-06,1141939.8518378327
4.0,3.845010083268348e-06,0.0,2.161465451067101e-16,12.007453650185521,0.3316381110344082,0.8418509396724403,107.0,133.0,119.0,133.42300415039062,1.06805835646343e-06,0.0,1.1061935854332766e-05,0.0,2.5170572658448475e-06,2.1748442910436916e-05,1.0021366870872532e-06,1084874.443508288
4.05,4.53169876583202e-06,0.0,2.161465451067101e-16,12.007453650185521,0.3316381110344082,0.8418509396724403,107.0,133.0,119.0,133.42300415039062,1.2588052127311167e-06,0.0,3.814937125353746e-06,0.0,8.788251229766034e-07,,1.0025184027207441e-06,1066494.4835005987
4.1000000000000005,5.218225830648299e-06,0.0,2.161465451067101e-16,12.007453650185521,0.3316381110344082,0.8418509396724403,107.0,133.0,119.0,133.42300415039062,1.449507175180083e-06,0.0,3.814039248979271e-06,0.0,-1.1997518954313435e-06,,1.0029000648858855e-06,1048731.0472379928
4.15,1.0298669088472e-07,0.0,2.161465451067101e-16,12.007453650185521,0.3316381110344082,0.8418509396724403,107.0,133.0,119.0,133.42300415039062,2.8607414134644446e-08,0.0,-2.8417995220908874e-05,0.0,-2.3579821949530143e-06,,1.0000572152374613e-06,1197320.1417040043
4.2,6.179269120200745e-07,0.0,2.161465451067101e-16,12.007453650185521,0.3316381110344082,0.8418509396724403,107.0,133.0,119.0,133.42300415039062,1.716463644500207e-07,0.0,2.860779006307535e-06,0.0,-1.8449811798691262e-06,,1.0003433074601372e-06,1180482.8068100812
4.25,1.1328699810002234e-06,0.0,2.161465451067101e-16,12.007453650185521,0.3316381110344082,0.8418509396724403,107.0,133.0,119.0,133.42300415039062,3.1468610583339537e-07,0.0,2.8607948276675036e-06,0.0,-1.4057856386591949e-07,,1.0006294217253394e-06,1164112.3662885672
4.3,1.7164601199597382e-06,0.0,2.161465451067101e-16,12.007453650185521,0.3316381110344082,0.8418509396724403,107.0,133.0,119.0,133.42300415039062,4.7679447776659394e-07,0.0,3.242167438663983e-06,0.0,1.57695806222063e-06,,1.0009537026220203e-06,1146099.9522007639
4.3500000000000005,3.7075416810919403e-06,0.0,2.161465451067101e-16,12.007453650185521,0.3316381110344082,0.8418509396724403,107.0,133.0,119.0,133.42300415039062,1.0298726891922056e-06,0.0,1.1061564228512075e-05,0.0,2.4329914188583767e-06,,1.0020602756972624e-06,1088630.303226547
4.4,2.952285228848384e-06,0.0,2.161465451067101e-16,12.007453650185521,0.3316381110344082,0.8418509396724403,107.0,133.0,119.0,133.42300415039062,8.200792302356622e-07,0.0,-4.195869179130883e-06,0.0,2.2531233780760673e-06,,1.001640494725443e-06,1109738.0522530607
4.45,3.6045381311107783e-06,0.0,2.161465451067101e-16,12.007453650185521,0.3316381110344082,0.8418509396724403,107.0,133.0,119.0,133.42300415039062,1.001260591975216e-06,0.0,3.6236272347910905e-06,0.0,1.2641689024977138e-06,,1.002003022445337e-06,1091461.6147666082
4.5,4.291909402026767e-06,0.0,2.161465451067101e-16,12.007453650185521,0.3316381110344082,0.8418509396724403,107.0,133.0,119.0,133.42300415039062,1.1921970561185462e-06,0.0,3.818729282866616e-06,0.0,-1.751445979970297e-07,,1.0023851047791474e-06,1072841.515386051
4.55,4.9776891228932334e-06,0.0,2.161465451067101e-16,12.007453650185521,0.3316381110344082,0.8418509396724403,107.0,133.0,119.0,133.42300415039062,1.382691423025898e-06,0.0,3.809887338147051e-06,0.0,-1.470038204644556e-06,,1.0027663387638374e-06,1054887.038920848
4.6000000000000005,5.492657828293865e-07,0.0,2.161465451067101e-16,12.007453650185521,0.3316381110344082,0.8418509396724403,107.0,133.0,119.0,133.42300415039062,1.525738285637185e-07,0.0,-2.4602351889243245e-05,0.0,0.00012380084148651212,,1.000305159296514e-06,1182700.4514267307
4.65,1.201541750722552e-06,0.0,2.161465451067101e-16,12.007453650185521,0.3316381110344082,0.8418509396724403,107.0,133.0,119.0,133.42300415039062,3.3376159742293114e-07,0.0,3.623755377184266e-06,0.0,0.0012867354642577212,,1.0006675788932478e-06,1161963.4860920326
4.7,1.8195207880123334e-06,0.0,2.161465451067101e-16,12.007453650185521,0.3316381110344082,0.8418509396724403,107.0,133.0,119.0,133.42300415039062,5.05422441114537e-07,0.0,3.4332168738321295e-06,0.0,0.007553165810248699,,1.001010972608151e-06,1142976.754860667
4.75,3.776188635978206e-06,0.0,2.161465451067101e-16,12.007453650185521,0.3316381110344082,0.8418509396724403,107.0,133.0,119.0,133.42300415039062,1.0489412877717239e-06,0.0,1.0870376933143776e-05,0.0,0.03437894351237867,,1.0020984327144561e-06,1086751.5119728819
4.800000000000002,3.055317004001036e-06,0.0,2.161465451067101e-16,12.007453650185521,0.3316381110344082,0.8418509396724403,107.0,133.0,119.0,133.42300415039062,8.486991677780655e-07,0.0,-4.00484239987304e-06,0.0,0.12464002210428794,,1.0016977584806948e-06,1106810.4539066853
4.8500000000000005,3.7427314938054284e-06,0.0,2.161465451067101e-16,12.007453650185521,0.3316381110344082,0.8418509396724403,107.0,133.0,119.0,133.42300415039062,1.0396476371681744e-06,0.0,3.818969387802261e-06,0.0,0.3620675239190171,,1.0020798357079412e-06,1087666.3861769417
4.9,4.3254586742077214e-06,0.0,2.161465451067101e-16,12.007453650185521,0.3316381110344082,0.8418509396724403,107.0,133.0,119.0,133.42300415039062,1.2015162983910337e-06,0.0,3.2373732244571966e-06,0.0,0.8459426296834643,,1.0024037544174898e-06,1071948.9514031461
4.95,4.9776847150330524e-06,0.0,2.161465451067101e-16,12.007453650185521,0.3316381110344082,0.8418509396724403,107.0,133.0,119.0,133.42300415039062,1.3826901986202923e-06,0.0,3.623478004585185e-06,0.0,1.5959064792360973,,1.0027663363133334e-06,1054887.1523922312
5.0,0.3380142370176934,0.0,2.161465451067101e-16,12.006454820336955,0.3326375626569337,0.8418509396724403,107.0009994506836,133.0,119.0,133.42300415039062,0.09389284361602594,0.0,1.8778292185165533,0.0,2.441958496092299,2.441955979035033,0.004596718728383803,127.86039653316604
5.050000000000002,1.5978674522259333,0.0,2.161465451067101e-16,11.98946710188211,0.3496358603883034,0.8418509396724403,107.01799774169922,133.0,119.0,133.42300415039062,0.44385207006275923,0.0,6.999184528934442,0.0,3.0452025251125177,,0.09939103418962378,27.0116955480942
5.1000000000000005,2.5053391343885973,0.016662018506666456,0.0016662018506668618,11.960450223334485,0.3786526759199133,0.8421518396353349,107.0469970703125,133.00100708007812,119.0,133.42300415039062,0.6959275373301659,0.004628338474074015,5.04150934534824,0.09256676948148228,3.1080820338489934,,0.24354328317619814,17.3011587913562
5.15,3.068766561098895,0.021416599173384832,0.003807861768005345,11.919404829051128,0.4197017423688614,0.8423447896493599,107.08799743652344,133.00300598144528,119.0,133.42300415039062,0.8524351558608041,0.005949055325940231,3.1301523706127754,0.026414337037324414,2.5994041936101326,,0.36501692069901465,14.080873877055994
5.2,3.238661391778372,0.02003176579988183,0.005811038347993529,11.875390832285321,0.4637192659873354,0.8425390296615659,107.13200378417969,133.00399780273438,119.0,133.42300415039062,0.8996281643828811,0.005564379388856064,0.9438601704415428,-0.007693518741683374,1.7627044831267205,,0.40645535263156074,13.28233869687241
5.25,3.168075218787328,0.018897807563815257,0.007700819104375055,11.831348947016926,0.5077633668129875,0.8427448696456851,107.1760025024414,133.00599670410156,119.0,133.42300415039062,0.880020894107591,0.0052493909899486825,-0.39214540550580296,-0.006299767978147653,0.9145665208309578,,0.3889702434525887,13.524918971024269
5.300000000000002,3.236300386923633,0.017956056170968956,0.009496424721471951,11.786343211671632,0.5527728040869084,0.8429690626217052,107.22100067138672,133.00700378417972,119.0,133.42300415039062,0.8989723297010092,0.00498779338082471,0.3790287118683512,-0.005231952182479279,0.2541546348317274,,0.40586627674916204,13.183909669276042
5.3500000000000005,3.149766473336808,0.017215802630944837,0.011218004984566435,11.740303662160695,0.5978153491410051,0.843998637456361,107.26599884033205,133.00900268554688,118.9990005493164,133.42300415039062,0.8749351314824466,0.004782167397484677,-0.48074396437126105,-0.00411251966680076,-0.16411045373408825,,0.38449898937239546,13.49207464202577
5.4,2.9599747812328414,0.016642451061499117,0.012882250090716344,11.698294959487187,0.6398268762778077,0.8442704344619137,107.30799865722656,133.00999450683594,118.9990005493164,133.42300415039062,0.8222152170091226,0.004622903072638644,-1.0543982894664843,-0.003185286496920671,-0.35031150078028117,,0.3396572382304245,14.308050209843191
5.45,2.8177063353305587,0.016176284733541674,0.014499878564070515,11.658248385492461,0.6798777056964601,0.8445667604668138,107.3479995727539,133.01199340820312,118.9990005493164,133.42300415039062,0.7826962042584885,0.004493412425983798,-0.7903802550126843,-0.0025898129330969182,-0.32199154859237716,,0.30786633623709647,14.980797678794357
5.5,2.741314957632621,0.015705412665449357,0.01607041983061545,11.620234462341195,0.7178930625317579,0.844884486460041,107.38600158691406,133.01300048828122,118.9990005493164,133.42300415039062,0.7614763771201725,0.004362614629291488,-0.4243965427663225,-0.0026159559338462175,-0.11004674684596252,,0.291440745074804,15.347866541807493
5.550000000000002,2.7729169853999203,0.015142079316317924,0.017584627762247243,11.581186745350351,0.7559476117081321,0.8459386614261813,107.42400360107422,133.01499938964844,118.9980010986328,133.42300415039062,0.7702547181666445,0.004206133143421645,0.1755668209294347,-0.003129629717396752,0.22182460828389916,,0.29818177767998166,15.117886506029134
5.6000000000000005,2.9120087338932774,0.014411842874678124,0.01735961019904841,11.541147864139266,0.7959908202117096,0.8462848064367346,107.46399688720705,133.01699829101562,118.9980010986328,133.42300415039062,0.8088913149703548,0.00400328968741059,0.7727319360742233,-0.004056869120221181,0.5843872440262866,,0.3287660202377352,14.338646016782349
5.65,3.144208324559264,0.6756704994327652,0.08278500022498644,11.510133391634842,0.8380027093620008,0.8572866148299121,107.50599670410156,133.01800537109378,119.00900268554688,133.42300415039062,0.8733912012664622,0.1876862498424348,1.289997725922152,3.673659203100497,0.8922559756631288,,0.37141183483406426,16.78559490023033
5.7,3.4037047759063284,1.220637453184771,0.2028455689634754,11.480075272537064,0.8840513635626018,0.87328601130357,107.552001953125,133.02000427246094,119.0250015258789,133.42300415039062,0.9454735488628689,0.33906595921799193,1.44164695192814,3.0275941875111534,1.0918702375518468,,0.41053015466392734,18.930973422555056
5.75,3.6445755698656463,0.8027715639253791,0.2812329445996318,11.443997126362007,0.9331385276175129,0.8862879392554058,107.60099792480469,133.02299499511722,119.03800201416016,133.42300415039062,1.0123821027404574,0.22299210109038306,1.3381710775517732,-2.3214771625521857,1.17181893133745,,0.49790936613050785,14.497082724145862
5.800000000000002,3.8635885836220782,1.4757613403406262,0.4270134730165975,11.411941553779284,0.9851788845122404,0.906285968788814,107.65299987792969,133.02499389648438,119.05799865722656,133.42300415039062,1.0732190510061328,0.40993370565017395,1.2167389653134697,3.7388320911956985,1.1523576701715763,,0.5220317894805698,17.204917287117464
5.8500000000000005,4.07405067520554,1.0656425736732535,0.5318561501208283,11.372859111844242,1.0412592606585522,0.9232852141916832,107.70899963378906,133.02799987792972,119.0749969482422,133.42300415039062,1.13168074311265,0.2960118260203482,1.169233842130371,-2.2784375925965636,1.0659420474685235,,0.6134073466042581,13.609125322217617
5.9,4.252380735738687,1.7437102346923492,0.7045629284839133,11.33781480967483,1.0992923533778134,0.9462883417644258,107.76699829101562,133.02999877929688,119.0979995727539,133.42300415039062,1.1812168710385242,0.4843639540812081,0.9907225585174864,3.767042561217211,0.945066094751138,,0.6217972686173701,16.269792141011987
5.95,4.386500475333887,1.341123968765292,0.8370576968870884,11.297726233913693,1.1593727870524806,0.9662850908534808,107.8270034790039,133.03300476074222,119.11799621582031,133.42300415039062,1.218472354259413,0.37253443576813666,0.7451096644177762,-2.2365903662614364,0.8201922767388603,,0.6985147484780622,13.355108496587901
6.0,4.484422128166308,2.024830043437884,1.0379701599643318,11.263646823760393,1.2204430708476544,0.9932855386374532,107.88800048828124,133.03599548339844,119.1449966430664,133.42300415039062,1.24567281337953,0.5624527898438567,0.5440091824023449,3.7983670815144146,0.7180972494668219,-1.723861246625477,0.6728916776888165,16.48587801436435
6.050000000000002,4.584163391579128,1.6282988494316246,1.1992858369758626,11.225537829743226,1.2835657069277286,1.0182870970926228,107.95099639892578,133.03999328613278,119.16999816894531,133.42300415039062,1.2733787198830913,0.452305235953229,0.5541181300712061,-2.2029510778124832,0.6554535113746356,,0.745101097408414,13.671615675443453
6.1000000000000005,4.686674153627077,2.318449602486642,1.4296896129370589,11.190452126589618,1.3486376157219628,1.0482859159413258,108.01599884033205,133.04299926757812,119.1999969482422,133.42300415039062,1.301853931563077,0.6440137784685117,0.5695042335997279,3.8341708503057355,0.6339811836162459,,0.7117652884738167,17.010639997496515
6.15,4.804290183081947,1.9282691205368108,1.5549494750474633,11.153335473247653,1.4147604724922564,1.0772854045194844,108.08200073242188,133.0469970703125,119.22899627685548,133.42300415039062,1.3345250508560964,0.5356303112602252,0.6534223858603895,-2.1676693441657378,0.643747293374748,,0.7975153290027035,13.960782707196865
6.2,4.920910634964736,2.622824695421356,1.6951681992711218,11.120255912705602,1.4818292122926409,1.1112897090525,108.14900207519531,133.05000305175778,119.26300048828124,133.42300415039062,1.3669196208235377,0.7285624153948211,0.6478913993488279,3.8586420826919325,0.6713925776317691,,0.7600350664291837,17.419842087967893
6.25,5.0457736021099215,2.236886840845429,1.8385797269631268,11.083140407763116,1.551942974867211,1.144287013152385,108.21900177001952,133.05400085449222,119.2959976196289,133.42300415039062,1.401603778363867,0.6213574557903969,0.6936831508065902,-2.144099192088492,0.7055489340976882,,0.8563557540298901,14.20448650926441
6.300000000000002,5.184297181855639,2.933860217459081,1.9843896146749724,11.051027746158487,1.623054584957233,1.1832885491523664,108.29000091552734,133.05799865722656,119.33499908447266,133.42300415039062,1.4400825505154553,0.8149611715164113,0.7695754430317401,3.8720743145201646,0.7371969441409945,,0.8184128042241129,17.677928380196363
6.3500000000000005,5.330297897594458,2.549538537017514,2.1327792110093986,11.014920209585894,1.6961620214754785,1.220291227024105,108.36299896240234,133.06199645996094,119.37200164794922,133.42300415039062,1.4806383048873495,0.7082051491715317,0.811115087437901,-2.135120446897639,0.7588857281279974,,0.9319223271219259,14.259845696190347
6.4,5.475144311783705,3.2492749513895123,2.283335682679115,10.983767695031116,1.771333395804537,1.2642899789603808,108.43800354003906,133.06700134277344,119.41600036621094,133.42300415039062,1.5208734199399179,0.9025763753859756,0.8047023010513705,3.887424524288892,0.7657853732145721,,0.8880226887781221,17.76426096350722
6.45,5.615690678841837,2.8680275620257407,2.4360260420051603,10.947661909355151,1.8484329631431966,1.3052904061693087,108.51499938964844,133.07099914550778,119.45700073242188,133.42300415039062,1.5599140774560658,0.796674322784928,0.7808131503229615,-2.118041052020959,0.7573172625122399,,1.0082234671494419,14.3434856576825
6.5,5.750692074649026,3.569827892689439,2.5905258269303157,10.916511890521097,1.9275937170323685,1.353286939362873,108.59400177001952,133.07600402832028,119.50499725341795,133.42300415039062,1.597414465180285,0.9916188590803997,0.750007754484388,3.898890725909448,0.737472822629474,,0.9512929951526639,18.01982646017505
6.550000000000002,5.881243654147397,3.191342008615389,2.746830142848692,10.881406844521553,2.0086935941589643,1.3992922194732504,108.6750030517578,133.08000183105472,119.5510025024414,133.42300415039062,1.6336787928187213,0.8864838912820525,0.7252865527687015,-2.1026993559668767,0.7139590295845373,,1.0757703268042647,14.562815128947001
6.6000000000000005,5.9961617260675135,3.8954902590345015,2.904534208503478,10.851258341178553,2.090846920139799,1.4512865470606802,108.75700378417969,133.08500671386722,119.60299682617188,133.42300415039062,1.6656004794631982,1.0820806275095838,0.6384337328895521,3.911934724550709,0.6963060062442831,,1.0001451847424325,18.595892403532314
6.65,6.10716836117838,3.518948295824712,3.063602126032268,10.817123548546979,2.1759923293486048,1.502289067589878,108.84200286865234,133.08999633789062,119.65399932861328,133.42300415039062,1.6964356558828833,0.9774856377290866,0.6167035283937028,-2.0918997956099514,0.6922313835876233,,1.12384811459828,15.04551473713943
6.7,6.230454333632628,4.224025581041893,3.2237222145943214,10.788983659404943,2.261138634102124,1.5592882754812023,108.927001953125,133.09500122070312,119.71099853515624,133.42300415039062,1.7306817593423967,1.1733404391783036,0.6849220691902704,3.917096028984353,0.7035066139128433,,1.0421827775085533,19.35759954103723
6.75,6.363020547054173,3.848869590415892,3.3849204895513685,10.75585036591573,2.349278282880164,1.614288593753795,109.01499938964844,133.10000610351562,119.76599884033205,133.42300415039062,1.767505707515048,1.069130441782192,0.7364789634530293,-2.084199947922237,0.7249459581904677,,1.1845609239490367,15.401027045765344
6.800000000000002,6.502249633318702,4.556089605997683,3.5471434284052283,10.728690912747457,2.43847697341224,1.6762926837517536,109.10399627685548,133.10600280761722,119.8280029296875,133.42300415039062,1.8061804536996395,1.2655804461104676,0.7734949236918062,3.929000086565385,0.7478789489698285,,1.1008593213783269,19.845527759635107
6.8500000000000005,6.644585640649034,4.183273353084217,3.7105169100118975,10.696523581601733,2.529677754889603,1.7352908025588447,109.19499969482422,133.11199951171878,119.88700103759766,133.42300415039062,1.8457182335136204,1.162020375856727,0.7907555962796344,-2.071201405074858,0.7650302306760436,,1.2569332172606105,15.644874432567356
6.9,6.787400029475353,4.891177116621336,3.8747071265350814,10.669389884452317,2.6238126666858865,1.80229214572021,109.28900146484376,133.11700439453122,119.9540023803711,133.42300415039062,1.8853888970764867,1.3586603101725931,0.7934132712573289,3.9327986863173385,0.7731047870755363,,1.1657981449243695,20.255569175529203
6.95,6.928793281157853,4.518649239952048,4.039769294327712,10.638226017041092,2.719002962384653,1.8662875163807682,109.38400268554688,133.12300109863278,120.01799774169922,133.42300415039062,1.9246648003216258,1.2551803444311245,0.7855180649027843,-2.069599314829381,0.7724680400494245,,1.3308583940504395,15.889938928457713
7.0,7.067500218561097,5.2280289360239385,4.2055893986611625,10.61203972213776,2.81625560591972,1.937286662119155,109.4810028076172,133.1300048828125,120.08899688720705,133.42300415039062,1.9631945051558604,1.4522302600066495,0.7705940966846941,3.940998311510514,0.7655714743784461,0.04747422491162423,1.2280028121877329,20.76824775980424
7.050000000000002,7.20339186887668,4.856004870433519,4.372055684842975,10.581888069969816,2.9154360833417505,2.0062869142047157,109.58000183105469,133.13600158691406,120.15799713134766,133.42300415039062,2.0009421857990777,1.3488902417870885,0.7549536128643223,-2.066800364391153,0.7555644322438161,,1.3993860716973168,16.228347884959916
7.1000000000000005,7.3363819477520895,5.565924928165843,4.539099151756108,10.55674206375069,3.016611877259998,2.0822909426305483,109.68099975585938,133.14199829101562,120.23400115966795,133.42300415039062,2.0378838743755803,1.5460902578238451,0.7388337715300677,3.9440003207352166,0.7454611020193748,,1.2837637486894962,21.465360783169793
7.15,7.467196582146293,5.1969967642230595,4.706903998595943,10.526595571846318,3.1197831264603586,2.1552889961423864,109.78399658203124,133.14799499511722,120.30699920654295,133.42300415039062,2.0742212728184146,1.4436102122841832,0.7267479688566895,-2.049600910793246,0.7376685672555181,,1.4606762385147967,16.692426293103342
7.2,7.597237005008884,5.904900705841459,4.8749915110759,10.50242064833601,3.2250198023875063,2.2362902779078384,109.88899993896484,133.15499877929688,120.38800048828124,133.42300415039062,2.1103436125024677,1.640250196067072,0.7224467936810645,3.932799675657788,0.7336662995260175,,1.3341898667406316,22.34066012106787
7.25,7.727780467659839,5.5398967124521326,5.044094223279523,10.474278192285164,3.3311920948314846,2.3142932129973075,109.99500274658205,133.16099548339844,120.46600341796876,133.42300415039062,2.1466056854610662,1.53886019790337,0.7252414591719728,-2.0277999632740444,0.733832579030514,,1.5188886262340762,17.234362184661983
7.300000000000002,7.859679442786746,6.244020707657142,5.21288733344547,10.452116325463416,3.439413045757392,2.4002917481538626,110.10299682617188,133.16799926757812,120.552001953125,133.42300415039062,2.183244289662985,1.7344501965714283,0.7327720840383499,3.91179997336104,0.7375187351970255,,1.384872807956786,23.288816849830226
7.35,7.993392794605341,5.8837687257322075,5.382936870710268,10.424978631707859,3.549636397505395,2.483297861290552,110.21299743652344,133.17500305175778,120.63500213623048,133.42399597167972,2.2203868873903723,1.63438020159228,0.7428519545477764,-2.0013998995830455,0.7433341222555452,,1.5791011908367265,17.789559383467296
7.4,8.128875381008612,6.584508875697535,5.552270046617888,10.402816470445071,3.661854683083487,2.5732941992142804,110.3249969482422,133.1820068359375,120.7249984741211,133.42399597167972,2.2580209391690587,1.8290302432493153,0.7526810355737172,3.893000833140652,0.7494477253053133,,1.4387291125010804,24.24895010517934
7.45,8.265767332369935,6.22789267768343,5.723194390391028,10.376639166808555,3.7761407602270816,2.6612992685824985,110.43900299072266,133.19000244140622,120.81300354003906,133.42399597167972,2.2960464812138706,1.7299701882453973,0.7605108408962407,-1.9812011000783674,0.7537625661741914,,1.6429088641704541,18.330490060790883
7.5,8.403603379346555,6.924996632898151,5.892891160078447,10.355484906938104,3.892349322532909,2.7562928599923926,110.55500030517578,133.19700622558594,120.90799713134766,133.42399597167972,2.3343342720407096,1.923610175805042,0.7657558165367845,3.872799751192906,0.754204801911394,,1.495802545869095,25.21213846584681
7.550000000000002,8.541914055021039,6.571944550418688,6.0644851280769645,10.330324436922481,4.009618980839175,2.8482957315001665,110.6719970703125,133.20500183105472,121.0,133.42399597167972,2.3727539041725105,1.8255401528940798,0.7683926426359932,-1.9614004582191797,0.7497502121076987,,1.7088614360817769,18.877697491727385
7.6,8.680268069215911,7.265700695146301,6.2344627047750105,10.310178284262664,4.12982593646185,2.9482942057982746,110.79199981689452,133.21200561523438,121.0999984741211,133.42399597167972,2.4111855747821975,2.0182501930961947,0.76863341219377,3.8542008040424487,0.7421483896626604,,1.5539533618575,26.238196871089283
7.65,8.806024901344532,6.917292909182261,6.406492319270932,10.286019617714679,4.2510920135399966,3.0452943302802096,110.91300201416016,133.22000122070312,121.1969985961914,133.42399597167972,2.446118028151259,1.921470252550628,0.6986490673812175,-1.9355988109113067,0.7364891510526188,,1.7659572960672794,19.605198085436154
7.7,8.927227838710454,7.606693157290941,6.57667156441588,10.26786968533294,4.374352712758063,3.1502976874457924,111.03600311279295,133.22799682617188,121.302001953125,133.42399597167972,2.479785510752904,2.1129703214697058,0.6733496520329065,3.8300013783815694,0.7383868214491824,,1.5914141342209291,27.99117940999925
7.75,9.060011821494752,7.263505160340445,6.749032409204711,10.244721412669039,4.499608170550625,3.252295064976113,111.16100311279295,133.23599243164062,121.40399932861328,133.42399597167972,2.516669950415209,2.0176403223167902,0.7376887932461011,-1.9065999830583171,0.7487565623320157,,1.8148906694827418,20.528873531960496
7.800000000000002,9.20143368442804,7.947612668254485,6.919391605264443,10.22658257561835,4.6268594766132,3.3612962249383886,111.28800201416016,133.24400329589844,121.51300048828124,133.42399597167972,2.555953801230011,2.2076701856262457,0.7856770162960129,3.800597266188988,0.7604773525179447,,1.6469602751125236,29.36195817971174
7.85,9.348804939519653,7.611049081189195,7.092119640810143,10.204452547178835,4.756104835590305,3.4682984849797456,111.41699981689452,133.25199890136722,121.62000274658205,133.42399597167972,2.5968902609776814,2.114180300330332,0.8187291949534412,-1.86979770591835,0.7599079854275734,,1.8871948468673692,21.139487444219622
7.9,9.498877462951073,8.288712427991316,7.26253999603952,10.187324820281006,4.887345325502891,3.5822968984209567,111.5479965209961,133.25999450683594,121.73400115966795,133.42399597167972,2.6385770730419646,2.3024201188864764,0.8337362412856534,3.764796371122836,0.7322873576313579,,1.7192765047196958,30.30436125369132
7.95,9.639879174752481,7.958484859396418,7.4355992142108205,10.167197082955747,5.019591962450441,3.694296411618467,111.68000030517578,133.26800537109378,121.84600067138672,133.42399597167972,2.6777442152090227,2.2106902387212273,0.7833428433411643,-1.834597603304988,0.6684858144873681,,1.9614630856140047,21.768317821062826
8.0,9.755758375742266,8.630425021397048,7.606142053060707,10.150073437762831,5.154830664357855,3.8122926278524174,111.81500244140624,133.2760009765625,121.96399688720705,133.42399597167972,2.709932882150629,2.397340283721402,0.6437733388321322,3.7330009000035114,0.5709131493665907,-0.19465832501185543,1.7615421666604378,32.469574753265526
8.05,9.836374080025562,8.306604712293893,7.779608069248228,10.130972251650993,5.291059465237326,3.92929702365968,111.95099639892578,133.28399658203122,122.08100128173828,133.42399597167972,2.732326133340434,2.307390197859415,0.447865023796086,-1.79900171723972,0.4559237051534693,,1.963585526674987,23.8406145482559
8.1,9.879592560914695,8.97278478092925,7.950316477826521,10.116865967556015,5.428294512693147,4.052298122757021,112.08799743652344,133.29200744628906,122.2040023803711,133.42399597167972,2.7443312669207485,2.4924402169247912,0.24010267160629772,3.7010003813076056,0.3501078365620606,,1.7004139688518949,40.16206350754941
8.15,9.899995989662695,8.654688518734213,8.124056038781719,10.101758922501212,5.565528670297762,4.174292142424837,112.2249984741211,133.30000305175778,122.32599639892578,133.42399597167972,2.749998886017415,2.4040801440928368,0.11335238193333214,-1.7672014566390641,0.2807909696552899,,1.8602141545800681,29.201849104240264
8.200000000000001,9.920698687122632,9.314100840909973,8.294796807143621,10.092669482685094,5.702762827905054,4.302298124368028,112.36199951171876,133.30799865722656,122.4540023803711,133.42399597167972,2.7557496353118425,2.5872502335861034,0.11501498588854467,3.6634017898652806,0.26528600844132294,,1.5713026018008507,59.89380639491929
8.25,9.957766030907065,9.001980968161217,8.468644387925698,10.080580404375004,5.840994750687112,4.428297576046019,112.5,133.31599426269528,122.58000183105469,133.42399597167972,2.766046119696407,2.5005502689336714,0.20592968769129077,-1.7339992930486772,0.30476319241946187,,1.7467881112284145,37.96745109539351
8.3,10.020926551964127,9.655344804144804,8.639417601514731,10.074493722139099,5.980225339925983,4.561293182026768,112.63899993896484,133.32400512695312,122.71299743652344,133.42399597167972,2.7835907088789242,2.6820402233735563,0.3508917836503439,3.629799088797647,0.3854330896635615,,1.4819768787650682,99.19698268483185
8.35,10.112920684385589,9.349956631198527,8.813308356515664,10.065432111041767,6.120452865073764,4.692301387253344,112.77899932861328,133.33200073242188,122.84400177001952,133.42500305175778,2.8091446345515525,2.597210175332924,0.5110785134525762,-1.6966009608126782,0.48509312416168116,,1.702765846566364,47.490895247508746
8.4,10.229335132501284,9.997453083097119,8.984182422026244,10.062363163919182,6.261678226400412,4.830301876067697,112.91999816894531,133.33999633789062,122.98200225830078,133.42500305175778,2.8414819812503564,2.7770703008603106,0.6467469339760697,3.597202510547677,0.580907520043574,,1.471987403540934,156.1952917557545
8.450000000000001,10.362083159773444,9.69789710451625,9.158123646538224,10.055287468575397,6.404907797747222,4.9662958343925565,113.06300354003906,133.34800720214844,123.11799621582031,133.42500305175778,2.878356433270401,2.6938603068100693,0.7374890404008811,-1.6641998810048027,0.6551706837760424,,1.729264473805479,54.498393421842565
8.5,10.502041878713452,10.339740748755869,9.329055219274107,10.05323819799345,6.549126801774548,5.108301755353747,113.20700073242188,133.35600280761722,123.26000213623048,133.42500305175778,2.917233855198181,2.8721502079877412,0.7775484385556185,3.565798023553515,0.6976935841414249,,1.5112132115862758,222.94134140620068
8.55,10.640999070065677,10.047457203785463,9.503140468423268,10.04718990597708,6.696339640179362,5.249300596410925,113.35399627685548,133.36399841308594,123.4010009765625,133.42500305175778,2.9558330750182433,2.7909603343848506,0.7719843964012331,-1.62379747205779,0.7050232444488873,,1.7779007204660724,60.93536453470546
8.6,10.7734025631628,10.68339655615759,9.674201645946102,10.045138036819356,6.845556087398228,5.396296141402685,113.50299835205078,133.37199401855472,123.5479965209961,133.42500305175778,2.992611823100778,2.967610154488219,0.7355749616507069,3.5329964020674476,0.6779824202097862,,1.5482789758536177,401.61806844728284
8.65,10.896523736367918,10.396548668183472,9.848387660891024,10.041105757943829,6.995721032573893,5.542299865206971,113.65299987792969,133.37899780273438,123.69400024414062,133.42500305175778,3.0268121489910884,2.88793018560652,0.6840065178062007,-1.5935993776339648,0.6198428773505051,,1.8068035979589046,72.2943611225488
8.700000000000001,11.003159456803699,11.026764831024787,10.019654059902509,10.040072864472721,7.14892968883571,5.694300293012412,113.80599975585938,133.38699340820312,123.84600067138672,133.42500305175778,3.056433182445472,3.0629902308402186,0.5924206690876592,3.501200904673926,0.5367285075368065,,1.5497027143342286,inf
8.75,11.08371777270715,10.74675679033234,10.194131642119618,10.037047394080863,7.302139142175433,5.844301819498812,113.95899963378906,133.39500427246094,123.99600219726562,133.42500305175778,3.078810492418653,2.985210219536761,0.4475461994636294,-1.5556002260691824,0.4392575306780595,,1.7752022934895249,107.22164443153194
8.8,11.135213733521937,11.370385448367925,10.365635706541934,10.040027283955393,7.456296959689827,6.0012995007236825,114.11299896240234,133.40199279785156,124.15299987792969,133.42500305175778,3.0931149259783157,3.1584404023244232,0.2860886711932546,3.464603655753193,0.3422934078295749,,1.4646186108284556,inf
8.85,11.167377735331105,11.096784668470207,10.540318510269099,10.040013675073283,7.611453895009989,6.156298280575836,114.26799774169922,133.40899658203122,124.30799865722656,133.42500305175778,3.1020493709253065,3.0824401856861683,0.1786888989398199,-1.5200043327651316,0.2609540350873294,,1.650414415793235,511.7446801534091
8.9,11.190456256463346,11.715624832652248,10.712135685224618,10.047007881565873,7.766659550615,6.318300844612389,114.4229965209961,133.41700744628906,124.47000122070312,133.42500305175778,3.108460071239818,3.254340231292291,0.12821400629022855,3.4380009121224075,0.20495724394862053,,1.3072364803860852,inf
8.950000000000003,11.214145237556762,11.448433030186104,10.887189277791602,10.051994374401769,7.921823419557168,6.4782968778312755,114.5780029296875,133.42399597167972,124.62999725341795,133.42500305175778,3.115040343765767,3.1801202861628064,0.13160545051897243,-1.4843989025896203,0.17560974653841493,,1.4869142408436349,inf
9.0,11.242887731580527,12.060253102701044,11.059240513186117,10.061998247217455,8.077978793309223,6.644297244600138,114.73400115966795,133.43099975585938,124.7959976196289,133.42500305175778,3.12302436988348,3.3500703063058452,0.15968052235426652,3.39900040286097,0.1677978918826523,-0.4031152574839384,1.1418973037854392,inf
9.05,11.273433679335273,11.79856905549493,11.234351698357065,10.071006287108414,8.234092239938118,6.809298160595678,114.88999938964844,133.43699645996094,124.96099853515624,133.42500305175778,3.131509355370909,3.277380293193036,0.16969970974858065,-1.4538002622561634,0.17524109142679034,,1.3290322446951475,inf
9.1,11.303875217861231,12.403800764315779,11.406392119172885,10.085024606724694,8.391246064987262,6.980303410176747,115.0469970703125,133.44400024414062,125.13200378417969,133.42500305175778,3.139965338294786,3.4455002123099385,0.1691196584775448,3.3623983823381214,0.19478367738042085,,0.9788148558469909,inf
9.15,11.336551655658395,12.148129157043126,11.58155016805885,10.098030504533924,8.548365853197932,7.150301579560548,115.2040023803711,133.44999694824222,125.302001953125,133.42500305175778,3.1490421265717763,3.3744803214008683,0.18153576553980164,-1.4203978181813846,0.22666131058133482,,1.1688264285410876,inf
9.2,11.379266819117225,12.746917555939575,11.753565440550327,10.116047920202886,8.706518142169989,7.326296453157911,115.36199951171876,133.45700073242188,125.47799682617188,133.42500305175778,3.1609074497547844,3.5408104322054372,0.237306463660168,3.32660221609145,0.271344634100585,,0.8228779289188717,inf
9.25,11.436107350083839,12.497005188122962,11.928590280329392,10.133070795762944,8.864629033553873,7.5013023158444945,115.5199966430664,133.46299743652344,125.65299987792969,133.42599487304688,3.1766964861343996,3.471390330034156,0.3157807275922985,-1.3884020434256052,0.3262959841801038,,1.0352044009967072,inf
9.3,11.507834870635287,13.08988929382215,12.100540664874814,10.154090373297011,9.024745030095634,7.682302072239127,115.68000030517578,133.468994140625,125.83399963378906,133.42599487304688,3.196620797398691,3.6360803593950415,0.39848622528582,3.2938005872176634,0.38536052680796684,,0.7085597094495935,inf
9.35,11.5925408654361,12.846852822894075,12.275547480317199,10.173117410471477,9.184819323274711,7.861302927109119,115.83999633789062,133.4739990234375,126.01300048828124,133.42599487304688,3.220150240398916,3.568570228581687,0.4705888600045161,-1.3502026162671155,0.4407681311972804,,0.9462272604115451,inf
9.4,11.686658596691176,13.43440941747918,12.447425938799892,10.197141583317856,9.346932836078707,8.047299936916362,116.0019989013672,133.47999572753906,126.1989974975586,133.42599487304688,3.246294054636438,3.731780393744217,0.5228762847504257,3.2642033032505484,0.4858669136585606,,0.633644496981967,inf
9.45,11.78611248727385,13.1982127943865,12.622403915219932,10.218178463432269,9.510045119740155,8.231305674569867,116.16500091552734,133.48599243164062,126.38300323486328,133.42599487304688,3.273920135353847,3.6661702206629165,0.5525216143481988,-1.312203461626035,0.5169435605866172,,0.8855573376498587,inf
9.5,11.887057997260387,13.779001638895993,12.794278768839428,10.245201329236501,9.674122934582893,8.422299937783434,116.3290023803711,133.49099731445312,126.5739974975586,133.42599487304688,3.301960554794552,3.8275004552488867,0.5608083888140856,3.226604691719358,0.53365522814629,,0.5748234288423504,inf
9.55,11.986859765347312,13.547413265889485,12.96916318987888,10.268243204582985,9.840231579881346,8.611302928834391,116.49500274658205,133.49699401855472,126.76300048828124,133.42599487304688,3.329683268152031,3.763170351635968,0.5544542671495744,-1.2866020722583555,0.5384234561639565,,0.8295720011647738,inf
9.6,12.08422190075076,14.121721034640752,13.14095521691138,10.296278143317387,10.007306376590341,8.806302624166932,116.66200256347656,133.50199890136722,126.95800018310548,133.42599487304688,3.3567283057641,3.922700287400209,0.540900752241396,3.190598715284884,0.5353653413570164,,0.5113344010472645,inf
9.65,12.178646238801761,13.89736904757341,13.31587920596441,10.32131705802397,10.176379188202654,9.000302868616584,116.83100128173828,133.50700378417972,127.1520004272461,133.42599487304688,3.3829572885560446,3.8603802909926137,0.5245796558388808,-1.2463999281518845,0.5292050495094226,,0.7614549256462713,inf
9.7,12.270555601070102,14.464873875410742,13.487674837911527,10.352354583370117,10.34545154881247,9.200299817362168,117.0,133.51199340820312,127.35199737548828,133.42599487304688,3.408487666963917,4.018020520947428,0.5106075681574593,3.1528045990963576,0.5243464295714901,,0.43421576100494264,inf
9.75,12.361671161356869,14.246605568112967,13.662634875910527,10.379387051838128,10.517495429432996,9.399307492786948,117.1719970703125,133.51600646972656,127.5510025024414,133.427001953125,3.4337975448213522,3.957390435586935,0.5061975571486971,-1.2126017072098443,0.5241134284042627,,0.6820383646085642,inf
9.8,12.454175392867588,14.808890173026334,13.834534963830945,10.411419781390675,10.689572485048243,9.603302244281693,117.34400177001952,133.52099609375,127.75499725341795,133.427001953125,3.459493164685441,4.113580603618426,0.5139123972817676,3.1238033606297755,0.5301803798696414,,0.35045133709343634,inf
9.85,12.549798827586882,14.598577514109204,14.009707432952455,10.441461724302982,10.863614378244963,9.80730462492662,117.51799774169922,133.52499389648438,127.95899963378906,133.427001953125,3.486055229885245,4.0551604205858895,0.5312413039960908,-1.1684036606507568,0.542287435094901,,0.6018216311361284,inf
9.9,12.649686771856675,15.149088721880114,14.181175363392551,10.476511858870923,11.038688982275787,10.017311339240022,117.69300079345705,133.52999877929688,128.16900634765622,133.427001953125,3.5138018810712985,4.208080200522254,0.5549330237210636,3.05839559872724,0.5583211061650837,,0.2777841087964372,inf
9.95,12.75437745213005,14.950081683189053,14.356362252272804,10.50854031272967,11.214736882838283,10.225303893242891,117.86900329589844,133.53399658203122,128.37699890136722,133.427001953125,3.5428826255916808,4.152800467552515,0.581614890407657,-1.1055946593947987,0.5748999661154999,,0.5345115068427546,inf
10.0,12.863690079224078,15.489541329512226,14.527416221334427,10.545582284288868,11.392775547619095,10.44030023151574,118.0469970703125,133.53799438476562,128.59199523925778,133.427001953125,3.5732472442289103,4.302650369308951,0.6072923727445814,2.9969980351286836,0.5887440855229703,0.42094619364031804,0.22026202851172272,inf
10.05,12.976875148293814,15.300181661077255,14.702693060853205,10.578620460438296,11.572820582336213,10.653297668334694,118.22699737548828,133.54200744628906,128.80499267578122,133.427001953125,3.604687541192726,4.250050461410349,0.6288059392763046,-1.0519981579720323,0.5986108540574145,,0.48312020171930925,inf
10.1,13.083184642177436,15.82869789330945,14.873390746720073,10.61666068436246,11.753845044891241,10.872307068086887,118.40799713134766,133.54499816894528,129.02400207519528,133.427001953125,3.634217956160399,4.396860525919291,0.5906082993534715,2.936201290178913,0.6062678754040559,,0.16691201755589802,inf
10.15,13.186595568912733,15.652224845066561,15.048876326469385,10.6527066133066,11.935888154096197,11.090309387697824,118.58999633789062,133.54899597167972,129.24200439453122,133.427001953125,3.6629432135868703,4.347840234740711,0.574505148529419,-0.9804058235715946,0.6149096082200107,,0.41466514379817365,inf
10.2,13.299812368214194,16.16875396250401,15.219264335178714,10.69273200479212,12.119918443139953,11.314308411451414,118.77400207519531,133.552001953125,129.46600341796878,133.427001953125,3.694392324503943,4.4913205451400025,0.6289822183414674,2.86960620798589,0.6262620559294544,,0.10767036192693524,inf
10.25,13.420626851181655,16.003298141354684,15.39493359250289,10.729759677837551,12.305939495395439,11.537300355055649,118.95999908447266,133.55499267578122,129.68899536132812,133.427001953125,3.7279519031060153,4.4453605948207455,0.6711915720414379,-0.9191990063851254,0.6398448709313025,,0.36919266041374144,inf
10.3,13.536836232299544,16.509168803936316,15.564961455593886,10.771780638965836,12.492967742888085,11.766306409399702,119.14700317382812,133.55799865722656,129.91799926757812,133.42799377441406,3.7602322867498734,4.585880223315643,0.6456076728771528,2.810392569897906,0.6550619341142105,,0.06709574886574732,inf
10.35,13.651108033042185,16.35562971598878,15.74066667578185,10.810815839594694,12.681987007853706,11.994303235782194,119.33599853515624,133.56100463867188,130.14599609375,133.42799377441406,3.791974453622829,4.54323047666355,0.6348433374591214,-0.8529949330418778,0.6725511394702492,,0.3168056893431519,inf
10.4,13.775636874730631,16.848433514076113,15.910601155001448,10.852849555887472,12.873012312993998,12.227304945070449,119.5270004272461,133.56399536132812,130.37899780273438,133.42799377441406,3.8265657985362864,4.680120420576698,0.6918268982691423,2.7377988782629323,0.6925488829234919,,0.027781319827892226,inf
10.45,13.90695014115092,16.70626870933979,16.08621985761652,10.89387185287942,13.065024060638775,12.460306654231744,119.71900177001952,133.56599426269528,130.61199951171878,133.42799377441406,3.8630417058752555,4.64063019703883,0.7295181467793976,-0.7898044707573773,0.7128388555060161,,0.2907898188546687,inf
10.5,14.042451917913745,17.18622193637651,16.25588791830295,10.93791302257588,13.259047591818485,12.698313246322124,119.91300201416016,133.56900024414062,130.85000610351562,133.42799377441406,3.9006810883093737,4.773950537882364,0.7527876486823519,2.666406816870628,0.7293873687240264,,0.018590925808048553,inf
10.55,14.179259708442403,17.056082011858827,16.431477953381105,10.977936483049323,13.456056328955286,12.935312758193305,120.11000061035156,133.57099914550778,131.08700561523438,133.42799377441406,3.938683252345112,4.737800558849674,0.7600432807147576,-0.7229995806537811,0.7389069518598606,,0.2822398691778636,inf
10.6,14.315177920764894,17.523902212128096,16.600998385262972,11.022956963457474,13.654064465589093,13.178308974291928,120.30799865722656,133.572998046875,131.33000183105472,133.42799377441406,3.9764383113235815,4.867750614480027,0.7551011795694046,2.599001112607111,0.7406170617756618,,0.015652683580055005,inf
10.65,14.448729825962578,17.406434331168267,16.77641933387314,11.065971269457952,13.85407903176476,13.421305190241632,120.50800323486328,133.57499694824222,131.572998046875,133.42799377441406,4.013536062767383,4.8351206475467405,0.7419550288760118,-0.6525993386657176,0.7361435025549744,,0.26946671024841695,inf
10.7,14.579553965688788,17.86186916252012,16.94573085387475,11.112006728380637,14.055085369943088,13.668314467854016,120.70899963378906,133.57699584960938,131.82000732421878,133.42799377441406,4.049876101580219,4.961630322922255,0.7268007762567463,2.530193507510337,0.7283928079954083,,0.002923817497926251,inf
10.75,14.708053166454796,17.7585135642328,17.12125239616256,11.155021395417775,14.25909754311854,13.915308486516288,120.91300201416016,133.57899475097656,132.06700134277344,133.42799377441406,4.0855703240152215,4.932920434509111,0.7138844487000361,-0.5741977682628726,0.7204399500237648,,0.2428799058191018,inf
10.8,14.834922163340735,18.067574463591694,17.2770929621281,11.200023086070447,14.464094218517364,14.165310540358051,121.11799621582031,133.58000183105472,132.31700134277344,133.42900085449222,4.120811712039093,5.018770684331026,0.7048277604774256,1.7170049964382739,0.7148363179669992,,0.10276747916319096,inf
10.85,14.961108033512255,18.242678144242202,17.465797804953446,11.245044200952464,14.67110460190402,14.417309443729152,121.3249969482422,133.58200073242188,132.56900024414062,133.42900085449222,4.155863342642293,5.0674105956228335,0.7010326120640159,0.9727982258361786,0.7132819563002848,,0.08436273983408782,inf
10.9,15.088037619079245,18.95374911644652,17.676329365190483,11.293057407575109,14.880106589055893,14.674313231211213,121.53399658203124,133.58299255371094,132.82600402832028,133.42900085449222,4.191121560855346,5.264930310124034,0.705164364261045,3.950394290023948,0.7164916927223006,,0.0,inf
10.95,15.216956414728918,17.93919751790884,17.799622246047388,11.332061360277162,15.091115156864687,14.924313236468446,121.74500274658205,133.58399963378906,133.07600402832028,133.42900085449222,4.226932337424699,4.983110421641345,0.716215531387083,-5.636397769653896,0.7241799865292209,,0.6648035325013062,inf
11.0,15.348654638110151,18.75510243105166,17.956510295514907,11.380067171627708,15.30311553471918,15.184307744090644,121.95700073242188,133.58500671386722,133.33599853515622,133.42900085449222,4.2635151772528195,5.209750675292128,0.7316567965623906,4.532805073015591,0.7352001167910744,0.14645603126810414,0.05014149745148444,inf
11.05,15.483496319412895,18.840385606881078,18.13494065501713,11.428088041523585,15.517114720333922,15.446316412728946,122.1709976196289,133.58599853515622,133.59800720214844,133.42900085449222,4.300971199836916,5.233440446355855,0.749120451681911,0.4737954212745454,0.7478483751429246,,0.12814660479518203,inf
11.1,15.62124847317379,19.191421268176274,18.301692560621948,11.477085601909707,15.73411992583286,15.712307635331616,122.38800048828124,133.58700561523438,133.86399841308594,133.42900085449222,4.339235686992719,5.330950352271187,0.7652897431160873,1.9501981183066757,0.7602582280195052,,0.0,inf
11.15,15.761349030932696,19.192861392363497,18.48033526674147,11.526090590548186,15.952124501347551,15.979305936912215,122.6060028076172,133.58799743652344,134.13099670410156,133.42900085449222,4.378152508592415,5.331350386767638,0.7783364319939134,0.008000689929019585,0.7707707812667317,,0.11843468376840072,inf
11.2,15.903038834081604,19.53918129597336,18.64806648008679,11.5770882637271,16.172118092656472,16.250302042615605,122.82599639892578,133.58799743652344,134.40199279785156,133.42900085449222,4.41751078724489,5.4275503599926,0.7871655730495054,1.9239994644992875,0.7782126464272863,,0.0,inf
11.25,16.045379585650494,19.54224194969018,18.82643931863253,11.627100436568856,16.394120498971205,16.522305220999275,123.0479965209961,133.58900451660156,134.67399597167972,133.42900085449222,4.457049884902915,5.428400541580605,0.790781953160493,0.017003631760097206,0.7820647227503355,,0.11905112474881463,inf
11.3,16.187328667708048,19.883521992129573,19.008034071486314,11.67907631446548,16.618127151803492,16.798307982741264,123.27200317382812,133.58900451660156,134.94999694824222,133.42999267578122,4.496480185474458,5.523200553369326,0.7886060114308501,1.896000235774382,0.782509554940052,,0.0,inf
11.35,16.328307080400894,19.890074429196147,19.17277369998171,11.730081739027328,16.84412507660826,17.075316039504443,123.4980010986328,133.58900451660156,135.22700500488278,133.42999267578122,4.535640855666915,5.525020674776708,0.7832134038491556,0.036402428147646826,0.7802881484901139,,0.11980678193876493,inf
11.4,16.46802941696173,20.230094514687842,19.30040823980584,11.783070666096506,17.072121902780136,17.356306640118383,123.72599792480469,133.58900451660156,135.50799560546878,133.42999267578122,4.574452615822703,5.619470698524401,0.7762352031157495,1.88900047495383,0.7762920801286608,,0.0,inf
11.45,16.606700379447698,20.237294122335204,19.53021790024848,11.834068543390146,17.302125259713808,17.637312500290975,123.95600128173828,133.58900451660156,135.78900146484378,133.42999267578122,4.612972327624361,5.621470589537556,0.7703942360331681,0.039997820263107685,0.7709359899372736,,0.11533992935740223,inf
11.5,16.744697453438413,20.575406965637,19.71224835370701,11.888072173041095,17.533120437936464,17.92231616286801,124.18699645996094,133.58900451660156,136.07400512695312,133.42999267578122,4.651304848177337,5.715390823788056,0.7666504110595154,1.8784046850099667,0.7636510867478872,,0.0,inf
11.55,16.882590906172368,20.5827867424078,19.886488467259685,11.941053597846615,17.767121597604433,18.209303469434914,124.4209976196289,133.58900451660156,136.36099243164062,133.42999267578122,4.68960858504788,5.717440761779945,0.7660747374108536,0.04099875983777976,0.7531915481892236,,0.10921826949320845,inf
11.6,17.020915112732332,20.919818055569976,20.05932814599905,11.995057313828664,18.00312165863961,18.499312015115734,124.65699768066406,133.58900451660156,136.6510009765625,133.42999267578122,4.728031975758981,5.81106057099166,0.76846781422203,1.8723961842343373,0.7391408479312773,,0.0,inf
11.65,17.148868761272695,20.92802691357932,20.23284469812064,12.049040195135962,18.240123310037305,18.790312383116163,124.8939971923828,133.58799743652344,136.94200134277344,133.42999267578122,4.763574655909082,5.813340809327589,0.7108536030020117,0.04560476671858928,0.7237867227155474,,0.09037277872363347,inf
11.7,17.271567562761422,21.265022168071326,20.40542878533044,12.10501442553914,18.479129352517848,19.08531227154947,125.13300323486328,133.58799743652344,137.23699951171878,133.43099975585938,4.797657656322618,5.906950602242035,0.6816600082707293,1.8721958582889586,0.7127230456860989,,0.0,inf
11.75,17.395452968065015,21.274346819454838,20.578639272306898,12.160017753678485,18.72012666697102,19.381317521739863,125.3740005493164,133.58799743652344,137.53300476074222,133.43099975585938,4.832070268906949,5.9095407831819,0.6882522516866176,0.051803618797289605,0.7133291526742325,,0.04322592633500655,inf
11.8,17.51314754304074,21.61004605017056,20.751291678111,12.216991897069054,18.963124906908178,19.681305314890693,125.61699676513672,133.58700561523438,137.83299255371094,133.43099975585938,4.864763206400206,6.002790569491822,0.6538587498651345,1.8649957261984176,0.7315345969945594,,0.0,inf
11.85,17.641569859253952,21.620198115225254,20.92430404671391,12.272974347384505,19.20713028106969,19.9813083673246,125.86100006103516,133.58599853515622,138.13299560546878,133.43099975585938,4.900436072014987,6.00561058756257,0.7134573122956286,0.05640036141496672,0.7680167603367343,,0.0,inf
11.9,17.790870420528524,21.955250202740803,21.096819615519205,12.331975401235711,19.453132478335345,20.286316301935862,126.10700225830078,133.58599853515622,138.43800354003906,133.43099975585938,4.941908450146812,6.098680611872445,0.829447562636491,1.8614004861974733,0.81603110140012,,0.0,inf
11.95,17.955073746209102,21.965546469349803,21.269644850220665,12.388957756733868,19.702135002960134,20.592316058192985,126.3560028076172,133.58500671386722,138.74400329589844,133.43099975585938,4.987520485058083,6.101540685930501,0.9122406982254477,0.057201481161116674,0.8632428814818304,,0.03805675471871339,inf
12.0,18.12759613464719,22.299086233104568,21.442012776967424,12.44693190787736,19.953136509141945,20.90130653671238,126.60700225830078,133.58399963378906,139.05299377441406,133.43099975585938,5.035443370735331,6.194190620306824,0.958457713544942,1.8529986875264461,0.897066315319246,0.16186619852817152,0.0,inf
12.05,18.301494212188505,22.310642498844558,21.614798352611093,12.503929806829028,20.206134891291804,21.2113209901256,126.86000061035156,133.58399963378906,139.36300659179688,133.4320068359375,5.083748392274584,6.1974006941234885,0.966100430785048,0.06420147633328008,0.9098258402230706,,0.129825566920994,inf
12.1,18.470841944984084,22.643246715391044,21.787141218593206,12.562911434457558,20.461134138229987,21.52531635145381,127.11499786376952,133.58299255371094,139.677001953125,133.4320068359375,5.130789429162245,6.289790754275289,0.9408207377532408,1.8478012030360562,0.9006932532720189,,0.0,inf
12.15,18.631589292997585,22.655414095573477,21.95987993679262,12.619894715545232,20.719139279686033,21.840318793082012,127.3730010986328,133.58200073242188,139.99200439453122,133.4320068359375,5.175441470277107,6.293170582103743,0.8930408222972248,0.06759655656907075,0.8744802431146866,,0.20161709725393528,inf
12.2,18.782109307481786,22.98787412059722,22.132165132045213,12.678876801143966,20.97914336645855,22.159319037224684,127.63300323486328,133.58099365234378,140.31100463867188,133.4320068359375,5.217252585411607,6.385520589054783,0.8362223026900218,1.8470001390208461,0.8390806390109498,,0.028673377415358914,inf
12.25,18.923086199952987,23.00202247296552,22.304932697396275,12.7368599080116,21.24113865260552,22.479311102844267,127.8949966430664,133.58000183105472,140.63099670410156,133.4320068359375,5.256412833320274,6.389450686934866,0.7832049581733247,0.07860195760166167,0.802951111244575,,0.21709173588953412,inf
12.3,19.056932321830853,23.333797570792647,22.477307849458484,12.796849456231554,21.50514051319402,22.803316229802782,128.15899658203122,133.57899475097656,140.9550018310547,133.4320068359375,5.2935923116196815,6.481610436331291,0.7435895659881347,1.8431949879284653,0.7731935221619375,,0.01789001598984008,inf
12.35,19.187069020203076,23.34981874940252,22.65026991287621,12.855836059934068,21.771146983629478,23.128313178216754,128.42500305175778,133.57899475097656,141.27999877929688,133.4320068359375,5.3297413945008545,6.4860607637229215,0.7229816576234759,0.08900654783261265,0.7544181287688119,,0.1907374053483064,inf
12.4,19.316773577064986,23.67993903224928,22.822738795827053,12.915822549839964,22.039138931853685,23.45631760745451,128.6929931640625,133.5780029296875,141.60800170898438,133.43299865722656,5.365770438073607,6.577760842291466,0.7205808714550419,1.834001571370872,0.7483858942646006,,0.0,inf
12.45,19.448710522179006,23.697578976485485,22.995942046540627,12.976796889061685,22.30815326848421,23.786319438655962,128.96200561523438,133.57699584960938,141.93800354003906,133.43299865722656,5.402419589494168,6.582660826801523,0.7329830284112383,0.09799969020113362,0.7542722794223,,0.16006669608505675,inf
12.5,19.585182194905276,24.02762544665492,23.16879596789566,13.03877863413798,22.579151177496463,24.119311992382322,129.23300170898438,133.57600402832028,142.27099609375,133.43299865722656,5.440328387473688,6.674340401848589,0.7581759595903818,1.8335915009412946,0.7692967944929854,,0.0,inf
12.55,19.727234252445733,24.04447403084485,23.34217912109569,13.099768664858773,22.853155103596887,24.454318706370483,129.50700378417972,133.57499694824222,142.6060028076172,133.43299865722656,5.479787292346037,6.679020564123569,0.7891780974469741,0.09360324549959254,0.7895143323013105,,0.1552230606014131,inf
12.6,19.87472072673764,24.37261506117016,23.5151159556736,13.162757858625795,23.12815078878561,24.792316142917198,129.78199768066406,133.57400512695312,142.94400024414062,133.43299865722656,5.520755757427122,6.7701708503250435,0.8193693016217193,1.823005724029535,0.8106639610223543,,0.0,inf
12.65,20.026599713446334,24.3901829054722,23.688592836663474,13.22474007797541,23.40516067613468,25.13132065961704,130.05900573730472,133.572998046875,143.2830047607422,133.43299865722656,5.562944364846204,6.775050807075611,0.8437721483816198,0.09759913501134893,0.8289762330453467,,0.1838640790981323,inf
12.7,20.18117880771499,24.71666568884007,23.861471993487765,13.288747128508618,23.68415237538973,25.474322978984553,130.33799743652344,133.572998046875,143.62600708007812,133.43299865722656,5.605883002143052,6.865740469122241,0.8587727459369893,1.8137932409326427,0.8417995511833583,,0.011377486414856364,inf
12.75,20.336657305888245,24.735387097559947,24.034808455947214,13.350719352159052,23.966151800248486,25.81831859385644,130.6199951171875,133.57200622558594,143.97000122070312,133.43400573730472,5.649071473857846,6.870940860433318,0.8637694342958523,0.10400782622154232,0.8479269385319821,,0.2306939654675606,inf
12.8,20.491306649098057,25.061042474073762,24.207532946275315,13.414685730701432,24.250165426582036,26.166310537256784,130.90400695800778,133.57099914550778,144.3179931640625,133.43400573730472,5.69202962474946,6.961400687242712,0.8591630178322751,1.8091965361878435,0.8475904987950867,,0.057285840981137426,inf
12.85,20.64404880570444,25.081490796029588,24.380700150938026,13.476684184850892,24.53616262978091,26.514317739473704,131.19000244140622,133.57000732421878,144.66600036621094,133.43400573730472,5.734458001584566,6.9670807766748855,0.8485675367021454,0.1136017886434739,0.842179290848631,,0.27340268573422577,inf
12.9,20.794235016598442,25.40725431990868,24.55343167970397,13.541683332197573,24.82415701455137,26.86731456569509,131.47799682617188,133.57000732421878,145.0189971923828,133.43400573730472,5.776176393499568,7.057570644419078,0.8343678383000134,1.8097973548838295,0.8337883823379139,,0.09055908354252651,inf
12.95,20.941903118903397,25.4285660985621,24.72653039191163,13.604658421000178,25.11416730805685,27.220311391926533,131.76800537109378,133.56900024414062,145.3719940185547,133.43400573730472,5.8171953108064995,7.063490582933917,0.8203783461386569,0.11839877029677734,0.8247164410705227,,0.3005496275908044,inf
13.0,21.087588695997965,25.753790606328817,24.899146907879015,13.670654801002225,25.406161232261173,27.578313100967595,132.05999755859378,133.5679931640625,145.72999572753906,133.43400573730472,5.8576635266661015,7.153830723980227,0.8093643171920268,1.8068028209261753,0.8170102595520958,-0.08005605576715014,0.10872931374935746,inf
13.05,21.23216005636536,25.77614608583847,25.072314113378376,13.734637462806687,25.70016757991871,27.93631618388689,132.35400390625,133.5679931640625,146.08799743652344,133.43499755859378,5.897822237879266,7.160040579399575,0.803174224263283,0.12419710838695687,0.8121282260372491,,0.31522318640449143,inf
13.1,21.376587995023765,26.098454067549426,25.244898014016304,13.800634382007086,25.99615923187659,28.298315695668613,132.64999389648438,133.56700134277344,146.4499969482422,133.43499755859378,5.937941109728824,7.249570574319285,0.8023774369911678,1.7905998983942366,0.8107661025513397,,0.12269135617789928,inf
13.15,21.521735242746548,26.12084731225988,25.41796445469507,13.866616089552824,26.294165083934377,28.662314108795414,132.947998046875,133.56599426269528,146.81399536132812,133.43499755859378,5.978259789651819,7.255790920072188,0.8063735984598949,0.1244069150580689,0.8128524623895248,,0.3329186172625427,inf
13.2,21.66828693614517,26.442470365730532,25.590544922384108,13.932607421477936,26.594168135692385,29.02831142331881,133.24800109863278,133.56599426269528,147.17999267578125,133.43499755859378,6.018968593373658,7.34513065714737,0.8141760744367939,1.7867947415036616,0.8176867644091379,,0.14238227767393496,inf
13.25,21.816567540712647,26.46597769265672,25.763603981893787,13.999596571210525,26.89617171746076,29.39731471925213,133.55000305175778,133.56500244140622,147.5489959716797,133.43499755859378,6.060157650197957,7.351660470182422,0.8237811364859721,0.13059626070104172,0.8241716973571838,,0.3592394649792041,inf
13.3,21.966539301284985,26.786342468487927,25.93613398133521,14.065603259957163,27.20116439324201,29.76831691659387,133.85499572753906,133.56500244140622,147.9199981689453,133.43499755859378,6.101816472579163,7.44065068569109,0.8331764476241036,1.7798043101733465,0.8310812745042544,,0.17385922330593573,inf
13.35,22.11798770585461,26.811253985775533,26.1091103003098,14.132592526001506,27.507165806304588,30.14131801525764,134.16099548339844,133.56399536132812,148.29299926757812,133.43499755859378,6.143885473848503,7.447570551604315,0.8413800253868156,0.13839731826449447,0.8373059018077362,,0.39718408845642017,inf
13.4,22.27040962077503,27.131799006217843,26.28156476894071,14.200589016908538,27.81516446353115,30.517326444073163,134.468994140625,133.56399536132812,148.66900634765625,133.43600463867188,6.1862248946597305,7.536610835060512,0.8467884162245434,1.780805669123914,0.8420304190579819,,0.21356171372605104,inf
13.45,22.42333479384417,27.1579705180151,26.454505210886012,14.267563529762272,28.126170683701922,30.89531716675621,134.77999877929688,133.56300354003906,149.0469970703125,133.43600463867188,6.228704109401158,7.543880699448639,0.8495842948285673,0.14539728776254845,0.8448273759826295,,0.44079051361634214,inf
13.5,22.576260260328286,27.476750859695567,26.626801236222683,14.335554013114688,28.43917422374104,31.27631387094441,135.09300231933594,133.56300354003906,149.42799377441406,133.43600463867188,6.271183405646746,7.6324307943598795,0.8495859249117522,1.7710018982247815,0.8456702861749249,,0.2584140768765266,inf
13.55,22.728753437051896,27.50411026850311,26.799597654489144,14.403559779667829,28.75417666514731,31.659324735226477,135.40800476074222,133.56300354003906,149.81100463867188,133.43600463867188,6.313542621403304,7.640030630139752,0.8471843151311433,0.15199671559745337,0.8448819832647424,,0.4863489582229903,inf
13.6,22.88063577169304,27.822243446931292,26.97197659242733,14.47254855234302,29.071179607610716,32.045326322230956,135.72500610351562,133.56199645996094,150.19700622558594,133.43600463867188,6.355732158803622,7.728400957480915,0.843790748006388,1.767406546823287,0.8430342885083062,,0.3009843150122471,inf
13.65,23.031797387327305,27.849927295608047,27.14488459076215,14.540539151787529,29.390179851751355,32.432319730455625,136.04400634765622,133.56199645996094,150.58399963378906,133.43600463867188,6.397721496479807,7.736090915446679,0.839786753523685,0.15379915931528879,0.8408120372991887,,0.5291823989006588,inf
13.7,23.182384180031523,28.166185931729373,27.317256147362038,14.61054386067218,29.711178997259182,32.82332620027806,136.36500549316406,133.56199645996094,150.97500610351562,133.43600463867188,6.4395511611198675,7.8239405365914925,0.8365932928012222,1.7569924228963016,0.8388573582176508,,0.34210784062250355,inf
13.75,23.332682813409505,28.195237922047163,27.49018217030108,14.679524659978476,30.034178566909887,33.215325746047924,136.68800354003906,133.56100463867188,151.36700439453125,133.43699645996094,6.48130078150264,7.83201053390199,0.8349924076554475,0.16139994620994128,0.8375897438552349,,0.5697971773324682,inf
13.8,23.482981663383605,28.510346427210628,27.662582566173352,14.750521284450992,30.359175515152067,33.61132183989345,137.01300048828122,133.56100463867188,151.76300048828125,133.43699645996094,6.5230504620510015,7.919540674225174,0.8349936109672088,1.750602806463661,0.8369667349190765,,0.381765935920356,inf
13.85,23.633569174043284,28.53947051494854,27.83540421909065,14.819519101377649,30.687178444839624,34.00832501373812,137.34100341796878,133.56100463867188,152.16000366210938,133.43699645996094,6.564880326123134,7.927630698596817,0.8365972814426749,0.16180048743285613,0.8362049680610579,,0.6128481110333261,inf
13.9,23.784661437351694,28.855298281451844,28.00775414661405,14.89051577315318,31.016173195816194,34.408318910320396,137.66999816894528,133.56100463867188,152.55999755859375,133.43699645996094,6.606850399264359,8.015360633736623,0.839401462824482,1.7545987027961125,0.8337471477421816,,0.4231154369767509,inf
13.95,23.936437113701693,28.887986059876038,28.180755700800148,14.960520680886493,31.348173928238076,34.810326966976014,138.00199890136722,133.56100463867188,152.96200561523438,133.43699645996094,6.649010309361581,8.024440572187789,0.8431982019444642,0.18159876902331393,0.8281210898966412,,0.6540859020925254,inf
14.0,24.088860116074056,29.20291603677129,28.35337221850772,15.032500912507324,31.681181740738076,35.215326998490525,138.33500671386722,133.56100463867188,153.36700439453125,133.43800354003906,6.691350032242793,8.111921121325357,0.8467944576242261,1.7496109827513457,0.8198666393856473,0.00285637983355147,0.4660449008608225,inf
14.05,24.231635886256285,29.235854440931835,28.526546635750595,15.102490645641925,32.017180275894326,35.62131759908941,138.67100524902344,133.56100463867188,153.7729949951172,133.43800354003906,6.731009968404523,8.12107067803662,0.7931987232345847,0.18299113422525176,0.8129759148041296,,0.6827809647619496,inf
14.1,24.3658081190194,29.549558756438543,28.699278166701326,15.174494494577171,32.355177712417806,36.031321261301024,139.00900268554688,133.56100463867188,154.18299865722656,133.43800354003906,6.768280033060944,8.208210765677373,0.7454012931284363,1.742801752815099,0.8134252254693404,,0.460103538437874,inf
14.15,24.509591752958755,29.583616392546922,28.87264707639521,15.246498365656018,32.6951740503085,36.44332382478861,139.3489990234375,133.56100463867188,154.59500122070312,133.43800354003906,6.808219931377431,8.217671220151923,0.798797966329736,0.18920908949098433,0.8249130834599094,,0.6795066626941519,inf
14.2,24.661764585795034,29.89537406754087,29.045565889976352,15.320485837824586,33.036177468277266,36.85831711102927,139.69000244140622,133.56100463867188,155.00999450683594,133.43800354003906,6.850490162720843,8.304270574316908,0.8454046268682449,1.7319870832997366,0.8454327337727496,,0.4913397912710771,inf
14.25,24.821531797076613,29.929359606585088,29.218978058430142,15.392489753467007,33.380171608902266,37.27431747725058,140.03399658203122,133.56100463867188,155.42599487304688,133.43800354003906,6.894869943632393,8.31371100182919,0.8875956182309837,0.18880855024565776,0.8676616057202231,,0.7441429690447023,inf
14.3,24.986593111063772,30.239678759320693,29.39191129164115,15.465477624438783,33.72617990968363,37.693324998871006,140.3800048828125,133.56100463867188,155.84500122070312,133.43899536132812,6.940720308628825,8.39991076647797,0.917007299928643,1.7239952929755487,0.8822272929265851,,0.5811813469927323,inf
14.35,25.15428090692155,30.274563803736022,29.565420620519895,15.537481619510293,34.07517893312129,38.114330247903396,140.72900390625,133.56100463867188,156.26600646972656,133.43899536132812,6.987300251922653,8.40960105659334,0.9315988658765683,0.19380580230742042,0.8815263903786736,,0.8513613620777605,inf
14.4,25.32179021354457,30.5836950596064,29.738260298335355,15.612476266787304,34.425169777848055,38.539318040980014,141.07899475097656,133.56100463867188,156.6909942626953,133.43899536132812,7.033830614873492,8.495470849890665,0.9306072590167648,1.7173958659464827,0.8634357314190837,,0.6937802334815437,inf
14.45,25.47576233440264,30.619802333603268,29.91144192570808,15.684465045238033,34.778181862809106,38.96432109274646,141.4320068359375,133.56100463867188,157.11599731445312,133.43899536132812,7.0766006484451776,8.50550064822313,0.8554006714337352,0.20059596664929275,0.8340645537999054,,0.9387788111095503,inf
14.5,25.605325941210214,30.928755061282665,30.084025828159216,15.759474993663039,35.133177590348204,39.39432902742422,141.78700256347656,133.56100463867188,157.54600524902344,133.43899536132812,7.112590539225059,8.591320850356295,0.7197978155976235,1.716404042663282,0.8064150004636286,,0.7051002858264219,inf
14.55,25.73089498096685,30.964900101054397,30.256930394171476,15.832463134004524,35.4901722192548,39.824322882546504,142.1439971923828,133.56100463867188,157.9759979248047,133.44000244140622,7.147470828046346,8.601361139181776,0.6976057764257327,0.20080577650961542,0.7933822659529034,,0.8963277450007148,inf
14.6,25.8702158136474,31.272555068378207,30.42923002536544,15.908464953405005,35.84817392823942,40.25832861996108,142.5019989013672,133.56100463867188,158.41000366210938,133.44000244140622,7.186171059346499,8.68682085232728,0.7740046260030718,1.7091942629101107,0.7999802607670456,,0.6812817490706067,inf
14.65,26.022783769232728,31.309922336981028,30.60186061980885,15.982460230858328,36.20918298111607,40.69332617856126,142.86300659179688,133.56199645996094,158.84500122070312,133.44000244140622,7.228551047009091,8.697200649161397,0.84759975325183,0.2075959366823425,0.8220950551113239,,0.9266668444443269,inf
14.7,26.177152440214435,31.615850391332412,30.773908252188004,16.058462055761492,36.57217431412389,41.13232153999883,143.2259979248047,133.56199645996094,159.28399658203125,133.44000244140622,7.2714312333928985,8.782180664259004,0.8576037276761644,1.6996003019521673,0.8521084574734079,,0.7425008802194348,inf
14.75,26.330944507904025,31.65343395340496,30.946315686869987,16.133456849821286,36.937179807287954,41.57232398141103,143.59100341796875,133.56199645996094,159.7239990234375,133.44000244140622,7.314151252195562,8.79262054261249,0.8544003760532582,0.20879756706971322,0.8842582769980025,,0.9929749037109623,inf
14.8,26.49784091756241,31.959434105479822,31.11829122148591,16.21045833350738,37.304168943030184,42.016325333440534,143.95799255371094,133.56199645996094,160.16799926757812,133.44099426269528,7.3605113659895585,8.877620584855507,0.9272022758799149,1.7000008448603168,0.9148087369428886,,0.8325700576126458,inf
14.85,26.672693888266643,31.99971961817954,31.290806802930256,16.286460254209892,37.673172238928906,42.46133265766441,144.32699584960938,133.56199645996094,160.61300659179688,133.44099426269528,7.409081635629623,8.888811005049872,0.9714053928013152,0.22380840388731593,0.939695254913829,,1.1250774771514216,inf
14.9,26.85121870080002,32.30438767737486,31.462876064707107,16.362454414908434,38.045182879422406,42.90933070465007,144.69900512695312,133.56300354003906,161.06100463867188,133.44099426269528,7.458671861333338,8.973441021493016,0.9918045140742785,1.6926003288628637,0.9542446920619033,,0.9899300558409863,inf
14.95,27.02931091187505,32.34521220729692,31.63541705207647,16.437449287581888,38.42018287942285,43.35932765289751,145.07400512695312,133.56300354003906,161.51100158691406,133.44099426269528,7.508141919965292,8.984781168693589,0.9894011726390983,0.2268029440114509,0.9552002180687673,,1.2923506125730029,inf
15.0,27.203514972787882,32.64923138630519,31.80746468457872,16.514458284614115,38.79617470071219,43.81233058269695,145.4499969482422,133.56300354003906,161.96400451660156,133.44099426269528,7.556531936885523,9.06923094064033,0.9678003384046048,1.6889954389347865,0.9423566498153916,0.12249001042974428,1.1487182355699233,inf
15.05,27.371238790849105,32.691027520048706,31.980077426478147,16.588438765805588,39.17617958352482,44.26632645066176,145.8300018310547,133.56300354003906,162.41799926757812,133.44200134277344,7.603121886346973,9.080840977791308,0.9317989892290025,0.23220074301956498,0.9184744180771182,,1.4317141651189402,inf
15.1,27.53144037068116,32.993752372086924,32.15219715684902,16.665455065887365,39.557177578592686,44.72433426327164,146.21099853515625,133.56399536132812,162.87600708007812,133.44200134277344,7.647622325189211,9.16493121446859,0.8900087768447674,1.6818047335456756,0.888176189389914,,1.259705137036363,inf
15.15,27.683972058357917,33.035692700983056,32.32477419324922,16.741441808625893,39.94118026413956,45.18432571835358,146.59500122070312,133.56399536132812,163.33599853515625,133.44200134277344,7.689992238432755,9.176581305828627,0.8473982648708636,0.23300182720074172,0.856801832994836,,1.5134898105603973,inf
15.2,27.829520516711348,33.3371541254097,32.496904566656944,16.817443828388623,40.32718185105372,45.64633133369855,146.9810028076172,133.56399536132812,163.79800415039062,133.44200134277344,7.730422365753152,9.260320590391583,0.8086025464079677,1.6747856912591532,0.8295051356835865,,1.3106643422563522,inf
15.25,27.97045981728,33.379815432541804,32.66954271457064,16.89444496342053,40.714176569626325,46.11032059151466,147.3679962158203,133.56500244140622,164.26199340820312,133.44200134277344,7.769572171466666,9.272170953483835,0.7829961142702646,0.23700726184504026,0.8104698620448875,,1.540947944614448,inf
15.3,28.109852417149764,33.68019882328033,32.841619186350684,16.97243867663148,41.10417595927504,46.57832396192754,147.75799560546875,133.56500244140622,164.72999572753906,133.4429931640625,7.808292338097156,9.355610784244535,0.7744033326097967,1.6687966152139684,0.8022145560937975,,1.3245144878453594,inf
15.35,28.250685212294602,33.724082359833154,33.014055460516055,17.050439599945587,41.49518242900179,47.04733336134488,148.1490020751953,133.56500244140622,165.19900512695312,133.4429931640625,7.847412558970722,9.367800655509209,0.7824044174713396,0.24379742529348455,0.8051720610268754,,1.554741386677403,inf
15.4,28.39526021322288,34.02392673360493,33.18600936613906,17.128440541867594,41.88917962138475,47.519333483525905,148.54299926757812,133.56500244140622,165.67100524902344,133.4429931640625,7.8875722814508,9.451090759334702,0.8031944496015405,1.6658020765098531,0.8177459180501617,,1.3483022117244552,inf
15.45,28.544985034929013,34.06856558067453,33.35834470347682,17.205441508637207,42.28517695720251,47.99232542688839,148.93899536132812,133.56599426269528,166.1439971923828,133.4429931640625,7.929162509702503,9.463490439076258,0.83180456503408,0.24799359483112043,0.8368228401259032,,1.5991179474926724,inf
15.5,28.700324888099424,34.366861568362694,33.53010772168257,17.285441305030805,42.68218013103064,48.46933043188323,149.33599853515625,133.56599426269528,166.62100219726562,133.4429931640625,7.972312468916506,9.546350435656304,0.8629991842800477,1.6571999316008976,0.8585401401951549,,1.4172264625068642,inf
15.55,28.860632616952113,34.41308656690672,33.70231362636837,17.364442218986227,43.08217402751511,48.94833539680098,149.73599243164062,133.56599426269528,167.10000610351562,133.44400024414062,8.016842393597809,9.559190713029645,0.8905984936260454,0.25680554746681483,0.8790794153306674,,1.6915399706566454,inf
15.6,29.024613891818262,34.711708711141014,33.874109260273784,17.443426843394473,43.485190422510044,49.4303300258181,150.13900756835938,133.56700134277344,167.58200073242188,133.44400024414062,8.062392747727294,9.642141308650281,0.9110070825897248,1.659011912412751,0.8953226537240861,,1.526917856138244,inf
15.65,29.1906447864231,34.75886754798205,34.04642674497368,17.522434897635318,43.88918212172911,49.91333173480513,150.54299926757812,133.56700134277344,168.06500244140625,133.44400024414062,8.108512440673083,9.655240985550568,0.9223938589157623,0.26199353800574327,0.9052813186528896,,1.8156455288045805,inf
15.7,29.356857635234707,35.0558314430032,34.21829447673302,17.601427711347615,44.296179802393176,50.39932416655734,150.9499969482422,133.56700134277344,168.55099487304688,133.44400024414062,8.154682676454085,9.737730956389777,0.9234047156200572,1.6497994167842118,0.9082715346764842,,1.6579337491724928,inf
15.75,29.521738386875313,35.103999648548225,34.39071289833366,17.680435800464856,44.705176384424746,50.88733075835625,151.35899353027344,133.56700134277344,169.03900146484375,133.44400024414062,8.200482885243142,9.751111013485618,0.9160041757811269,0.26760114191680956,0.9048514565785267,,1.9456397422464882,inf
15.8,29.684133456306206,35.399415158214154,34.56263453182705,17.761427396339293,45.116188323306076,51.37933618368813,151.77000427246094,133.5679931640625,169.531005859375,133.44500732421878,8.245592626751725,9.83317087728171,0.9021948301716393,1.6411972759218096,0.8965635095835753,,1.7809745678176512,inf
15.85,29.84357594016684,35.44790608731742,34.735016904575474,17.839413205719183,45.530189788149954,51.87132531943213,152.1840057373047,133.5679931640625,170.0229949951172,133.44500732421878,8.2898822056019,9.846640579810394,0.8857915770035352,0.2693940505737004,0.8855480209695412,,2.058877353132452,inf
15.9,30.000069263216268,35.74263838448868,34.90688806966385,17.920420200702825,45.946190154360934,52.368334596885795,152.60000610351562,133.5679931640625,170.52000427246094,133.44500732421878,8.33335257311563,9.928510662357967,0.8694073502745657,1.63740165095143,0.8741106508076447,,1.8806089348873911,inf
15.95,30.15414900723343,35.79217644865424,35.079249156461806,17.999420008775058,46.36419063510965,52.86532861544229,153.01800537109375,133.56900024414062,171.01699829101562,133.44500732421878,8.376152502009285,9.942271235737289,0.8559985778731343,0.27521146758645065,0.8642498715622693,,2.1471328984725204,inf
16.0,30.30678678708625,36.08640406092274,35.251203405717824,18.080427006647124,46.78418880405504,53.366335695629466,153.43800354003906,133.56900024414062,171.51800537109375,133.44500732421878,8.418551885301735,10.024001128034094,0.847987665848985,1.6345978459360688,0.8571711274792446,-0.08518552233614696,1.9593131549197054,inf
16.05,30.458961064034057,36.13716435442756,35.423611184469905,18.16042021992628,47.20618587436754,53.86833557678982,153.86000061035156,133.56900024414062,172.02000427246094,133.44599914550778,8.460822517787237,10.03810120956321,0.8454126497100369,0.28200163058233185,0.8521909271184147,,2.2218561859718946,inf
16.1,30.611708683337437,36.431642592144755,35.59560457257028,18.24241908019718,47.630181846047364,54.37433228100012,154.28399658203125,133.56900024414062,172.5260009765625,133.44599914550778,8.503252412038176,10.11990072004021,0.8485978850187571,1.635990209539967,0.8443318419336708,,2.032194768417149,inf
16.150000000000002,30.76575061791675,36.46980293996292,35.76669811176836,18.322425888907798,48.05718498676514,54.88133606518137,154.71099853515625,133.57000732421878,173.0330047607422,133.44599914550778,8.546041838310208,10.130500816656365,0.855788525440625,0.2120019323231018,0.8206615257739429,,2.3254930359924515,inf
16.2,30.92170486113093,36.73188523992248,35.934303491460284,18.404409493393146,48.48519401996827,55.391330572124424,155.13900756835938,133.57000732421878,173.54299926757812,133.44599914550778,8.589362461425258,10.203301455534021,0.8664124623010632,1.4560127775531957,0.7595005743319982,,2.2032999409593046,inf
16.25,31.07970873569825,36.74088375072832,36.0979919016783,18.48339572952137,48.916193775827644,55.90132607329566,155.57000732421875,133.57000732421878,174.05299377441406,133.44700622558594,8.633252426582848,10.205801041868979,0.877799303151777,0.04999172669915382,0.640121661156844,,2.5643329333311655,inf
16.3,31.24008841117674,36.975242736471756,36.25557465950406,18.564409452941987,49.34919356897942,56.415333641749996,156.0030059814453,133.57099914550778,174.56700134277344,133.44700622558594,8.677802336437983,10.270900760131044,0.890998197102691,1.3019943652412806,0.46265687210245154,,2.5056824916636415,inf
16.35,31.210064696372427,36.96048331255178,36.406832382027495,18.643417707686623,49.78318404749803,56.928334130036525,156.43699645996094,133.57099914550778,175.0800018310547,133.44700622558594,8.669462415659007,10.266800920153273,-0.16679841557951866,-0.08199679955541822,0.2596409799154518,,2.4613955017400073,inf
16.400000000000002,31.183460245080585,37.17216239440968,36.5497847830196,18.72741549215417,50.21618270473535,57.445332421123396,156.8699951171875,133.57099914550778,175.5970001220703,133.44700622558594,8.662072290300163,10.3256006651138,-0.14780250717688193,1.175994899210534,0.07998402258030106,,1.993730293974032,inf
16.45,31.156890047270004,37.138324524770375,36.684399590631216,18.810428158357926,50.649182533120744,57.96133889086378,157.30299377441406,133.57200622558594,176.11300659179688,133.44700622558594,8.654691679797223,10.31620125688066,-0.14761221005881126,-0.18798816466280857,-0.04291396138360774,,1.9944849620465206,inf
16.5,31.13035759374767,37.33200319192814,36.80895950373175,18.896403010049678,51.08118936907047,58.47932995275929,157.73500061035156,133.57200622558594,176.63099670410156,133.447998046875,8.647321553818797,10.370000886646705,-0.14740251956851372,1.0759925953208895,-0.10609411196563194,,1.5597412076593855,inf
16.55,31.103862913203805,37.28232440855373,36.92347550914437,18.981407901339832,51.51418802630648,58.997335323878644,158.16799926757812,133.57200622558594,177.1490020751953,133.447998046875,8.63996192033439,10.356201224598257,-0.1471926696881433,-0.27599324096896855,-0.12081908866673698,,1.5914506481313424,inf
16.6,31.0773648198227,37.46124362809537,37.02643561273944,19.070410527400508,51.94518778217276,59.51733959637023,158.5989990234375,133.57200622558594,177.66900634765625,133.447998046875,8.632601338839638,10.40590100780427,-0.14721162989502337,0.9939956641202344,-0.08030408357184386,,1.183910545604995,inf
16.650000000000002,31.05090452230739,37.399321953301225,37.119387514073274,19.15839729876522,52.37719575664809,60.03732861007883,159.031005859375,133.572998046875,178.18899536132812,133.447998046875,8.625251256196497,10.388700542583674,-0.14700165286281722,-0.34400930441190036,0.0703100451589889,,1.2396981309459107,inf
16.7,31.024482033337534,37.566005147427184,37.202799504823744,19.24840047487032,52.80819551251058,60.558340935948,159.46200561523438,133.572998046875,178.7100067138672,133.44900512695312,8.617911675927093,10.435001429840884,-0.1467916053880897,0.9260177451442602,0.4397771493175514,,0.8550193701316786,inf
16.75,30.998093906978287,37.49364302688396,37.2780754324393,19.34039381420606,53.23818818829381,61.080328851033755,159.89199829101562,133.572998046875,179.23199462890625,133.44900512695312,8.610581640827302,10.4149008408011,-0.14660070199582056,-0.4020117807956978,1.135878854950098,,0.931560418717936,inf
16.8,30.971702375068645,37.650603319085256,37.34561149070065,19.4313953707532,53.66918794415441,61.60233202487813,160.322998046875,133.572998046875,179.75399780273438,133.44900512695312,8.60325065974129,10.458500921968126,-0.14661962172023882,0.8720016233405179,2.1474881678469377,,0.5650879468862371,inf
16.85,31.910549254143664,37.57032417423101,37.406595576868575,19.517398586615194,54.10519374594811,62.12433519875871,160.75900268554688,133.57400512695312,180.2760009765625,133.44900512695312,8.864041459484351,10.436201159508615,5.21581599486115,-0.4459952491902123,3.261225422263842,,2.9985797000713816,inf
16.900000000000002,33.03943613199353,38.00880228233947,37.490259565661546,19.59238770042826,54.55819667598885,62.65233600823881,161.21200561523438,133.57400512695312,180.8040008544922,133.44999694824222,9.177621147775982,10.558000633983186,6.271593765832524,2.4359894894913845,4.134562350853999,,4.975595412618233,inf
16.95,34.084807102096605,37.896844734997565,37.56611158668427,19.651392259764105,55.0261837369808,63.179328806115905,161.67999267578125,133.57400512695312,181.33099365234372,133.44999694824222,9.468001972804613,10.526901315277101,5.807616500572951,-0.6219863741217322,4.490755223434876,,7.901917248600711,inf
17.0,35.0169542260251,38.01240373161982,37.634151640653435,19.69739659568778,55.507186544956845,63.706336862807426,162.16099548339844,133.57400512695312,181.8580017089844,133.44999694824222,9.726931729451417,10.55900103656106,5.178595132936008,0.6419944256791774,4.255454154975078,3.3982830274958338,10.161887668130753,inf
17.05,35.75823492678217,37.896844737249076,37.69560367352297,19.731383505272774,56.00019901740706,64.23332966067599,162.6540069580078,133.57499694824222,182.38499450683597,133.44999694824222,9.93284303521727,10.52690131590252,4.118226115316984,-0.6419944131707831,3.537192632834448,,12.41200162895246,inf
17.1,36.24985139421585,38.01240373905276,37.75071968461872,19.7583846755358,56.50119083874629,64.76133049906626,163.15499877929688,133.57499694824222,182.9129943847656,133.45100402832028,10.069403165059958,10.559001038625766,2.731202596853738,0.6419944544648979,2.5289335393794983,,13.5524122120232,inf
17.150000000000002,36.45649234544965,37.89684474714888,37.80047196400348,19.780387416361453,57.00619572155893,65.28833855574446,163.66000366210938,133.57499694824222,183.44000244140625,133.45100402832028,10.126803429291568,10.526901318652467,1.148005284632189,-0.6419943994659769,1.4344084127058343,,14.357777997065298,inf
17.2,36.412935873385365,38.01240374699749,37.84511182396051,19.800382369680953,57.51320050599154,65.81533135361069,164.16700744628906,133.57600402832028,183.9669952392578,133.45100402832028,10.114704409273712,10.559001040832637,-0.24198040035714952,0.6419944436034452,0.43505792361812884,,14.009685392207494,inf
17.25,36.2102550646519,37.896844754466315,37.88543199671874,19.823392164940678,58.017198308883174,66.34233941031394,164.67100524902344,133.57600402832028,184.49400329589844,133.45100402832028,10.058404184625529,10.526901320685088,-1.1260044929636432,-0.6419944029509759,-0.3305608406030016,,13.667314707201598,inf
17.3,35.93560950465924,38.012403752181136,37.921612040028336,19.850399684975386,58.518191112162036,66.87034021979208,165.1719970703125,133.57699584960938,185.0220031738281,133.45199584960938,9.982113751294234,10.559001042272538,-1.5258086666258701,0.6419944317489887,-0.7827572222650092,,12.677095029153797,inf
17.35,35.652538280619716,37.896844758497906,37.954264098455035,19.880397869664318,59.01419330966242,67.39634119643627,165.66799926757812,133.57699584960938,185.54800415039062,133.45199584960938,9.903482855727699,10.526901321804974,-1.5726179113306802,-0.6419944093512606,-0.9031245725550107,,12.12074382288457,inf
17.400000000000002,35.42883424950035,38.01240375341132,37.95462424556222,19.915407187187654,59.50719055428331,67.92434107437028,166.16099548339844,133.5780029296875,186.0760040283203,133.45199584960938,9.84134284708343,10.559001042614256,-1.2428001728853566,0.6419944161856159,-0.7240895839211214,,11.28153052997127,inf
17.45,35.3166209742965,37.896844757778695,37.95462424784033,19.951401950847124,59.99818786884217,68.45133387230203,166.65199279785156,133.5780029296875,186.60299682617188,133.45199584960938,9.810172492860138,10.526901321605193,-0.6234070844658745,-0.641994420181292,-0.31423244685255874,,11.200813036549519,inf
17.5,35.34595998896811,38.01240375325376,37.95462425000372,19.987390393936703,60.48920044211815,68.97834289118038,167.14300537109375,133.5780029296875,187.1300048828125,133.4530029296875,9.818322219157809,10.559001042570488,0.16299452595340594,0.6419944193058933,0.23505629207959144,,11.055195571707387,inf
17.55,35.52638896512109,37.896844756486004,37.954624251927406,20.02239958894938,60.981190577587654,69.50533568910498,167.63499450683594,133.57899475097656,187.6569976806641,133.4530029296875,9.868441379200304,10.526901321246113,1.0023832008498914,-0.6419944264874908,0.8235556812211896,,11.774255034363748,inf
17.6,35.833288012241226,38.01240375161626,37.95462425318376,20.054396637261128,61.477192774861116,70.03333556704222,168.13099670410156,133.57899475097656,188.18499755859372,133.4530029296875,9.953691114511452,10.559001042115629,1.7049947062229378,0.6419944173903056,1.3585443711154594,,12.393724114648151,inf
17.650000000000006,36.223206287369315,37.8968447547051,37.95462425393938,20.08039710128331,61.978199854971905,70.56034362374606,168.6320037841797,133.57899475097656,188.7120056152344,133.4530029296875,10.062001746491477,10.526901320751417,2.1662126396003174,-0.6419944272841768,1.7699127065329385,,13.703514104412434,inf
17.7,36.655926882335365,38.01240375094068,37.9546242543337,20.100385817803513,62.48520463940293,71.08733735493094,169.13900756835938,133.58000183105472,189.23899841308597,133.45399475097656,10.182201911759824,10.559001041927965,2.404003305367249,0.6419944235310493,2.0182320290369815,,14.694815621934268,inf
17.75,37.09620422233788,37.89684475454835,37.95462425434191,20.115400171415924,62.99719804766232,71.61434541163017,169.6510009765625,133.58000183105472,189.76600646972656,133.45399475097656,10.304501172871634,10.526901320707873,2.445985222236154,-0.6419944244018347,2.0937341925011443,,16.173431741228455,inf
17.8,37.508044280236184,38.012403751118896,37.954624254235675,20.124402680680284,63.51619524008954,72.14234528957229,170.1699981689453,133.58000183105472,190.29400634765625,133.45399475097656,10.418901188954495,10.55900104197747,2.2880003216571896,0.6419944253919405,2.009562869069113,,17.133422126816157,inf
17.85,37.86624708721551,37.896844753870226,37.954624253772906,20.126401542810136,64.04019731531126,72.66834626618629,170.69400024414062,133.58000183105472,190.82000732421875,133.45399475097656,10.518401968670975,10.526901320519507,1.9900155943295845,-0.6419944291592736,1.7940871368877813,,18.400877320556283,inf
17.900000000000006,38.152448229889366,38.01240375088186,37.95462425351997,20.125394387136648,64.5692052030974,73.1963471045581,171.22300720214844,133.58099365234378,191.34800720214844,133.45500183105472,10.597902286080378,10.559001041911626,1.5900063481879265,0.6419944278423436,1.4846821833509298,,19.01479556952907,517.2128215653031
17.95,38.3569281488085,37.89684475434189,37.95462425317629,20.12139666258872,65.100195803684,73.723339902459,171.75399780273438,133.58099365234378,191.875,133.45500183105472,10.654702263557917,10.526901320650525,1.1359995495509199,-0.6419944252221055,1.1230321430702994,,19.844100095488955,157.4309382661241
18.0,38.479326288414114,38.012403751648534,37.95462425301577,20.114393015836946,65.63419238571723,74.25033270032789,172.28799438476562,133.58099365234378,192.4019927978516,133.45500183105472,10.688701746781698,10.559001042124592,0.6799896644756035,0.6419944294813271,0.7513621585565229,-3.5040919964185555,19.981383250124537,155.07118760174782
18.05,38.52756647794658,37.89684475487781,37.95462425285494,20.106403902849074,66.16919699569016,74.77734075701578,172.822998046875,133.58200073242188,192.9290008544922,133.45500183105472,10.702101799429604,10.526901320799391,0.2680010529581229,-0.641994426504011,0.40894643956036275,,20.35034619366005,114.75571586836561
18.1,38.513167204571275,38.01240375260704,37.95462425295403,20.09939401603086,66.70420065782143,75.30534156650711,173.35800170898438,133.58200073242188,193.45700073242188,133.45599365234378,10.698102001269799,10.559001042390845,-0.07999596319610333,0.6419944318290669,0.12803665450238627,,20.081922747718657,144.4846198890782
18.15,38.45988643935598,37.89684475570972,37.954624253054476,20.091383308935548,67.2392043199614,75.83233436440341,173.89300537109375,133.58200073242188,193.98399353027344,133.45599365234378,10.683301788709993,10.526901321030477,-0.296004251196126,-0.6419944272073873,-0.07122642890104249,,20.149285683666747,128.45293289514768
18.2,38.39328462638053,38.01240375363938,37.954624253324354,20.08540822800823,67.77219474476904,76.35934242106426,174.42599487304688,133.58299255371094,194.5110015869141,133.45599365234378,10.664801285105701,10.559001042677606,-0.37001007208583486,0.6419944329425584,-0.18556646549923034,,19.7261561548774,189.8248011449123
18.25,38.333885704062354,37.89684475660762,37.954624253530284,20.07939638502519,68.30519950553878,76.88633521895859,174.95899963378906,133.58299255371094,195.0379943847656,133.45599365234378,10.648301584461764,10.526901321279894,-0.329994012878738,-0.6419944279542287,-0.22953059419880534,,19.77591044400625,165.38467061014936
18.3,38.2964456886709,38.01240375477885,37.95462425389628,20.075392316652245,68.83719718622129,77.41433605733486,175.49099731445312,133.58299255371094,195.5659942626953,133.45700073242188,10.63790158018636,10.559001042994126,-0.20800008550807253,0.6419944342846315,-0.22963350048305964,,19.439584142709094,254.4069908907907
18.35,38.2694427556383,37.89684475757761,37.954624254267024,20.06939573043753,69.3691948668959,77.94033703393877,176.0229949951172,133.58299255371094,196.0919952392578,133.45700073242188,10.630400765455084,10.526901321549337,-0.15001629462552798,-0.6419944288957689,-0.21309995013439054,,19.58542154074587,193.88951358595057
18.4,38.235604345615386,38.012403755908494,37.954624254769676,20.06639615676567,69.90020168126614,78.46833691189069,176.5540008544922,133.58399963378906,196.6199951171875,133.45700073242188,10.621001207115384,10.559001043307914,-0.18799116679400998,0.6419944351715766,-0.19778809493110877,,19.259908645661575,323.5985026433418
18.45,38.202123062152204,37.89684475878648,37.95462425521414,20.06239843390645,70.43120754064495,78.99534496857122,177.0850067138672,133.58399963378906,197.1470031738281,133.45700073242188,10.611700850597835,10.526901321885132,-0.1860071303509843,-0.6419944284556232,-0.18984023523579363,,19.386771392754945,236.55830586995825
18.5,38.16828134648023,38.012403757291295,37.954624255778405,20.05939251278001,70.96120631994425,79.52233776644577,177.61500549316406,133.58399963378906,197.6739959716797,133.45700073242188,10.602300374022285,10.559001043692026,-0.18800953151099709,0.6419944361378691,-0.18921157151732265,,19.061424531014815,463.1656125785287
18.55,38.134803610595434,37.89684476005126,37.95462425629576,20.056395594110935,71.49120509924244,80.04934675642096,178.14500427246094,133.58399963378906,198.2010040283203,133.45799255371094,10.593001002943176,10.52690132223646,-0.18598742158218065,-0.641994429111312,-0.1998111045212518,,19.188471643482195,303.38061505829705
18.6,38.10096200033942,38.01240375860691,37.95462425689574,20.055410145213877,72.0201977570871,80.57734663437463,178.6739959716797,133.58500671386722,198.72900390625,133.45799255371094,10.58360055564984,10.559001044057474,-0.18800894586671735,0.6419944364202743,-0.2455314435425317,,18.86330087908481,814.9454762619443
18.65,38.067480919824256,37.89684476130183,37.95462425745496,20.053396025282613,72.54920471509543,81.1043394322647,179.2030029296875,133.58500671386722,199.2559967041016,133.45799255371094,10.574300255506737,10.526901322583841,-0.18600600286206861,-0.6419944294727041,-0.3945120081273634,,18.990512062176784,422.9877111534403
18.7,38.03399987921148,37.94364342858417,37.947748224949436,20.05040536132865,73.07819641431445,81.63034041188996,179.73199462890625,133.58500671386722,199.7819976806641,133.45799255371094,10.564999966447633,10.53990095238449,-0.18600578118206548,0.2599925960129886,-0.7758344512197229,,18.80090578342697,798.5341563355336
18.75,38.000522305591176,37.89576326605154,37.94764007589383,20.049407205315575,73.6061962922443,82.15734943076384,180.25999450683597,133.58500671386722,200.3090057373047,133.45899963378906,10.555700640441993,10.526600907236539,-0.1859865201128104,-0.2660009029590389,-1.5389325404445109,,18.796078186516922,688.7526953204449
18.8,37.96704132545115,38.012403746226475,37.94764007503859,20.0503990071762,74.13320434888504,82.68534930875089,180.78700256347656,133.58500671386722,200.8370056152344,133.45899963378906,10.546400368180874,10.559001040618465,-0.18600544522236098,0.6480026676385272,-2.722571856958765,,18.470206505125255,inf
18.85,37.213921535474185,37.896844745031856,37.94764007378401,20.052397868917843,74.65720642409539,83.21135028532363,181.31100463867188,133.58500671386722,201.36300659179688,133.45899963378906,10.337200426520607,10.526901318064404,-4.183998833205298,-0.6419944510812223,-4.1158769836217095,,16.51098127645991,inf
18.9,35.54370071750728,38.01240374795851,37.947640072989,20.07740653073391,75.16019714723805,83.73935016331701,181.8139953613281,133.58500671386722,201.89100646972656,133.45899963378906,9.873250199307577,10.559001041099586,-9.279004544261115,0.6419944607036864,-5.286016406606214,,11.596114587481445,inf
18.95,34.11054060657419,37.896844748132175,37.94764007192357,20.123395521126877,75.64120097819047,84.26634392344016,182.2949981689453,133.58599853515622,202.4179992675781,133.46000671386722,9.47515016849283,10.526901318925605,-7.962000616294838,-0.641994443479623,-5.8178644764723835,,7.9696361986159445,inf
19.0,32.88398553394918,38.01240375115599,37.94764007131005,20.186397829835414,76.10520549543253,84.79335198014108,182.75900268554688,133.58599853515622,202.94500732421875,133.46000671386722,9.134440426096994,10.559001041987775,-6.81419484791662,0.6419944612434045,-5.562311087815321,-6.3136732463718435,4.573103161576725,inf
19.05,31.977720439966106,37.8968447515006,37.947640070454995,20.26539104778726,76.55320354263046,85.32034477800511,183.20700073242188,133.58599853515622,203.4720001220703,133.46000671386722,8.882700122212807,10.526901319861278,-5.034806077683668,-0.6419944425299471,-4.6720235578054226,,2.530396664791759,inf
19.1,31.385125814522873,38.012403754195695,37.94764007001386,20.354393851767405,76.9921989040277,85.84834465599103,183.64599609375,133.58599853515622,204.0,133.46000671386722,8.718090504034132,10.559001042832138,-3.292192363573452,0.6419944594172031,-3.446742662318397,,0.8558205250963837,inf
19.15,31.071422485975045,37.896844754806025,37.94764006936428,20.448380112890245,77.42519756125543,86.3753383871793,184.07899475097656,133.58599853515622,204.5269927978516,133.46099853515622,8.630950690548623,10.526901320779452,-1.7427962697102752,-0.6419944410537691,-2.169734253281394,,0.3253673402459185,inf
19.200000000000006,30.994669752165237,38.01240375723947,37.95451610222982,20.544380617777986,77.85619845838622,86.9023464438735,184.50999450683597,133.58500671386722,205.0540008544922,133.46099853515622,8.609630486712566,10.55900104367763,-0.42640407672106745,0.6419944579634835,-1.0406691401002326,,0.0,inf
19.25,31.099609751595487,37.896844757999474,37.95462425142461,20.64037191929945,78.28719821445358,87.42933924174086,184.9409942626953,133.58500671386722,205.58099365234372,133.46099853515622,8.638780486554301,10.52690132166652,0.5829999968347757,-0.6419944402223021,-0.18093681332730163,,0.39299222970735315,inf
19.3,31.30837360154616,38.01240376004944,37.95462425280691,20.734364371581762,78.72120395206248,87.95733911972083,185.375,133.58500671386722,206.10899353027344,133.46099853515622,8.696770444873932,10.559001044458176,1.1597991663926002,0.641994455833119,0.3460431695434651,,0.6701349406831625,inf
19.35,31.536109274189965,37.89684476103878,37.9546242544076,20.824353134281267,79.15720859105457,88.48334106037588,185.81100463867188,133.58500671386722,206.63499450683597,133.46200561523438,8.760030353941657,10.526901322510772,1.2651981813544741,-0.6419944389480656,0.5251826164981894,,1.4480364770711205,inf
19.4,31.708298734845343,38.01240376346481,37.95462425595823,20.912349042640106,79.59721103271345,89.01134093834975,186.2510070800781,133.58500671386722,207.1629943847656,133.46200561523438,8.807860759679262,10.559001045406891,0.9566081147521477,0.641994457922409,0.3879408668272549,,1.6426546101669572,inf
19.450000000000006,31.765609085673066,37.89684476364336,37.95462425750935,20.998355479996782,80.03820644546992,89.53834899500895,186.69200134277344,133.58399963378906,207.69000244140625,133.46200561523438,8.823780301575852,10.526901323234267,0.31839083793175144,-0.641994443452389,0.008011817249380243,,2.0086474761383712,inf
19.5,31.6745629457227,38.012403766121736,37.954624259005925,21.08435256999142,80.47920070822063,90.0653417929028,187.13299560546875,133.58399963378906,208.2169952392578,133.46200561523438,8.798489707145194,10.559001046144926,-0.5058118886132171,0.6419944582132797,-0.5118229546327836,,1.560140845287691,inf
19.55,31.44185855644507,37.89684476641373,37.954624260497226,21.173349911615187,80.91720424826549,90.59235078285856,187.5709991455078,133.58399963378906,208.74400329589844,133.46299743652344,8.733849599012519,10.526901324003813,-1.292802162653483,-0.6419944428222644,-1.059880503630992,,1.218982613179179,inf
19.6,31.099895237271372,38.01240376854343,37.954624261932004,21.26734252419904,81.35120998557342,91.12035066082858,188.0050048828125,133.58399963378906,209.2720031738281,133.46299743652344,8.638859788130937,10.559001046817619,-1.8997962176316192,0.6419944562761069,-1.536305110452228,,0.16806023683724902,inf
19.65,30.686833272322644,37.89684476908069,37.95462426335948,21.366339952473414,81.77920376001114,91.64734345870066,188.43299865722656,133.58399963378906,209.7989959716797,133.46299743652344,8.524120353422957,10.526901324744635,-2.29478869415973,-0.6419944414597022,-1.8667957547623244,,0.0,inf
19.700000000000006,30.24086385281,38.0124037704695,37.95462426468248,21.47034219897304,82.20220791044474,92.17435151538356,188.8560028076172,133.58399963378906,210.3260040283203,133.46299743652344,8.40023995911389,10.559001047352638,-2.4776078861809516,0.6419944521599481,-2.007134813149187,,0.0,inf
19.75,29.810340538126496,37.896844771705936,37.95462426605313,21.581327253751173,82.61820827670041,92.70134527551778,189.2720031738281,133.58399963378906,210.85299682617188,133.46400451660156,8.280650149479582,10.52690132547387,-2.391796192686457,-0.6419944375754238,-1.9425265519188981,,0.0,inf
19.8,29.441374996965084,38.012403772854405,37.954624267333614,21.698329849426898,83.02920376012925,93.22934515348824,189.68299865722656,133.58399963378906,211.3809967041016,133.46400451660156,8.17815972137919,10.559001048015112,-2.0498085620078106,0.641994450824823,-1.6865034044463822,,0.0,inf
19.85,29.17123147625925,37.73844250705531,37.93878404193528,21.817331334918684,83.43520961951431,93.75435430949213,190.0890045166016,133.58399963378906,211.906005859375,133.46400451660156,8.103119854516459,10.482900696404252,-1.5007973372546033,-1.5220070322171748,-1.2797886961302227,,0.0,inf
19.9,29.02676468224123,37.47348311349494,37.88489197693829,21.936332839309525,83.83920131873306,94.27734931085028,190.4929962158203,133.58399963378906,212.4290008544922,133.46400451660156,8.062990189511453,10.409300864859706,-0.8025933001001663,-1.4719966308910186,-0.7857586908508711,,0.0,inf
19.950000000000006,29.009735872717943,36.80280554012857,37.77548805458681,22.048325308387106,84.24220119667349,94.79234965556213,190.89599609375,133.58399963378906,212.94400024414062,133.46499633789062,8.058259964643874,10.223001538924601,-0.0946044973515677,-3.725986518701511,-0.2798935696742207,,0.0,inf
20.0,29.09350665995457,36.48603640424483,37.62285131839912,22.154311330472574,84.64620815471915,95.30234432095017,191.3000030517578,133.58399963378906,213.45399475097656,133.46499633789062,8.081529627765159,10.13501011229023,0.46539326242575907,-1.759828532687647,0.16500791802546214,5.727319005840783,0.0,inf
20.05,29.24521077712877,35.80680300276189,37.41384714203394,22.252317188965314,85.05120693408091,95.80535151060349,191.7050018310547,133.58399963378906,213.95700073242188,133.46499633789062,8.123669660313547,9.946334167433857,0.8428006509677624,-3.7735188971273987,0.4923295584319287,,0.036731590849321094,inf
20.1,29.43230470024679,35.70850310443864,37.18345707562346,22.343304315367693,85.45921169490094,96.30434861982604,192.11300659179688,133.58399963378906,214.45599365234372,133.46499633789062,8.175640194512997,9.919028640121844,1.0394106839889823,-0.5461105462402494,0.6692785406364569,,0.6411888542714834,inf
20.15,29.615687399424907,34.88689275502789,36.88246187421818,22.42331562619319,85.86920009829431,96.79436337634577,192.5229949951172,133.58399963378906,214.9459991455078,133.46600341796878,8.226579833173584,9.690803543063302,1.018792773211801,-4.5645019411711125,0.6885853772143317,,2.5508709320394267,inf
20.200000000000006,29.762173286374626,34.70574762344818,36.551796259516045,22.49631399200189,86.28220974190062,97.28038375918035,192.93600463867188,133.58399963378906,215.4320068359375,133.46600341796878,8.267270357326284,9.640485450957827,0.8138104830538644,-1.0063618421093272,0.5669283025041685,,3.210761877901067,inf
20.25,29.846377044191406,33.7680730420747,36.13891908655293,22.556312798787346,86.6962112067705,97.75439835181538,193.3500061035156,133.58399963378906,215.906005859375,133.46600341796878,8.290660290053168,9.380020289465193,0.46779865453774094,-5.209303229853353,0.341537824607848,,5.055846132852782,inf
20.3,29.85296583033157,33.494016806629475,35.68708038993043,22.612314643113976,87.11021267162096,98.22441672903513,193.76400756835938,133.58399963378906,216.3760070800781,133.46600341796878,8.292490508425436,9.303893557397076,0.036604367445355925,-1.5225346413623126,0.06432122718546561,,5.545140288054874,inf
20.35,29.786220837004684,32.470525497304905,35.16028868895539,22.65531684036032,87.52420010260631,98.68141985463792,194.1779937744141,133.58500671386722,216.8329925537109,133.46699523925778,8.273950232501301,9.01959041591803,-0.3708055184826922,-5.686062829580853,-0.2069105975122395,,7.128004701779037,inf
20.4,29.66789153172355,32.125481141279515,34.625488491733854,22.693314596419636,87.93720974616488,99.13243916514952,194.59100341796875,133.58500671386722,217.28399658203125,133.46699523925778,8.241080981034319,8.923744761466532,-0.6573850293396807,-1.9169130890300703,-0.41833891947974466,,7.429784174011058,inf
20.450000000000006,29.52183884106645,28.17646505935081,33.762854443656074,22.69832260503781,88.34820522957413,99.54844818715362,195.0019989013672,133.58500671386722,217.6999969482422,133.46699523925778,8.200510789185126,7.8267958498196695,-0.8114038369837371,-21.938978232933817,-0.5285506160289666,,13.221012865097723,60.73537035975459
20.5,29.37178981855791,26.011252476903376,32.715376050921925,22.67633763984969,88.75720181161907,99.93546220020504,195.41099548339844,133.58500671386722,218.0870056152344,133.46699523925778,8.158830505154976,7.225347910250938,-0.8336056806031067,-12.02895879137617,-0.5151801828281801,,15.897692125544804,24.291930930829505
20.55,29.251441594984325,25.210207623249502,31.655716512970685,22.64234720647648,89.16419949229466,100.30848426074732,195.8179931640625,133.58500671386722,218.4600067138672,133.46699523925778,8.125400443051202,7.002835450902639,-0.6686012420754655,-4.450249186965917,-0.3811127656410696,,16.680749863381504,20.170008564986777
20.6,29.205254542583422,24.295003273303962,30.514366529857217,22.598332722804987,89.56921353038454,100.66954570329479,196.22300720214844,133.58500671386722,218.8209991455078,133.46800231933594,8.112570706273173,6.748612020362211,-0.2565947355605721,-5.084468610808485,-0.15813156729600142,,17.741873139760905,16.568072974279538
20.65,29.24694443706736,23.298870031779146,29.355564257532343,22.54136795785003,89.97520534246159,101.01869057091109,196.6289978027344,133.58599853515622,219.1699981689453,133.46800231933594,8.124151232518711,6.471908342160874,0.23161052491077677,-5.534073564027059,0.09818971489364797,,19.05530006377218,13.64280739915554
20.700000000000006,29.3488944225392,22.369878417510268,28.121977336938553,22.474387482355596,90.38220302313009,101.35878121446136,197.03599548339844,133.58599853515622,219.50999450683597,133.46800231933594,8.152470672927555,6.213855115975075,0.5663888081767791,-5.161064523715179,0.3245092102696513,,20.377029843707902,11.592949139536435
20.75,29.48292456259069,21.474346442690255,26.892604677000108,22.398393557479785,90.79121486396241,101.69180457602968,197.44500732421875,133.58599853515622,219.84300231933597,133.46800231933594,8.189701267386303,5.965096234080626,0.7446118891750573,-4.975177637889608,0.4690499808153564,,21.691192799768224,10.068435761758199
20.8,29.62094760174816,20.566979574528833,25.59990095379004,22.307398927628146,91.20221034737615,102.01180636738569,197.8560028076172,133.58599853515622,220.1629943847656,133.46800231933594,8.2280410004856,5.713049881813565,0.7667946619859369,-5.040927045341145,0.5036206923330887,,22.987140117473672,8.869737179046204
20.85,29.73784258124127,19.67427903335436,24.320276307394987,22.202410123617724,91.61421291086609,102.31881778242337,198.26800537109372,133.58599853515622,220.47000122070312,133.46800231933594,8.260511828122574,5.465077509265099,0.6494165527394721,-4.959447450969244,0.4250281811472238,,24.17885912750765,7.942354628151587
20.9,29.810091840631408,18.779153112651567,22.985643504532188,22.08242568038655,92.0282156006017,102.61282578714192,198.6820068359375,133.58700561523438,220.76400756835938,133.46800231933594,8.280581066842057,5.2164314201809905,0.4013847743896776,-4.9729217816824605,0.25027190024381263,,25.230187977254758,7.206682492685778
20.950000000000006,29.822225208485538,17.876171206252828,21.955614119222393,21.949428696650468,92.44220180665756,102.89381849991705,199.0959930419922,133.58700561523438,221.0449981689453,133.468994140625,8.283951446801538,4.965603112848007,0.06740759918961116,-5.0165661466588825,0.010299147468652053,,26.109423264600977,6.6145444487002285
21.0,29.76815553408394,16.968986995228082,21.051387571054864,21.804427393117198,92.8562032715017,103.16281569678085,199.50999450683597,133.58700561523438,221.3139953613281,133.468994140625,8.268932092801094,4.713607498674468,-0.30038708000891323,-5.039912283471436,-0.2564876601581607,-0.4214955781836228,26.79812595801015,6.1328763343787305
21.05,29.654035146361885,16.086995408631413,20.13906634959305,21.647432223484987,93.26820583498406,103.41782064489452,199.9219970703125,133.58700561523438,221.56900024414062,133.468994140625,8.237231985100523,4.468609835730948,-0.6340021540114104,-4.899953258870317,-0.5113752900167248,,27.28631289748796,5.744108569234123
21.1,29.494661258644424,15.135395225274427,19.2231055447901,21.478448389923933,93.67920251513415,103.65982555656281,200.3329925537109,133.58799743652344,221.81100463867188,133.468994140625,8.192961460734562,4.204276451465119,-0.8854104873192145,-5.286667685316515,-0.7224048296853615,,27.68671551134766,5.384830963513016
21.15,29.307460960397233,14.209619042719432,18.31418044588413,21.299433800133126,94.08720727589592,103.88881519594528,200.74099731445312,133.58799743652344,222.0399932861328,133.468994140625,8.14096137788812,3.9471164007553976,-1.040001656928903,-5.143201014194715,-0.8695364227360859,,27.960666373851375,5.0787244471422435
21.200000000000006,29.110146307395496,13.273412976250222,17.404533901758125,21.10943272630701,94.49321313529266,104.10482013827351,201.1470031738281,133.58799743652344,222.2559967041016,133.468994140625,8.086151752054304,3.687059160069506,-1.0961925166761395,-5.201144813717016,-0.9466488860597013,,28.17762996551206,4.798577047229718
21.25,28.918156560639787,12.32652573690216,16.489751831179312,20.910444104334683,94.89520593316266,104.30782519591179,201.5489959716797,133.58799743652344,222.45899963378903,133.468994140625,8.032821266844385,3.4240349269172667,-1.066609704198521,-5.260484663045462,-0.9604859923319109,,28.37117033481762,4.537072710977148
21.3,28.742009444393634,11.381202988530285,15.571174172579461,20.699437427289,95.29521635618048,104.49682328759405,201.94900512695312,133.58900451660156,222.6479949951172,133.468994140625,7.983891512331565,3.161445274591746,-0.978595090256395,-5.251793046510343,-0.9274782344101753,,28.555651881951835,4.292301766327771
21.35,28.586453128181468,10.425151484195123,14.646261417663537,20.477453993514732,95.69321135130406,104.67283684546284,202.3470001220703,133.58900451660156,222.82400512695312,133.468994140625,7.940681424494852,2.895875412276423,-0.864201756734234,-5.311397246306382,-0.8694135972038355,,28.74772830436541,4.0591081902528865
21.4,28.450085158893515,9.467169818282652,13.715063088226644,20.244453840370525,96.08920744505657,104.83583541218296,202.7429962158203,133.58900451660156,222.98699951171875,133.468994140625,7.902801433025976,2.6297693939674036,-0.7575998293775652,-5.32212036618069,-0.8089211731925634,,28.93771282596887,3.8392361923943414
21.450000000000006,28.326389261101784,8.50701641003638,12.778147608605002,19.999460470360244,96.48320463743998,104.98484255581005,203.13699340820312,133.58900451660156,223.1360015869141,133.468994140625,7.868441461417162,2.3630601138989946,-0.6871994321761745,-5.334185601367346,-0.7659316227712973,,29.110572364830382,3.6327045995333305
21.5,28.205427955296134,7.554505056042077,11.836699414686404,19.74145767232308,96.87621126005344,105.11984313852287,203.52999877929688,133.58999633789062,223.27099609375,133.468994140625,7.834841098693371,2.0984736266783544,-0.6720072544759119,-5.291729744413482,-0.7558926208660569,,29.240174349129894,3.4414502477621127
21.55,28.083927643366042,6.597327440708446,10.887732617894104,19.473469875987565,97.26621064970188,105.24185968101676,203.9199981689453,133.58999633789062,223.39300537109372,133.468994140625,7.801091012046123,1.8325909557523459,-0.6750017329449503,-5.317653418520094,-0.7890370776052282,,29.32465046743573,3.2627020298730747
21.6,27.95094490367164,5.641345648514682,9.938327660218132,19.192466667559785,97.65521821806128,105.34987018063113,204.3090057373047,133.58999633789062,223.5010070800781,133.468994140625,7.764151362131011,1.567040457920745,-0.7387929983022162,-5.31100995663194,-0.8690278640631921,,29.338013890844532,3.0969972934561603
21.65,27.78440749868223,4.684025048051928,8.985768260751382,18.90046219642744,98.04221162626455,105.44486677262209,204.6959991455078,133.58999633789062,223.5959930419922,133.468994140625,7.717890971856175,1.3011180689033133,-0.9252078054967854,-5.318447780348938,-0.9909187775972335,,29.234054565597678,2.945473219567685
21.700000000000006,27.58097145849926,3.7300447595965935,8.031431439086017,18.596479972988238,98.42720613310158,105.52588880325615,205.08099365234372,133.58999633789062,223.677001953125,133.468994140625,7.661380960694238,1.036123544332387,-1.1302002232385542,-5.299890491417695,-1.1408206608157125,,29.005852207992174,2.8069025451051406
21.75,27.340636746309546,0.5801720655723941,6.856796071953043,18.229458393933026,98.80821942693608,105.54133081328872,205.4620056152344,133.59100341796878,223.6909942626953,133.468994140625,7.594621318419318,0.1611589071034428,-1.3351928454985826,-17.499292744581123,-1.2989667950229595,,28.845669329951836,2.452347622382047
21.8,27.06764690359293,0.8416267481440995,5.802838447914422,17.853454307725784,99.1852183283098,105.55064859535923,205.8390045166016,133.59100341796878,223.69200134277344,133.468994140625,7.518790806553591,0.23378520781780543,-1.5166102373145092,1.452526014287232,-1.4447144973993962,,28.26292767017237,2.4507091392946374
21.85,26.769639101350265,0.9440264552192305,4.854725945016833,17.482457054309606,99.55921124824171,105.56176098843494,206.21299743652344,133.59100341796878,223.69500732421875,133.468994140625,7.436010861486184,0.26222957089423066,-1.6555989013481152,0.5688872615284964,-1.5610047500724225,,27.639080338509437,2.436989918738913
21.9,26.455431599994782,0.923408238535686,4.000349787042137,17.117447256053982,99.92821454415123,105.57325869668871,206.58200073242188,133.59100341796878,223.69900512695312,133.468994140625,7.34873099999855,0.25650228848213497,-1.7455972297527749,-0.11454564824192033,-1.637998198043924,,26.994690975837656,2.4135464064765024
21.950000000000006,26.13341178386301,0.8184502028618851,3.2314931663246877,16.756442322677405,100.29322003732658,105.58373527946048,206.94700622558597,133.59100341796878,223.7030029296875,133.468994140625,7.259281051073058,0.22734727857274584,-1.788998978509562,-0.5831001981876914,-1.6766258299755143,,26.345871322978187,2.3829033429144446
22.0,25.827159080438715,0.6646961310253275,2.5425122738230135,16.399448123353967,100.65322201394514,105.59211269896043,207.3070068359375,133.59199523925778,223.70599365234372,133.468994140625,7.174210855677421,0.1846378141737021,-1.7014039079129661,-0.8541892879809841,-1.6900946981340343,-1.4336070379758736,25.73763641509695,2.346269874179195
22.05,25.543478147816085,0.4920959279367526,1.931989122545844,16.047485071138812,101.0092095627776,105.59902752769229,207.6629943847656,133.59199523925778,223.7100067138672,133.468994140625,7.095410596615579,0.13669331331576462,-1.5760051812368079,-0.9588900171587358,-1.6994370858297878,,25.180389234507146,2.3060948385850706
22.1,25.24525412033557,0.3239518006762902,1.4002497377620045,15.697476073597088,101.36222164774105,105.60359330219386,208.01600646972656,133.59199523925778,223.71299743652344,133.468994140625,7.012570588982102,0.0899866112989695,-1.6568001526695162,-0.9341340403358892,-1.723863421069467,,24.59940007716867,2.26757139364264
22.15,24.93263115719141,0.17770278378167098,0.949617511334979,15.351495037742245,101.71021359110244,105.60610811483282,208.36399841308597,133.59199523925778,223.71499633789062,133.468994140625,6.925730876997614,0.049361884383797495,-1.7367942396898706,-0.8124945383034862,-1.773751258599665,,23.99591435350976,2.2324969368663186
22.200000000000006,24.60279743279213,0.0736062187697117,0.5839736572522908,15.010502910056404,102.0532159104407,105.60810702270588,208.70700073242188,133.59199523925778,223.7169952392578,133.468994140625,6.834110397997813,0.020446171880475473,-1.832409579995724,-0.5783142500663501,-1.8520869608285169,,23.366062338158724,2.2029968577775545
22.25,24.265585706800298,0.07219818389448357,0.5331762690844998,14.6735081501434,102.39222042704458,105.61038720576185,209.04600524902344,133.59199523925778,223.718994140625,133.468994140625,6.740440474111193,0.02005505108180099,-1.8733984777326371,-0.00782241597349065,-1.959685507122059,,22.730116705108422,2.183429281536076
22.3,23.91062591906192,0.11666451199754355,0.4606800454698442,14.339528106418829,102.72622157911356,105.6121555461185,209.3800048828125,133.59300231933594,223.718994140625,133.468994140625,6.641840533072756,0.03240680888820654,-1.971998820768722,0.24703515612810745,-2.0953495496880428,,22.069957447362803,2.1695514334964687
22.35,23.504905852621285,0.14280860311049706,0.3805582602589708,14.011551917570412,103.055216330095,105.61446298543505,209.70899963378903,133.59300231933594,223.72000122070312,133.468994140625,6.529140514617024,0.039669056419582516,-2.254000369114614,0.1452449506275175,-2.250646468118137,,21.32737266615689,2.1591173359269216
22.4,23.05864966880319,0.14813568117092318,0.3030310045224945,13.688566005802922,103.37821437697923,105.61656000536078,210.0319976806641,133.59300231933594,223.72000122070312,133.468994140625,6.405180463556442,0.04114880032525644,-2.4792010212117774,0.02959487811348015,-2.40760155766056,,20.525415338366937,2.1509233801673275
22.450000000000006,22.581576822391394,0.13735897102612993,0.23492188133891906,13.372569268206432,103.69422389847729,105.61847219524114,210.34800720214844,133.59300231933594,223.72000122070312,133.468994140625,6.272660228442054,0.03815526972948054,-2.6504047022873443,-0.05987061191550868,-2.5442576891371878,,19.68519421632687,2.144925364164635
22.5,22.085317383455404,0.11611003479576013,0.18006327171596231,13.061578106076254,104.00422145708795,105.62036271960716,210.6580047607422,133.59300231933594,223.718994140625,133.468994140625,6.134810384293168,0.0322527874432667,-2.756996882978073,-0.11804964572429186,-2.6437398913348487,,18.829873098951612,2.140341405283006
22.55,21.582289350666255,0.0895531694029167,0.13980899586257872,12.759590049521695,104.30622341022959,105.6215890295269,210.9600067138672,133.59300231933594,223.718994140625,133.468994140625,5.99508037518507,0.02487588038969908,-2.794600182161911,-0.14753814107135024,-2.69995773308653,,17.982279243406566,2.1372079781463578
22.6,21.082322068763315,0.061962016373822974,0.113610017432332,12.463614413808116,104.60221340047777,105.6224350165274,211.2559967041016,133.59300231933594,223.718994140625,133.468994140625,5.8562005746564765,0.017211671214950826,-2.777596010571837,-0.15328418349496295,-2.717918986040399,,17.159157239244067,2.134546455636774
22.65,20.591785888227424,0.03646873825365775,0.09948661287953067,12.17561941771898,104.89022304404213,105.6229316905072,211.54400634765625,133.59300231933594,223.718994140625,133.468994140625,5.719940524507618,0.010130205070460486,-2.725201002977324,-0.14162932288981483,-2.7107105951661206,,16.370266475983,2.13239974930055
22.700000000000006,20.11176055785744,0.015278780076045769,0.09365386901016408,11.893647123372626,105.17222246888636,105.6231346324774,211.8260040283203,133.593994140625,223.718994140625,133.468994140625,5.5866001549604,0.00424410557667938,-2.6668073909439465,-0.11772198987560371,-2.6954805985292905,,15.616218841867655,2.130574566081287
22.75,19.63803693737165,0.00498146036050068,0.0869321966567658,11.616669987854207,105.44822344545156,105.62412673481212,212.1020050048828,133.593994140625,223.71800231933597,133.468994140625,5.455010260381013,0.0013837389890279665,-2.631797891588067,-0.05720733175303559,-2.6896551900202827,,14.8894788527073,2.130077782464529
22.8,19.165032594288565,0.01417436242624474,0.07668318169963591,11.347688714974414,105.71722063783557,105.62430747480884,212.3710021972656,133.593994140625,223.71800231933597,133.468994140625,5.323620165080157,0.0039373228961790945,-2.627801906017096,0.05107167814302183,-2.7078371565331616,,14.181108903850335,2.1331473548603737
22.85,18.68536951863821,0.020538649336380253,0.06445618632222422,11.085711545602702,105.9792140460395,105.62458148501517,212.63299560546875,133.593994140625,223.71800231933597,133.468994140625,5.1903804218439475,0.005705180371216737,-2.664794864724145,0.03535714950075235,-2.7589018529034295,,13.480395372879812,2.1381648121909445
22.9,18.188245057281357,0.0,0.04964261820513191,10.830723257701726,106.23421892885271,105.62458148501517,212.88800048828125,133.593994140625,223.71800231933597,133.468994140625,5.052290293689266,0.0,-2.761802563093789,-0.11410360742434122,-2.8421687862725706,,12.772924186440765,2.1437212018513985
22.950000000000006,17.66333322712371,0.0,0.03590672110251892,10.581747299232106,106.48321187884454,105.62458148501517,213.13699340820312,133.593994140625,223.71800231933597,133.468994140625,4.9064814519788085,0.0,-2.9161768342086942,0.0,-2.9428385736125193,,12.046594082209998,2.156683121289133
23.0,17.10299099355705,0.0,0.02429571762294291,10.341758929423431,106.72321740233885,105.62458148501517,213.3769989013672,133.593994140625,223.71800231933597,133.468994140625,4.750830831543625,0.0,-3.113012408704073,0.0,-3.0308613939111098,-1.3407666957770754,11.294699456635835,2.176827070433178
23.05,16.50283266070997,0.0,0.015340400682651238,10.108774629126362,106.95621911779007,105.62458148501517,213.6100006103516,133.593994140625,223.71800231933597,133.468994140625,4.584120183530547,0.0,-3.3342129602615125,0.0,-3.0707525185161963,,10.51624816889313,2.2051674416761253
23.1,15.894469650870544,0.0,0.009144199045268937,9.88479311911936,107.180218141906,105.62458148501517,213.83399963378903,133.593994140625,223.71800231933597,133.468994140625,4.415130458575151,0.0,-3.379794499107872,0.0,-3.044655076301598,,9.755519744036162,2.238840012421569
23.15,15.353892473605054,0.0,0.005497325219903161,9.668807359959867,107.3962215598991,105.62458148501517,214.0500030517578,133.593994140625,223.71800231933597,133.468994140625,4.264970131556959,0.0,-3.0032065403640047,0.0,-2.9748309006865945,,9.103516051799607,2.267022837555449
23.200000000000006,14.898601869915188,0.0,0.003969447212298584,9.459838942100705,107.60522362052143,105.62458148501517,214.25900268554688,133.59500122070312,223.71800231933597,133.468994140625,4.1385005194208855,0.0,-2.5293922427210758,0.0,-2.921465802020269,,8.571871275662312,2.2858076348261767
23.25,14.450184568560285,0.0,0.003471301176248516,9.255862691146287,107.80921837240757,105.62458148501517,214.46299743652344,133.59500122070312,223.71800231933597,133.468994140625,4.013940157933413,0.0,-2.491207229749771,0.0,-2.948327960365115,,8.063886676051123,2.305923672931624
23.3,13.930884859338052,0.0,0.002053864933624042,9.059882105412443,108.00521751887341,105.62458148501517,214.65899658203125,133.59500122070312,223.71800231933597,133.468994140625,3.8696902387050143,0.0,-2.884998384567931,0.0,-3.0813914378197556,,7.494991652241844,2.34123615436536
23.35,13.337496915625328,0.0,0.0,8.870890159903409,108.19422813974951,105.62458148501517,214.84800720214844,133.59500122070312,223.71800231933597,133.468994140625,3.704860254340369,0.0,-3.2965996872928627,0.0,-3.2948478288821135,,6.870405472604172,2.394386186536732
23.4,12.672109012298217,0.0,0.0,8.690916022464592,108.37422081602587,105.62458148501517,215.0279998779297,133.59500122070312,223.71800231933597,133.468994140625,3.520030281193949,0.0,-3.6965994629286105,0.0,-3.532138137747556,,6.202347650823563,2.468981979807559
23.450000000000006,11.963628886445566,0.0,0.0,8.520936081278338,108.54421898525364,105.62458148501517,215.197998046875,133.59500122070312,223.71800231933597,133.468994140625,3.3232302462348793,0.0,-3.936000699180775,0.0,-3.7397495110909573,,5.528577095237638,2.564044561909803
23.5,11.237724371126445,0.0,0.0,8.360950252101002,108.7042226475105,105.62458148501517,215.3580017089844,133.59500122070312,223.71800231933597,133.468994140625,3.121590103090679,0.0,-4.032802862884522,0.0,-3.88888104779857,,4.878406566063019,2.6784181112189454
23.55,10.50454828193307,0.0,0.0,8.210973703821423,108.85421654406949,105.62458148501517,215.50799560546875,133.59500122070312,223.71800231933597,133.468994140625,2.917930078314742,0.0,-4.073200495518683,0.0,-3.977607961456304,,4.262994831123567,2.813962413019693
23.6,9.77508092095752,0.0,0.0,8.07198278842729,108.993224112465,105.62458148501517,215.6470031738281,133.59500122070312,223.71800231933597,133.468994140625,2.715300255821533,0.0,-4.052596449864123,0.0,-4.020222079584893,,3.6918593401438837,2.972766287432986
23.65,9.049104300604034,0.0,0.0,7.942009264349017,109.12321373650788,105.62458148501517,215.7769927978516,133.59500122070312,223.71800231933597,133.468994140625,2.5136400835011203,0.0,-4.03320344640848,0.0,-4.033605640005926,,3.1642215148587614,3.159552443865633
23.700000000000006,8.323344831248896,0.0,0.0,7.822014227299955,109.2432241124946,105.62458148501517,215.8970031738281,133.59500122070312,223.71800231933597,133.468994140625,2.312040230902471,0.0,-4.031997051972356,0.0,-4.027984054575922,,2.6773900951175804,3.383150643853771
23.75,7.593840574195218,0.0,0.0,7.713035041392951,109.35221764277328,105.62458148501517,216.0059967041016,133.59500122070312,223.71800231933597,133.468994140625,2.1094001594986715,0.0,-4.052801428076508,0.0,-4.009909748701401,,2.229004316765508,3.656488998434545
23.8,6.8575685650636755,0.0,0.0,7.613042460688093,109.45222374629128,105.62458148501517,216.1060028076172,133.59500122070312,223.71800231933597,133.468994140625,1.904880156962132,0.0,-4.090400050730731,0.0,-4.007337982485237,,1.8180949665079627,3.9965781926392907
23.85,6.112944358050827,0.0,0.0,7.524050281527297,109.54122826289324,105.62458148501517,216.19500732421875,133.59500122070312,223.71800231933597,133.468994140625,1.698040099458563,0.0,-4.136801150071324,0.0,-4.101227845782308,,1.44506716988354,4.430994282163054
23.9,5.563008224003497,0.0,0.0,7.444075048547917,109.62121483517427,105.62458148501517,216.2749938964844,133.59500122070312,223.71800231933597,133.468994140625,1.5452800622231935,0.0,-3.055200744707563,0.0,-4.410387779151765,,1.1970367954767045,4.817267146491708
23.950000000000006,4.8984842635308565,0.0,0.0,7.372079241494577,109.69322106079755,105.62458148501517,216.3470001220703,133.59500122070312,223.71800231933597,133.468994140625,1.3606900732030156,0.0,-3.69179978040298,0.0,-4.972666753311405,,0.9284611178030199,5.417857606299009
24.0,4.026744390657375,0.0,0.0,7.311083589787867,109.75422569946998,105.62458148501517,216.4080047607422,133.59500122070312,223.71800231933597,133.468994140625,1.1185401085159374,0.0,-4.842999293742182,0.0,-5.581156929018478,-2.5502955351073684,0.6278040673964543,6.536214635469499
24.05,2.491128298468922,0.0,0.0,7.265100473665613,109.80021568998491,105.62458148501517,216.45399475097656,133.59500122070312,223.71800231933597,133.468994140625,0.6919800829080338,0.0,-8.531200512157952,0.0,-5.7882714096102905,,0.24080317773652074,10.498850566087018
24.1,0.017430467572821354,0.0,0.0,7.252101941182903,109.81321619894916,105.62458148501517,216.4669952392578,133.59500122070312,223.71800231933597,133.468994140625,0.004841796548005932,0.0,-13.74276572720036,0.0,-5.2150140467780615,,2.2405090002152944e-05,1494.7250713065218
24.15,2.045839287546935e-05,0.0,0.0,7.252101939757045,109.81322607900113,105.62458148501517,216.4669952392578,133.59500122070312,223.71800231933597,133.468994140625,5.682886909852597e-06,0.0,-0.09672227322192709,0.0,-3.921973084217531,,1.0113819214215202e-06,462421.3629444075
24.200000000000006,2.19022746925669e-05,0.0,0.0,7.252101940762986,109.81323305903099,105.62458148501517,216.4669952392578,133.59500122070312,223.71800231933597,133.468994140625,6.083965192379694e-06,0.0,8.021565650540682e-06,0.0,-2.404152463739099,,1.0121864377009903e-06,450890.17876008
24.25,2.5226085868287885e-05,0.0,0.0,7.2521019429078795,109.81324778906165,105.62458148501517,216.4669952392578,133.59500122070312,223.71800231933597,133.468994140625,7.007246074524412e-06,0.0,1.8465617642896724e-05,0.0,-1.1842252165524882,,1.014039042897823e-06,426412.4780184716
24.3,2.4611421999015666e-05,0.0,0.0,7.252101945466692,109.81326509908868,105.62458148501517,216.4669952392578,133.59500122070312,223.71800231933597,133.468994140625,6.836506110837685e-06,0.0,-3.4147992737344916e-06,0.0,-0.464581665109193,,1.0136963811295772e-06,430736.7513024868
24.35,2.3175716600774743e-05,0.0,0.0,7.253093619588662,109.81425706571586,105.62458148501517,216.46600341796875,133.59500122070312,223.71800231933597,133.468994140625,6.437699055770762e-06,0.0,-7.976141101338355e-06,0.0,-0.14432822554562413,,1.0128961200961077e-06,441247.50033322506
24.4,2.0409469824590555e-05,0.0,0.0,7.253093621930988,109.81427243568157,105.62458148501517,216.46600341796875,133.59500122070312,223.71800231933597,133.468994140625,5.669297173497377e-06,0.0,-1.5368037645468573e-05,0.0,-0.03535885822963936,,1.0113546648122155e-06,462885.7019955352
24.450000000000006,1.7879933052922986e-05,0.0,0.0,7.253093623981035,109.81428571564301,105.62458148501517,216.46600341796875,133.59500122070312,223.71800231933597,133.468994140625,4.966648070256385e-06,0.0,-1.4052982064817636e-05,0.0,-0.0067964685480709,,1.0099456299370396e-06,484617.10263604706
24.5,1.5102790429868592e-05,0.0,0.0,7.2530936257069465,109.81429677568063,105.62458148501517,216.46600341796875,133.59500122070312,223.71800231933597,133.468994140625,4.195219563852386e-06,0.0,-1.542857012808195e-05,0.0,-0.0009775587312895468,,1.0083992390612992e-06,510953.2538810944
24.55,5.063691031598603e-06,0.0,0.0,7.253093626060113,109.81429902563956,105.62458148501517,216.46600341796875,133.59500122070312,223.71800231933597,133.468994140625,1.406580842110723e-06,0.0,-5.5772774434832466e-05,0.0,-2.0257445760768496e-05,,1.002814150919054e-06,635869.2167667983
24.6,7.2574864087385435e-06,0.0,0.0,7.253093626774883,109.8143035657207,105.62458148501517,216.46600341796875,133.59500122070312,223.71800231933597,133.468994140625,2.0159684468718175e-06,0.0,1.2187752095221715e-05,0.0,-9.599035093717036e-06,,1.0040339689581332e-06,603621.2277723749
24.65,8.217939443456993e-06,0.0,0.0,7.253093627608128,109.81430883572592,105.62458148501517,216.46600341796875,133.59500122070312,223.71800231933597,133.468994140625,2.2827609565158314e-06,0.0,5.335850192880582e-06,0.0,-5.321561374314944e-06,,1.004568127411824e-06,590510.0370581147
24.700000000000006,9.536226996298453e-06,0.0,0.0,7.2530936284133665,109.8143139057296,105.62458148501517,216.46600341796875,133.59500122070312,223.71800231933597,133.468994140625,2.648951943416237e-06,0.0,7.323819738006964e-06,0.0,-2.826417957389579e-06,,1.0053014123600317e-06,573414.5928341985
24.75,7.614366099131821e-06,0.0,0.0,7.253093629155009,109.8143185557068,105.62458148501517,216.46600341796875,133.59500122070312,223.71800231933597,133.468994140625,2.1151016942032836e-06,0.0,-1.0677004984260432e-05,0.0,-2.490266105966415e-06,,1.0042324402159949e-06,598682.0261381213
24.8,7.200292113295868e-06,0.0,0.0,7.253093629790557,109.8143225257021,105.62458148501517,216.46600341796875,133.59500122070312,223.71800231933597,133.468994140625,2.0000811425821853e-06,0.0,-2.3004110324219315e-06,0.0,-3.5516785168973973e-06,,1.0040021624474528e-06,604420.3821300021
24.85,7.004454481445192e-06,0.0,0.0,7.253093630317287,109.81432580570379,105.62458148501517,216.46600341796875,133.59500122070312,223.71800231933597,133.468994140625,1.9456818004014423e-06,0.0,-1.087986843614846e-06,0.0,-5.04616795746158e-06,,1.0038932564396371e-06,607172.847185126
24.9,7.097628349298456e-06,0.0,0.0,7.2530936307536065,109.81432851573608,105.62458148501517,216.46600341796875,133.59500122070312,223.71800231933597,133.468994140625,1.9715634303606823e-06,0.0,5.176325991848301e-07,0.0,-6.0769098853043825e-06,,1.0039450703919014e-06,605860.1846738979
24.950000000000006,7.127061245823949e-07,0.0,0.0,7.25309363092615,109.81432958570929,105.62458148501517,216.46600341796875,133.59500122070312,223.71800231933597,133.468994140625,1.979739234951097e-07,0.0,-3.547179013730591e-05,0.0,-5.860942129363392e-06,,1.0003959674438275e-06,711228.8857903185
25.0,1.5915698361470472e-06,0.0,0.0,7.25309363092615,109.81432958570929,105.62458148501517,216.46600341796875,133.59500122070312,223.71800231933597,133.468994140625,4.4210273226306867e-07,0.0,4.882576175359804e-06,0.0,-4.225949028204119e-06,5.58115270306945,1.0008843031919389e-06,694600.8688955142
25.05,2.5558229241926004e-06,0.0,0.0,7.253093631232939,109.81433148572376,105.62458148501517,216.46600341796875,133.59500122070312,223.71800231933597,133.468994140625,7.099508122757223e-07,0.0,5.356961600252997e-06,0.0,-1.8986312224100026e-06,,1.0014201536396293e-06,677229.4064058126
25.1,2.950260104283396e-06,0.0,0.0,7.253093631405924,109.81433255569698,105.62458148501517,216.46600341796875,133.59500122070312,223.71800231933597,133.468994140625,8.195166956342766e-07,0.0,2.1913176671710553e-06,0.0,9.49950661690672e-08,,1.0016393691950758e-06,670371.3146755048
25.15,2.154265936924992e-06,0.0,0.0,7.2530936315725985,109.81433358573976,105.62458148501517,216.46600341796875,133.59500122070312,223.71800231933597,133.468994140625,5.984072047013867e-07,0.0,-4.42218981865805e-06,0.0,1.1209418379932801e-06,,1.0011969934549942e-06,684356.9501986271
25.200000000000006,3.744759661421368e-06,0.0,0.0,7.2530936315725985,109.81433358573976,105.62458148501517,216.46600341796875,133.59500122070312,223.71800231933597,133.468994140625,1.040211017061491e-06,0.0,8.836076247200705e-06,0.0,9.546817706779869e-07,,1.002080963053603e-06,656970.5615557258
25.25,4.1580010733728095e-06,0.0,0.0,7.2530936318334,109.81433519564725,105.62458148501517,216.46600341796875,133.59500122070312,223.71800231933597,133.468994140625,1.1550002981591136e-06,0.0,2.295785621952745e-06,0.0,-3.439445608578361e-07,,1.0023106676091628e-06,650210.07960263
25.3,5.989280314325155e-06,0.0,0.0,7.2530936318334,109.81433519564725,105.62458148501517,216.46600341796875,133.59500122070312,223.71800231933597,133.468994140625,1.6636889762014317e-06,0.0,1.0173773560846217e-05,0.0,-2.1514041249282714e-06,,1.0033287618829076e-06,621852.4556538329
25.35,0.0,0.0,0.0,7.2530936318334,109.81433519564725,105.62458148501517,216.46600341796875,133.59500122070312,223.71800231933597,133.468994140625,0.0,0.0,-3.3273779524028163e-05,0.0,-3.276266728294942e-06,,1e-06,inf
25.4,2.6152297505600637e-07,0.0,0.0,7.253093632018302,109.81433633570248,105.62458148501517,216.46600341796875,133.59500122070312,223.71800231933597,133.468994140625,7.264527084889066e-08,0.0,1.4529054169778958e-06,0.0,-2.781574510589169e-06,,1.0001452931803655e-06,720078.3346366206
25.450000000000006,4.1134166044050845e-07,0.0,0.0,7.253093632018302,109.81433633570248,105.62458148501517,216.46600341796875,133.59500122070312,223.71800231933597,133.468994140625,1.1426157234458567e-07,0.0,8.323260299137701e-07,0.0,-8.066929247488227e-07,,1.0002285296725427e-06,717115.4888707276
25.5,1.0462126185499758e-06,0.0,0.0,7.253093632018302,109.81433633570248,105.62458148501517,216.46600341796875,133.59500122070312,223.71800231933597,133.468994140625,2.9061461626388215e-07,0.0,3.527060878386381e-06,0.0,1.6054484278379453e-06,,1.0005812714609555e-06,704826.0869234275
25.55,1.675319833098921e-06,0.0,0.0,7.253093632018302,109.81433633570248,105.62458148501517,216.46600341796875,133.59500122070312,223.71800231933597,133.468994140625,4.6536662030525586e-07,0.0,3.4950400808274247e-06,0.0,3.3004517819577362e-06,,1.0009308415236563e-06,693056.8125483159
25.6,4.3676667786680025e-06,0.0,0.0,7.253093632018302,109.81433633570248,105.62458148501517,216.46600341796875,133.59500122070312,223.71800231933597,133.468994140625,1.2132407718522228e-06,0.0,1.4957483030939126e-05,0.0,3.5452910265745797e-06,,1.0024272175202899e-06,646832.952184993
25.65,3.886998418841437e-06,0.0,0.0,7.253093632018302,109.81433633570248,105.62458148501517,216.46600341796875,133.59500122070312,223.71800231933597,133.468994140625,1.0797217830115103e-06,0.0,-2.670379776814402e-06,0.0,2.1931811893817267e-06,,1.0021600264655875e-06,654627.7762262442
25.700000000000006,5.907149158797071e-06,0.0,0.0,7.253093632203367,109.81433747564131,105.62458148501517,216.46600341796875,133.59500122070312,223.71800231933597,133.468994140625,1.6408747663325197e-06,0.0,1.1223059666418434e-05,0.0,-2.052578998392265e-07,,1.0032830957676644e-06,623071.1847515621
25.75,4.087944452843041e-06,0.0,0.0,7.253093632203367,109.81433747564131,105.62458148501517,216.46600341796875,133.59500122070312,223.71800231933597,133.468994140625,1.1355401257897336e-06,0.0,-1.0106692810857015e-05,0.0,-2.459221891908224e-06,,1.0022717249772681e-06,651346.3693966059
25.8,5.1590638056352e-07,0.0,0.0,7.253093632203367,109.81433747564131,105.62458148501517,216.46600341796875,133.59500122070312,223.71800231933597,133.468994140625,1.433073279343111e-07,0.0,-1.984465595710817e-05,0.0,-3.33275439991848e-06,,1.0002866249243638e-06,715062.0007567554
25.85,6.268259373937306e-08,0.0,0.0,7.253093632234245,109.81433766574752,105.62458148501517,216.46600341796875,133.59500122070312,223.71800231933597,133.468994140625,1.7411831594270295e-08,0.0,-2.5179099268007806e-06,0.0,-2.4346135011585215e-06,,1.0000348238147745e-06,724048.6618867416
25.9,1.443241616676318e-06,0.0,0.0,7.253093632234245,109.81433766574752,105.62458148501517,216.46600341796875,133.59500122070312,223.71800231933597,133.468994140625,4.0090044907675504e-07,0.0,7.669772349650131e-06,0.0,-4.867478203758164e-07,,1.0008018812587387e-06,697352.4713312752
25.950000000000006,2.163553245475088e-06,0.0,0.0,7.253093632234245,109.81433766574752,105.62458148501517,216.46600341796875,133.59500122070312,223.71800231933597,133.468994140625,6.009870126319689e-07,0.0,4.001731271103651e-06,0.0,1.3620148954309705e-06,,1.0012021546179586e-06,684190.4082696802
26.0,1.6857173633719015e-06,0.0,0.0,7.253093632234245,109.81433766574752,105.62458148501517,216.46600341796875,133.59500122070312,223.71800231933597,133.468994140625,4.682548231588615e-07,0.0,-2.6546437894624875e-06,0.0,2.3207688101661167e-06,6.546717838370236e-06,1.0009366192776074e-06,692865.5974430682
26.05,3.7770318873868613e-06,0.0,0.0,7.253093632234245,109.81433766574752,105.62458148501517,216.46600341796875,133.59500122070312,223.71800231933597,133.468994140625,1.049175524274128e-06,0.0,1.1618414022305165e-05,0.0,2.1291837493869756e-06,,1.0020989014331886e-06,656437.542900807
26.1,3.913996916519674e-06,0.0,0.0,7.253093632234245,109.81433766574752,105.62458148501517,216.46600341796875,133.59500122070312,223.71800231933597,133.468994140625,1.0872213656999093e-06,0.0,7.609168285156148e-07,0.0,9.84163494374368e-07,,1.002175033756549e-06,654184.9750265516
26.15,5.356849913564255e-06,0.0,0.0,7.253093632234245,109.81433766574752,105.62458148501517,216.46600341796875,133.59500122070312,223.71800231933597,133.468994140625,1.4880138648789596e-06,0.0,8.015849983581461e-06,0.0,-4.243328717450051e-07,,1.0029771348223888e-06,631361.8452714728
26.200000000000006,1.7164972061730075e-07,0.0,0.0,7.253093632234245,109.81433766574752,105.62458148501517,216.46600341796875,133.59500122070312,223.71800231933597,133.468994140625,4.768047794925021e-08,0.0,-2.8806667738589687e-05,0.0,-1.1958522889758925e-06,,1.0000953620926123e-06,721867.4646503702
26.25,2.162742600460484e-06,0.0,0.0,7.253093632234245,109.81433766574752,105.62458148501517,216.46600341796875,133.59500122070312,223.71800231933597,133.468994140625,6.007618334612455e-07,0.0,1.1061627110241321e-05,0.0,-9.370614589371399e-07,,1.0012017041243128e-06,684204.9416995574
26.3,2.4034292107999104e-06,0.0,0.0,7.253093632234245,109.81433766574752,105.62458148501517,216.46600341796875,133.59500122070312,223.71800231933597,133.468994140625,6.676192252221973e-07,0.0,1.3371478352190172e-06,0.0,-3.117663178495671e-08,,1.0013354613081593e-06,679916.8098431231
26.35,3.3644569361122588e-06,0.0,0.0,7.253093632234245,109.81433766574752,105.62458148501517,216.46600341796875,133.59500122070312,223.71800231933597,133.468994140625,9.34571371142294e-07,0.0,5.339042918401859e-06,0.0,9.606561116470443e-07,,1.0018695794541083e-06,663317.5993872123
26.4,2.1972274777140127e-06,0.0,0.0,7.253093632234245,109.81433766574752,105.62458148501517,216.46600341796875,133.59500122070312,223.71800231933597,133.468994140625,6.103409660316702e-07,0.0,-6.4846081022128455e-06,0.0,1.8367622982245518e-06,,1.0012208681901108e-06,683587.2339498383
26.450000000000006,2.334404611363196e-06,0.0,0.0,7.253093632234245,109.81433766574752,105.62458148501517,216.46600341796875,133.59500122070312,223.71800231933597,133.468994140625,6.484457253786655e-07,0.0,7.620951869397872e-07,0.0,2.4419273844694114e-06,,1.0012971016916867e-06,681141.0622066461
26.5,4.394242038060498e-06,0.0,0.0,7.253093632234245,109.81433766574752,105.62458148501517,216.46600341796875,133.59500122070312,223.71800231933597,133.468994140625,1.2206227883501383e-06,0.0,1.144354125943092e-05,0.0,2.2473839987991663e-06,,1.002441990536696e-06,646407.4026055667
26.55,6.453877480642097e-06,0.0,0.0,7.253093632234245,109.81433766574752,105.62458148501517,216.46600341796875,133.59500122070312,223.71800231933597,133.468994140625,1.7927437446228048e-06,0.0,1.1442419125453167e-05,0.0,8.493247266049541e-07,,1.0035870944543125e-06,615047.167080305
26.6,6.659949563241395e-06,0.0,0.0,7.253093632234245,109.81433766574752,105.62458148501517,216.46600341796875,133.59500122070312,223.71800231933597,133.468994140625,1.8499859897892763e-06,0.0,1.1448449033294138e-06,0.0,-1.1362761747468685e-06,,1.0037016832036598e-06,612076.1356582181
26.65,6.865851071628503e-07,0.0,0.0,7.253093632234245,109.81433766574752,105.62458148501517,216.46600341796875,133.59500122070312,223.71800231933597,133.468994140625,1.9071808532301397e-07,0.0,-3.318535808932713e-05,0.0,-2.27640968956457e-06,,1.00038145435734e-06,711735.2841582748
26.700000000000006,1.544824491438889e-06,0.0,0.0,7.253093632234245,109.81433766574752,105.62458148501517,216.46600341796875,133.59500122070312,223.71800231933597,133.468994140625,4.291179142885803e-07,0.0,4.767996579310581e-06,0.0,-1.7326963056481157e-06,,1.0008583278996694e-06,695465.6848108916
26.75,2.368728317893782e-06,0.0,0.0,7.253093632234245,109.81433766574752,105.62458148501517,216.46600341796875,133.59500122070312,223.71800231933597,133.468994140625,6.579800883038284e-07,0.0,4.577243480305547e-06,0.0,-1.3575122174267935e-07,,1.0013161766455059e-06,680531.7304161472
26.8,4.5316679430994565e-06,0.0,0.0,7.253093632234245,109.81433766574752,105.62458148501517,216.46600341796875,133.59500122070312,223.71800231933597,133.468994140625,1.2587966508609601e-06,0.0,1.2016331251142464e-05,0.0,1.1486408198937052e-06,,1.0025183855862262e-06,644215.7059191224
26.85,3.330357043856735e-06,0.0,0.0,7.253093632234245,109.81433766574752,105.62458148501517,216.46600341796875,133.59500122070312,223.71800231933597,133.468994140625,9.25099178849093e-07,0.0,-6.673949440237248e-06,0.0,1.2561200774634482e-06,,1.0018506262619436e-06,663892.7037180748
26.9,4.188756945439005e-06,0.0,0.0,7.253093632234245,109.81433766574752,105.62458148501517,216.46600341796875,133.59500122070312,223.71800231933597,133.468994140625,1.1635435959552791e-06,0.0,4.768888342123994e-06,0.0,1.7850550998414094e-07,,1.0023277641087606e-06,649712.4833070164
26.950000000000006,5.046478406093253e-06,0.0,0.0,7.253093632234245,109.81433766574752,105.62458148501517,216.46600341796875,133.59500122070312,223.71800231933597,133.468994140625,1.4017995572481259e-06,0.0,4.76511922585619e-06,0.0,-1.531871252107552e-06,,1.0028045816354957e-06,636135.8657303752
27.0,3.913508828513777e-06,0.0,0.0,7.253093632234245,109.81433766574752,105.62458148501517,216.46600341796875,133.59500122070312,223.71800231933597,133.468994140625,1.0870857856982714e-06,0.0,-6.294275430997893e-06,0.0,-2.9790144578890377e-06,-5.299783268055155e-06,1.0021747624491494e-06,654192.9748203388
27.05,1.0299058977059348e-07,0.0,0.0,7.253093632234245,109.81433766574752,105.62458148501517,216.46600341796875,133.59500122070312,223.71800231933597,133.468994140625,2.8608497158498188e-08,0.0,-2.1169545770795165e-05,0.0,-3.257092479545496e-06,,1.0000572174035401e-06,723240.2814696908
27.1,4.806204487764571e-07,0.0,0.0,7.253093632234245,109.81433766574752,105.62458148501517,216.46600341796875,133.59500122070312,223.71800231933597,133.468994140625,1.3350568021568252e-07,0.0,2.097943661143657e-06,0.0,-2.114006110319311e-06,,1.0002670202723147e-06,715753.6454925901
27.15,9.61260066904546e-07,0.0,0.0,7.253093632234245,109.81433766574752,105.62458148501517,216.46600341796875,133.59500122070312,223.71800231933597,133.468994140625,2.670166852512628e-07,0.0,2.6702201007117575e-06,0.0,-2.4556805513246545e-07,,1.0005340690194576e-06,706446.0743161576
27.200000000000006,2.6446579247798443e-06,0.0,0.0,7.253093632234245,109.81433766574752,105.62458148501517,216.46600341796875,133.59500122070312,223.71800231933597,133.468994140625,7.346272013277345e-07,0.0,9.352210321527973e-06,0.0,1.2732613809042744e-06,,1.001469524241218e-06,675672.6150058691
27.25,1.7872565775595054e-06,0.0,0.0,7.253093632234245,109.81433766574752,105.62458148501517,216.46600341796875,133.59500122070312,223.71800231933597,133.468994140625,4.96460160433196e-07,0.0,-4.76334081789138e-06,0.0,1.7382363868723309e-06,,1.0009930435572118e-06,691003.7785476532
27.3,3.4682021405987733e-06,0.0,0.0,7.253093632234245,109.81433766574752,105.62458148501517,216.46600341796875,133.59500122070312,223.71800231933597,133.468994140625,9.633894834996593e-07,0.0,9.338586461329133e-06,0.0,1.0447571321793699e-06,,1.0019272430266476e-06,661574.0180671718
27.35,3.879148462515728e-06,0.0,0.0,7.253093632234245,109.81433766574752,105.62458148501517,216.46600341796875,133.59500122070312,223.71800231933597,133.468994140625,1.0775412395877022e-06,0.0,2.2830351217608264e-06,0.0,-3.9658606299432847e-07,,1.0021556630267371e-06,654756.6355531978
27.4,3.0580999707566063e-06,0.0,0.0,7.253093632234245,109.81433766574752,105.62458148501517,216.46600341796875,133.59500122070312,223.71800231933597,133.468994140625,8.494722140990573e-07,0.0,-4.561380509773158e-06,0.0,-1.7539055832978162e-06,,1.0016993052297194e-06,668520.4117863666
27.450000000000006,0.0,0.0,0.0,7.253093632234245,109.81433766574752,105.62458148501517,216.46600341796875,133.59500122070312,223.71800231933597,133.468994140625,0.0,0.0,-1.6989444281978492e-05,0.0,-2.142762117866798e-06,,1e-06,inf
27.5,4.807584311892437e-07,0.0,0.0,7.253093632234245,109.81433766574752,105.62458148501517,216.46600341796875,133.59500122070312,223.71800231933597,133.468994140625,1.335440086636788e-07,0.0,2.6708801732739174e-06,0.0,-1.2767422721724602e-06,,1.0002670969343286e-06,715750.9382732447
27.55,9.958057129300422e-07,0.0,0.0,7.253093632234245,109.81433766574752,105.62458148501517,216.46600341796875,133.59500122070312,223.71800231933597,133.468994140625,2.766126980361228e-07,0.0,2.8613737874488395e-06,0.0,2.8737836840746296e-07,,1.0005532636533646e-06,705786.414780458
27.6,1.4761852437567239e-06,0.0,0.0,7.253093632234245,109.81433766574752,105.62458148501517,216.46600341796875,133.59500122070312,223.71800231933597,133.468994140625,4.1005145659909e-07,0.0,2.668775171259305e-06,0.0,1.6434302308568577e-06,,1.0008201869842967e-06,696739.4601720627
27.65,3.089613350485638e-06,0.0,0.0,7.253093632234245,109.81433766574752,105.62458148501517,216.46600341796875,133.59500122070312,223.71800231933597,133.468994140625,8.582259306904549e-07,0.0,8.963489481827809e-06,0.0,2.1886651942338718e-06,,1.001716820137255e-06,667981.462029961
27.700000000000006,2.265894751111274e-06,0.0,0.0,7.253093632234245,109.81433766574752,105.62458148501517,216.46600341796875,133.59500122070312,223.71800231933597,133.468994140625,6.294152086420205e-07,0.0,-4.576214440967972e-06,0.0,1.8132571641996399e-06,,1.0012590284990365e-06,682360.5522848774
27.75,3.9134900970252745e-06,0.0,0.0,7.253093632234245,109.81433766574752,105.62458148501517,216.46600341796875,133.59500122070312,223.71800231933597,133.468994140625,1.0870805825070206e-06,0.0,9.153307477301172e-06,0.0,7.195652760698901e-07,,1.0021747520371104e-06,654193.2818345376
27.8,3.0552869674540394e-06,0.0,0.0,7.253093632234245,109.81433766574752,105.62458148501517,216.46600341796875,133.59500122070312,223.71800231933597,133.468994140625,8.486908242927887e-07,0.0,-4.767795164284571e-06,0.0,-6.938417924084291e-07,,1.0016977417866434e-06,668568.5627608494
27.85,3.398562873515061e-06,0.0,0.0,7.253093632234245,109.81433766574752,105.62458148501517,216.46600341796875,133.59500122070312,223.71800231933597,133.468994140625,9.440452426430725e-07,0.0,1.907088367005649e-06,0.0,-1.837941523441052e-06,,1.0018885360959962e-06,662743.3888862988
27.9,3.089677238108499e-07,0.0,0.0,7.253093632234245,109.81433766574752,105.62458148501517,216.46600341796875,133.59500122070312,223.71800231933597,133.468994140625,8.582436772523609e-08,0.0,-1.7164417498357704e-05,0.0,-2.1409255297590515e-06,,1.0001716524183615e-06,719137.411855419
27.950000000000006,8.239294729154768e-07,0.0,0.0,7.253093632234245,109.81433766574752,105.62458148501517,216.46600341796875,133.59500122070312,223.71800231933597,133.468994140625,2.288692980320769e-07,0.0,2.860898606136369e-06,0.0,-1.4651017018695167e-06,,1.000457764786642e-06,709080.683397691
28.0,1.2015433944952986e-06,0.0,0.0,7.253093632234245,109.81433766574752,105.62458148501517,216.46600341796875,133.59500122070312,223.71800231933597,133.468994140625,3.337620540264718e-07,0.0,2.0978551198881668e-06,0.0,-2.5358568972157145e-07,2.7254287681674664e-06,1.0006675798066073e-06,701883.166489994
28.05,1.544807287566276e-06,0.0,0.0,7.253093632234245,109.81433766574752,105.62458148501517,216.46600341796875,133.59500122070312,223.71800231933597,133.468994140625,4.291131354350766e-07,0.0,1.9070216281720688e-06,0.0,8.176469092558715e-07,,1.0008583183399116e-06,695466.0034888636
28.1,1.9249746980661513e-06,0.0,0.0,7.253093632234245,109.81433766574752,105.62458148501517,216.46600341796875,133.59500122070312,223.71800231933597,133.468994140625,5.347151939072642e-07,0.0,2.112041169443721e-06,0.0,1.2601629453810348e-06,,1.0010695733479839e-06,688494.5153931698
28.15,2.437350112275532e-06,0.0,0.0,7.253093632234245,109.81433766574752,105.62458148501517,216.46600341796875,133.59500122070312,223.71800231933597,133.468994140625,6.770416978543144e-07,0.0,2.8465300789411652e-06,0.0,9.008026987983847e-07,,1.001354312588439e-06,679316.784319747
28.200000000000006,2.9522950788598467e-06,0.0,0.0,7.253093632234245,109.81433766574752,105.62458148501517,216.46600341796875,133.59500122070312,223.71800231933597,133.468994140625,8.200819663499574e-07,0.0,2.8608053699124134e-06,0.0,-1.0480469729267977e-07,,1.0016405001999157e-06,670336.2927185846
28.25,3.329914904421304e-06,0.0,0.0,7.253093632234245,109.81433766574752,105.62458148501517,216.46600341796875,133.59500122070312,223.71800231933597,133.468994140625,9.24976362339251e-07,0.0,2.0978879197861416e-06,0.0,-1.2176782520655103e-06,,1.001850380515314e-06,663900.1670737908
28.3,6.865788830903903e-08,0.0,0.0,7.253093632234245,109.81433766574752,105.62458148501517,216.46600341796875,133.59500122070312,223.71800231933597,133.468994140625,1.9071635641399728e-08,0.0,-1.811809453395677e-05,0.0,-1.7123996919010772e-06,,1.0000381434531465e-06,723928.7127594149
28.35,4.1199849078032387e-07,0.0,0.0,7.253093632234245,109.81433766574752,105.62458148501517,216.46600341796875,133.59500122070312,223.71800231933597,133.468994140625,1.1444402521675663e-07,0.0,1.907447791507111e-06,0.0,-1.218929728845298e-06,,1.000228894599151e-06,717102.5529580513
28.4,8.582603281986138e-07,0.0,0.0,7.253093632234245,109.81433766574752,105.62458148501517,216.46600341796875,133.59500122070312,223.71800231933597,133.468994140625,2.3840564672183715e-07,0.0,2.479232430101751e-06,0.0,-5.4771074946755074e-08,,1.0004768397120698e-06,708420.225033432
28.450000000000006,1.3731558622570508e-06,0.0,0.0,7.253093632234245,109.81433766574752,105.62458148501517,216.46600341796875,133.59500122070312,223.71800231933597,133.468994140625,3.8143218396029187e-07,0.0,2.8605307447686474e-06,0.0,1.090412767230958e-06,,1.0007629371131762e-06,698660.2140926713
28.5,1.8880934893221302e-06,0.0,0.0,7.253093632234245,109.81433766574752,105.62458148501517,216.46600341796875,133.59500122070312,223.71800231933597,133.468994140625,5.244704137005917e-07,0.0,2.8607645948063625e-06,0.0,1.7051243373980314e-06,,1.0010490783620085e-06,689164.7130094338
28.55,2.300042530458297e-06,0.0,0.0,7.253093632234245,109.81433766574752,105.62458148501517,216.46600341796875,133.59500122070312,223.71800231933597,133.468994140625,6.389007029050825e-07,0.0,2.288605784089783e-06,0.0,1.636790669620478e-06,,1.0012780055028642e-06,681752.1692117775
28.6,2.643322992970932e-06,0.0,0.0,7.253093632234245,109.81433766574752,105.62458148501517,216.46600341796875,133.59500122070312,223.71800231933597,133.468994140625,7.3425638693637e-07,0.0,1.9071136806257236e-06,0.0,9.460131306518771e-07,,1.0014687823400936e-06,675695.9560851636
28.65,2.9866130902003565e-06,0.0,0.0,7.253093632234245,109.81433766574752,105.62458148501517,216.46600341796875,133.59500122070312,223.71800231933597,133.468994140625,8.296147472778768e-07,0.0,1.9071672068302435e-06,0.0,-1.478174212649739e-07,,1.0016595736248705e-06,669746.2284203024
28.700000000000006,3.3299065030225e-06,0.0,0.0,7.253093632234245,109.81433766574752,105.62458148501517,216.46600341796875,133.59500122070312,223.71800231933597,133.468994140625,9.249740286173611e-07,0.0,1.907185626789388e-06,0.0,-1.1768911608011263e-06,,1.0018503758457113e-06,663900.3088918262
28.75,3.7763232997305933e-07,0.0,0.0,7.253093632234245,109.81433766574752,105.62458148501517,216.46600341796875,133.59500122070312,223.71800231933597,133.468994140625,1.0489786943696092e-07,0.0,-1.64015231836101e-05,0.0,-1.5554251379741184e-06,,1.0002098012406552e-06,717780.0039099635
28.8,7.20907370822592e-07,0.0,0.0,7.253093632234245,109.81433766574752,105.62458148501517,216.46600341796875,133.59500122070312,223.71800231933597,133.468994140625,2.0025204745072e-07,0.0,1.9070835602751544e-06,0.0,-1.0299590957453774e-06,,1.0004005241453428e-06,711070.0400826822
28.85,1.201512082328931e-06,0.0,0.0,7.253093632234245,109.81433766574752,105.62458148501517,216.46600341796875,133.59500122070312,223.71800231933597,133.468994140625,3.337533562024808e-07,0.0,2.6700261750351786e-06,0.0,4.6519512267401365e-08,,1.0006675624080563e-06,701883.7572585206
28.9,1.716440646023817e-06,0.0,0.0,7.253093632234245,109.81433766574752,105.62458148501517,216.46600341796875,133.59500122070312,223.71800231933597,133.468994140625,4.7678906833994913e-07,0.0,2.8607142427495286e-06,0.0,9.98726924462569e-07,,1.0009536918005877e-06,692301.1988618283
28.950000000000006,2.1627194706477318e-06,0.0,0.0,7.253093632234245,109.81433766574752,105.62458148501517,216.46600341796875,133.59500122070312,223.71800231933597,133.468994140625,6.007554085132588e-07,0.0,2.4793268034658063e-06,0.0,1.3181441072309854e-06,,1.0012016912705569e-06,684205.3563852089
29.0,2.5060067472479416e-06,0.0,0.0,7.253093632234245,109.81433766574752,105.62458148501517,216.46600341796875,133.59500122070312,223.71800231933597,133.468994140625,6.961129853466504e-07,0.0,1.9071515366680762e-06,0.0,8.65365520996484e-07,1.1189512107180555e-06,1.0013924682573376e-06,678105.5549965452
29.05,2.8492924453056307e-06,0.0,0.0,7.253093632234245,109.81433766574752,105.62458148501517,216.46600341796875,133.59500122070312,223.71800231933597,133.468994140625,7.914701236960085e-07,0.0,1.9071427669871333e-06,0.0,-1.5123780498478935e-07,,1.0015832534598703e-06,672113.5812911937
29.1,3.3298999811174707e-06,0.0,0.0,7.253093632234245,109.81433766574752,105.62458148501517,216.46600341796875,133.59500122070312,223.71800231933597,133.468994140625,9.249722169770752e-07,0.0,2.670041865621297e-06,0.0,-1.2087479153501895e-06,,1.001850372220755e-06,663900.4189835062
29.15,1.71645208456513e-07,0.0,0.0,7.253093632234245,109.81433766574752,105.62458148501517,216.46600341796875,133.59500122070312,223.71800231933597,133.468994140625,4.767922457125361e-08,0.0,-1.754585984811743e-05,0.0,-1.6710208107434295e-06,,1.0000953595857967e-06,721867.5546983082
29.200000000000006,6.522604174441564e-07,0.0,0.0,7.253093632234245,109.81433766574752,105.62458148501517,216.46600341796875,133.59500122070312,223.71800231933597,133.468994140625,1.8118344929004343e-07,0.0,2.670084494375379e-06,0.0,-1.238781874402306e-06,,1.0003623833123013e-06,712401.8212971124
29.25,9.955390506755e-07,0.0,0.0,7.253093632234245,109.81433766574752,105.62458148501517,216.46600341796875,133.59500122070312,223.71800231933597,133.468994140625,2.7653862518763887e-07,0.0,1.9071035179521526e-06,0.0,-2.1271951938028028e-07,,1.0005531154871808e-06,705791.5020585845
29.3,1.3388255896205655e-06,0.0,0.0,7.253093632234245,109.81433766574752,105.62458148501517,216.46600341796875,133.59500122070312,223.71800231933597,133.468994140625,3.7189599711682376e-07,0.0,1.9071474385836708e-06,0.0,7.798267652633713e-07,,1.00074386114755e-06,699302.5801888544
29.35,1.6821191805854066e-06,0.0,0.0,7.253093632234245,109.81433766574752,105.62458148501517,216.46600341796875,133.59500122070312,223.71800231933597,133.468994140625,4.672553279403907e-07,0.0,1.9071866164713117e-06,0.0,1.2289765168054266e-06,,1.0009346198196515e-06,692931.7576569915
29.4,2.1970484973881473e-06,0.0,0.0,7.253093632234245,109.81433766574752,105.62458148501517,216.46600341796875,133.59500122070312,223.71800231933597,133.468994140625,6.102912492744854e-07,0.0,2.8607184266820565e-06,0.0,9.263887094895633e-07,,1.0012207687262535e-06,683590.4370419803
29.450000000000006,2.7119787167136747e-06,0.0,0.0,7.253093632234245,109.81433766574752,105.62458148501517,216.46600341796875,133.59500122070312,223.71800231933597,133.468994140625,7.533274213093541e-07,0.0,2.860723440696927e-06,0.0,-2.4770952373119537e-09,,1.0015069385937206e-06,674497.6087923386
29.5,3.1239299092793966e-06,0.0,0.0,7.253093632234245,109.81433766574752,105.62458148501517,216.46600341796875,133.59500122070312,223.71800231933597,133.468994140625,8.677583081331657e-07,0.0,2.288617736476524e-06,0.0,-1.0529468830351655e-06,,1.0017358931185068e-06,667395.5591012919
29.55,0.0,0.0,0.0,7.253093632234245,109.81433766574752,105.62458148501517,216.46600341796875,133.59500122070312,223.71800231933597,133.468994140625,0.0,0.0,-1.735516616266307e-05,0.0,-1.5310626620586938e-06,,1e-06,inf
29.6,3.776267156818681e-07,0.0,0.0,7.253093632234245,109.81433766574752,105.62458148501517,216.46600341796875,133.59500122070312,223.71800231933597,133.468994140625,1.0489630991163003e-07,0.0,2.097926198232571e-06,0.0,-1.0728479799996535e-06,,1.0002097981214412e-06,717780.1146875572
29.65,7.895731316538728e-07,0.0,0.0,7.253093632234245,109.81433766574752,105.62458148501517,216.46600341796875,133.59500122070312,223.71800231933597,133.468994140625,2.1932586990385355e-07,0.0,2.2885911998446e-06,0.0,3.561164347262439e-08,,1.0004386757917263e-06,709742.8660724843
29.700000000000006,1.2702289124045529e-06,0.0,0.0,7.253093632234245,109.81433766574752,105.62458148501517,216.46600341796875,133.59500122070312,223.71800231933597,133.468994140625,3.5284136455682024e-07,0.0,2.6703098930589165e-06,0.0,1.149517474294005e-06,,1.000705744977628e-06,700589.6619903179
29.75,1.7851686326662503e-06,0.0,0.0,7.253093632234245,109.81433766574752,105.62458148501517,216.46600341796875,133.59500122070312,223.71800231933597,133.468994140625,4.95880175740625e-07,0.0,2.8607762236764617e-06,0.0,1.7775399722714525e-06,,1.0009918833000556e-06,691041.9622547226
29.8,2.2314698150530747e-06,0.0,0.0,7.253093632234245,109.81433766574752,105.62458148501517,216.46600341796875,133.59500122070312,223.71800231933597,133.468994140625,6.198527264036319e-07,0.0,2.4794510132601016e-06,0.0,1.7522584586402718e-06,,1.0012398975615086e-06,682974.9732970614
29.85,2.643368567539237e-06,0.0,0.0,7.253093632234245,109.81433766574752,105.62458148501517,216.46600341796875,133.59500122070312,223.71800231933597,133.468994140625,7.342690465386769e-07,0.0,2.288326402700868e-06,0.0,1.1091704943786142e-06,,1.0014688076685937e-06,675695.1591941926
29.9,2.9866500605368883e-06,0.0,0.0,7.253093632234245,109.81433766574752,105.62458148501517,216.46600341796875,133.59500122070312,223.71800231933597,133.468994140625,8.296250168158023e-07,0.0,1.907119405542616e-06,0.0,6.754636198599953e-08,,1.001659594172466e-06,669745.5933120431
29.950000000000006,3.50158178929558e-06,0.0,0.0,7.253093632234245,109.81433766574752,105.62458148501517,216.46600341796875,133.59500122070312,223.71800231933597,133.468994140625,9.726616081376612e-07,0.0,2.8607318264367302e-06,0.0,-8.832996704336067e-07,,1.0019457962515775e-06,661014.9744210765
30.0,2.4030308789035395e-07,0.0,0.0,7.253093632234245,109.81433766574752,105.62458148501517,216.46600341796875,133.59500122070312,223.71800231933597,133.468994140625,6.675085774732054e-08,0.0,-1.811821500780913e-05,0.0,-1.1760890479782475e-06,-2.0414545689747314e-06,1.000133503943333e-06,720499.9641619521
30.05,6.86577660808166e-07,0.0,0.0,7.253093632234245,109.81433766574752,105.62458148501517,216.46600341796875,133.59500122070312,223.71800231933597,133.468994140625,1.907160168911572e-07,0.0,2.4793031828766978e-06,0.0,-6.563310119078583e-07,,1.0003814502200816e-06,711735.4286207377
30.1,2.471687996736637e-06,0.0,0.0,7.253093632234245,109.81433766574752,105.62458148501517,216.46600341796875,133.59500122070312,223.71800231933597,133.468994140625,6.865799990935103e-07,0.0,9.91727964404692e-06,0.0,2.3797817190046447e-07,,1.0013733956942346e-06,678710.4604887147
30.15,1.7165165772148564e-06,0.0,0.0,7.253093632234245,109.81433766574752,105.62458148501517,216.46600341796875,133.59500122070312,223.71800231933597,133.468994140625,4.768101603374601e-07,0.0,-4.195396775121243e-06,0.0,9.030044361832643e-07,,1.0009537339946395e-06,692299.8051155506
30.200000000000006,2.1628001190983502e-06,0.0,0.0,7.253093632234245,109.81433766574752,105.62458148501517,216.46600341796875,133.59500122070312,223.71800231933597,133.468994140625,6.007778108606528e-07,0.0,2.479353010463467e-06,0.0,1.0111469407788374e-06,,1.0012017360887102e-06,684203.9104718659
30.25,2.574697494179213e-06,0.0,0.0,7.253093632234245,109.81433766574752,105.62458148501517,216.46600341796875,133.59500122070312,223.71800231933597,133.468994140625,7.151937483831146e-07,0.0,2.2883187504495287e-06,0.0,5.078796293609205e-07,,1.001430643247815e-06,676898.0386685692
30.3,2.9878022079231067e-06,0.0,0.0,7.253093632234245,109.81433766574752,105.62458148501517,216.46600341796875,133.59500122070312,223.71800231933597,133.468994140625,8.299450577564185e-07,0.0,2.2950261874660446e-06,0.0,-4.718442522159878e-07,,1.0016602345199123e-06,669725.8013363208
30.35,3.3985854274535566e-06,0.0,0.0,7.253093632234245,109.81433766574752,105.62458148501517,216.46600341796875,133.59500122070312,223.71800231933597,133.468994140625,9.440515076259879e-07,0.0,2.2821289973913557e-06,0.0,-1.4903882863961514e-06,,1.0018885486318765e-06,662743.0094951742
30.4,6.865788830903903e-08,0.0,0.0,7.253093632234245,109.81433766574752,105.62458148501517,216.46600341796875,133.59500122070312,223.71800231933597,133.468994140625,1.9071635641399728e-08,0.0,-1.8499597439692814e-05,0.0,-1.8992595449063822e-06,,1.0000381434531465e-06,723928.7127594149
30.450000000000006,4.463110590447176e-07,0.0,0.0,7.253093632234245,109.81433766574752,105.62458148501517,216.46600341796875,133.59500122070312,223.71800231933597,133.468994140625,1.239752941790882e-07,0.0,2.0980731707534415e-06,0.0,-1.3496332678332613e-06,,1.0002479582732948e-06,716427.4330464343
30.5,8.239286858252823e-07,0.0,0.0,7.253093632234245,109.81433766574752,105.62458148501517,216.46600341796875,133.59500122070312,223.71800231933597,133.468994140625,2.2886907939591175e-07,0.0,2.0978757043367395e-06,0.0,-1.467374281568087e-07,,1.0004577643493194e-06,709080.6985538808
30.55,1.3388270205727376e-06,0.0,0.0,7.253093632234245,109.81433766574752,105.62458148501517,216.46600341796875,133.59500122070312,223.71800231933597,133.468994140625,3.718963946035382e-07,0.0,2.8605463041524886e-06,0.0,1.036721409176377e-06,,1.0007438619426712e-06,699302.5533891761
30.6,1.8537679732348442e-06,0.0,0.0,7.253093632234245,109.81433766574752,105.62458148501517,216.46600341796875,133.59500122070312,223.71800231933597,133.468994140625,5.149355481207901e-07,0.0,2.860783070344997e-06,0.0,1.6964394468085274e-06,,1.001030003675551e-06,689789.6424605764
30.65,2.2657079246079927e-06,0.0,0.0,7.253093632234245,109.81433766574752,105.62458148501517,216.46600341796875,133.59500122070312,223.71800231933597,133.468994140625,6.293633123911091e-07,0.0,2.2885552854065092e-06,0.0,1.6743532965144724e-06,,1.0012589246738716e-06,682363.8838065681
30.700000000000006,2.643321820630949e-06,0.0,0.0,7.253093632234245,109.81433766574752,105.62458148501517,216.46600341796875,133.59500122070312,223.71800231933597,133.468994140625,7.342560612863747e-07,0.0,2.097854977904985e-06,0.0,1.017802259680734e-06,,1.0014687816885546e-06,675695.9765840584
30.75,2.9866122264388342e-06,0.0,0.0,7.253093632234245,109.81433766574752,105.62458148501517,216.46600341796875,133.59500122070312,223.71800231933597,133.468994140625,8.296145073441205e-07,0.0,1.9071689211551607e-06,0.0,-6.9981633146608e-08,,1.0016595731448035e-06,669746.2432587557
30.8,3.432885188536948e-06,0.0,0.0,7.253093632234245,109.81433766574752,105.62458148501517,216.46600341796875,133.59500122070312,223.71800231933597,133.468994140625,9.535792190380411e-07,0.0,2.479294233878375e-06,0.0,-1.129747084590714e-06,,1.0019076130947397e-06,662166.5381876173
30.85,4.119583993325196e-07,0.0,0.0,7.253093632234245,109.81433766574752,105.62458148501517,216.46600341796875,133.59500122070312,223.71800231933597,133.468994140625,1.1443288870347766e-07,0.0,-1.6782926606691027e-05,0.0,-1.5636169055074506e-06,,1.0002288723248501e-06,717103.3425250187
30.9,7.895668689563014e-07,0.0,0.0,7.253093632234245,109.81433766574752,105.62458148501517,216.46600341796875,133.59500122070312,223.71800231933597,133.468994140625,2.1932413026563925e-07,0.0,2.097824831243351e-06,0.0,-1.0837585358085198e-06,,1.0004386723120684e-06,709742.9868921976
30.950000000000006,1.1328589749909166e-06,0.0,0.0,7.253093632234245,109.81433766574752,105.62458148501517,216.46600341796875,133.59500122070312,223.71800231933597,133.468994140625,3.1468304860858793e-07,0.0,1.9071783668586754e-06,0.0,-7.905739172584893e-09,,1.0006294156099275e-06,703181.435440487
31.0,1.647786195831529e-06,0.0,0.0,7.253093632234245,109.81433766574752,105.62458148501517,216.46600341796875,133.59500122070312,223.71800231933597,133.468994140625,4.5771838773098025e-07,0.0,2.860706782448212e-06,0.0,9.933945100766407e-07,2.169483558054888e-06,1.0009155415285231e-06,693563.6783587127
31.05,2.162720721858745e-06,0.0,0.0,7.253093632234245,109.81433766574752,105.62458148501517,216.46600341796875,133.59500122070312,223.71800231933597,133.468994140625,6.007557560718737e-07,0.0,2.8607473668178277e-06,0.0,1.3769248882220327e-06,,1.0012016919658828e-06,684205.3339527076
31.1,2.574663651836426e-06,0.0,0.0,7.253093632234245,109.81433766574752,105.62458148501517,216.46600341796875,133.59500122070312,223.71800231933597,133.468994140625,7.151843477323406e-07,0.0,2.288571833209306e-06,0.0,9.57172601126545e-07,,1.00143062443979e-06,676898.6325250877
31.15,2.917953082982471e-06,0.0,0.0,7.253093632234245,109.81433766574752,105.62458148501517,216.46600341796875,133.59500122070312,223.71800231933597,133.468994140625,8.105425230506863e-07,0.0,1.9071635063670237e-06,0.0,-7.534859598046502e-08,,1.0016214135356924e-06,670927.8111407358
31.200000000000006,3.432884579094308e-06,0.0,0.0,7.253093632234245,109.81433766574752,105.62458148501517,216.46600341796875,133.59500122070312,223.71800231933597,133.468994140625,9.535790497484189e-07,0.0,2.8607305339542043e-06,0.0,-1.173103917194079e-06,,1.001907612755999e-06,662166.5484215256
31.25,2.0597550816093613e-07,0.0,0.0,7.253093632234245,109.81433766574752,105.62458148501517,216.46600341796875,133.59500122070312,223.71800231933597,133.468994140625,5.721541893359337e-08,0.0,-1.7927272616298804e-05,0.0,-1.652781914395798e-06,,1.0001144324746694e-06,721183.0839955618
31.3,6.522497866773896e-07,0.0,0.0,7.253093632234245,109.81433766574752,105.62458148501517,216.46600341796875,133.59500122070312,223.71800231933597,133.468994140625,1.8118049629927488e-07,0.0,2.4793015473135952e-06,0.0,-1.1826713948736763e-06,,1.0003623774057847e-06,712402.027925018
31.35,9.955369890735564e-07,0.0,0.0,7.253093632234245,109.81433766574752,105.62458148501517,216.46600341796875,133.59500122070312,223.71800231933597,133.468994140625,2.7653805252043233e-07,0.0,1.9071511244231218e-06,0.0,-7.644011063543061e-08,,1.0005531143416882e-06,705791.5413893051
31.4,1.4418116738827896e-06,0.0,0.0,7.253093632234245,109.81433766574752,105.62458148501517,216.46600341796875,133.59500122070312,223.71800231933597,133.468994140625,4.005032427452193e-07,0.0,2.47930380449588e-06,0.0,9.81791124623612e-07,,1.0008010866869142e-06,697379.1039672601
31.450000000000006,1.956744111526371e-06,0.0,0.0,7.253093632234245,109.81433766574752,105.62458148501517,216.46600341796875,133.59500122070312,223.71800231933597,133.468994140625,5.435400309795476e-07,0.0,2.860735764686118e-06,0.0,1.4214104023539684e-06,,1.0010872277798416e-06,687918.2524012664
31.5,2.437358233336408e-06,0.0,0.0,7.253093632234245,109.81433766574752,105.62458148501517,216.46600341796875,133.59500122070312,223.71800231933597,133.468994140625,6.770439537045578e-07,0.0,2.670078454500546e-06,0.0,1.0165011449476423e-06,,1.0013543171016669e-06,679316.6407934171
31.55,2.952330023243385e-06,0.0,0.0,7.253093632234245,109.81433766574752,105.62458148501517,216.46600341796875,133.59500122070312,223.71800231933597,133.468994140625,8.200916731231625e-07,0.0,2.860954388372053e-06,0.0,-6.982224798843003e-08,,1.0016405196214225e-06,670335.6913556239
31.6,3.3299403337951282e-06,0.0,0.0,7.253093632234245,109.81433766574752,105.62458148501517,216.46600341796875,133.59500122070312,223.71800231933597,133.468994140625,9.249834260542022e-07,0.0,2.0978350586207654e-06,0.0,-1.2671303623932079e-06,,1.0018503946492776e-06,663899.7378189944
31.65,0.0,0.0,0.0,7.253093632234245,109.81433766574752,105.62458148501517,216.46600341796875,133.59500122070312,223.71800231933597,133.468994140625,0.0,0.0,-1.8499668521085095e-05,0.0,-1.8257312098719583e-06,,1e-06,inf
31.700000000000006,3.776216110792051e-07,0.0,0.0,7.253093632234245,109.81433766574752,105.62458148501517,216.46600341796875,133.59500122070312,223.71800231933597,133.468994140625,1.0489489196644585e-07,0.0,2.0978978393285892e-06,0.0,-1.3545596403030587e-06,,1.000209795285402e-06,717780.2154083336
31.75,7.209166409697316e-07,0.0,0.0,7.253093632234245,109.81433766574752,105.62458148501517,216.46600341796875,133.59500122070312,223.71800231933597,133.468994140625,2.0025462249159208e-07,0.0,1.9071946105031686e-06,0.0,-1.355142654644652e-07,,1.00040052929594e-06,711069.8605739853
31.8,1.1671846736752214e-06,0.0,0.0,7.253093632234245,109.81433766574752,105.62458148501517,216.46600341796875,133.59500122070312,223.71800231933597,133.468994140625,3.2421796490978374e-07,0.0,2.479266848363798e-06,0.0,1.1818556309407053e-06,,1.000648488488464e-06,702532.0132610765
31.85,1.6821176758592194e-06,0.0,0.0,7.253093632234245,109.81433766574752,105.62458148501517,216.46600341796875,133.59500122070312,223.71800231933597,133.468994140625,4.6725490996089426e-07,0.0,2.8607389010221698e-06,0.0,2.0736706043025375e-06,,1.0009346189834972e-06,692931.7853272136
31.9,2.1987401856470804e-06,0.0,0.0,7.253093632234245,109.81433766574752,105.62458148501517,216.46600341796875,133.59500122070312,223.71800231933597,133.468994140625,6.107611626797446e-07,0.0,2.870125054377169e-06,0.0,2.259283635016897e-06,,1.0012217088399585e-06,683560.1632185337
31.950000000000006,2.712054695847456e-06,0.0,0.0,7.253093632234245,109.81433766574752,105.62458148501517,216.46600341796875,133.59500122070312,223.71800231933597,133.468994140625,7.533485266242933e-07,0.0,2.851747278890528e-06,0.0,1.5912691170470705e-06,,1.0015069808202497e-06,674496.2849735836
32.0,4.3940964819339735e-06,0.0,0.0,7.253093632234245,109.81433766574752,105.62458148501517,216.46600341796875,133.59500122070312,223.71800231933597,133.468994140625,1.2205823560927704e-06,0.0,9.344676589370737e-06,0.0,1.8432456028239948e-07,-8.090699497942411e-07,1.0024419096228295e-06,646409.7318706296
32.050000000000004,3.535915462738929e-06,0.0,0.0,7.253093632234245,109.81433766574752,105.62458148501517,216.46600341796875,133.59500122070312,223.71800231933597,133.468994140625,9.821987396497025e-07,0.0,-4.767672328860951e-06,0.0,-1.3387547109634865e-06,,1.0019648798364815e-06,660440.9375736351
32.1,2.4030308789035395e-07,0.0,0.0,7.253093632234245,109.81433766574752,105.62458148501517,216.46600341796875,133.59500122070312,223.71800231933597,133.468994140625,6.675085774732054e-08,0.0,-1.8308957638048682e-05,0.0,-2.0894001242925e-06,,1.000133503943333e-06,720499.9641619521
32.15,7.209091913825462e-07,0.0,0.0,7.253093632234245,109.81433766574752,105.62458148501517,216.46600341796875,133.59500122070312,223.71800231933597,133.468994140625,2.0025255316181837e-07,0.0,2.6700339082901084e-06,0.0,-1.6449824105213158e-06,,1.0004005251568661e-06,711070.0048290442
32.2,1.132859521725111e-06,0.0,0.0,7.253093632234245,109.81433766574752,105.62458148501517,216.46600341796875,133.59500122070312,223.71800231933597,133.468994140625,3.146832004791975e-07,0.0,2.288612946347387e-06,0.0,-4.213859713418155e-07,,1.0006294159137168e-06,703181.4250870334
32.25,1.5104718681354558e-06,0.0,0.0,7.253093632234245,109.81433766574752,105.62458148501517,216.46600341796875,133.59500122070312,223.71800231933597,133.468994140625,4.195755189265155e-07,0.0,2.09784636894648e-06,0.0,7.579289759468629e-07,,1.0008392390596611e-06,696102.6021702562
32.300000000000004,1.95675379731697e-06,0.0,0.0,7.253093632234245,109.81433766574752,105.62458148501517,216.46600341796875,133.59500122070312,223.71800231933597,133.468994140625,5.435427214769361e-07,0.0,2.479344051008201e-06,0.0,1.2824700487824573e-06,,1.001087233162299e-06,687918.0768585375
32.35,2.404825500663837e-06,0.0,0.0,7.253093632234245,109.81433766574752,105.62458148501517,216.46600341796875,133.59500122070312,223.71800231933597,133.468994140625,6.680070835177325e-07,0.0,2.48928724081607e-06,0.0,9.562265740414643e-07,,1.0013362372837672e-06,679892.0900081148
32.4,2.9179716978696263e-06,0.0,0.0,7.253093632234245,109.81433766574752,105.62458148501517,216.46600341796875,133.59500122070312,223.71800231933597,133.468994140625,8.10547693852674e-07,0.0,2.850812206698991e-06,0.0,-3.878315774346215e-08,,1.0016214238814875e-06,670927.4902287009
32.45,3.398560504904137e-06,0.0,0.0,7.253093632234245,109.81433766574752,105.62458148501517,216.46600341796875,133.59500122070312,223.71800231933597,133.468994140625,9.440445846955937e-07,0.0,2.6699378168581655e-06,0.0,-1.1466499039640904e-06,,1.0018885347794802e-06,662743.4287299176
32.5,6.865779098868197e-08,0.0,0.0,7.253093632234245,109.81433766574752,105.62458148501517,216.46600341796875,133.59500122070312,223.71800231933597,133.468994140625,1.9071608607967213e-08,0.0,-1.8499459521753582e-05,0.0,-1.644191059637459e-06,,1.0000381433990789e-06,723928.7147127175
32.550000000000004,4.4627910115400495e-07,0.0,0.0,7.253093632234245,109.81433766574752,105.62458148501517,216.46600341796875,133.59500122070312,223.71800231933597,133.468994140625,1.2396641698722358e-07,0.0,2.0978961675849487e-06,0.0,-1.171257583149778e-06,,1.0002479405178107e-06,716428.0612452567
32.6,9.61209111501657e-07,0.0,0.0,7.253093632234245,109.81433766574752,105.62458148501517,216.46600341796875,133.59500122070312,223.71800231933597,133.468994140625,2.670025309726825e-07,0.0,2.8607222797093414e-06,0.0,-4.3523684323849526e-08,,1.0005340407071211e-06,706447.0482357128
32.65,1.4761548388791103e-06,0.0,0.0,7.253093632234245,109.81433766574752,105.62458148501517,216.46600341796875,133.59500122070312,223.71800231933597,133.468994140625,4.1004301079975284e-07,0.0,2.860809596541569e-06,0.0,1.075381720561419e-06,,1.0008201700892348e-06,696740.0254455841
32.7,1.8194297446536155e-06,0.0,0.0,7.253093632234245,109.81433766574752,105.62458148501517,216.46600341796875,133.59500122070312,223.71800231933597,133.468994140625,5.05397151292671e-07,0.0,1.9070828098581997e-06,0.0,1.7102253740807888e-06,,1.0010109220157254e-06,690415.9383771382
32.75,2.231376812786529e-06,0.0,0.0,7.253093632234245,109.81433766574752,105.62458148501517,216.46600341796875,133.59500122070312,223.71800231933597,133.468994140625,6.198268924407025e-07,0.0,2.2885948229607603e-06,0.0,1.7058942466417843e-06,,1.0012398458775696e-06,682976.6347130449
32.800000000000004,2.711981266403952e-06,0.0,0.0,7.253093632234245,109.81433766574752,105.62458148501517,216.46600341796875,133.59500122070312,223.71800231933597,133.468994140625,7.533281295566533e-07,0.0,2.6700247423187898e-06,0.0,1.0563417902248084e-06,,1.0015069400107487e-06,674497.5643678494
32.85,3.226940551948425e-06,0.0,0.0,7.253093632234245,109.81433766574752,105.62458148501517,216.46600341796875,133.59500122070312,223.71800231933597,133.468994140625,8.963723755412291e-07,0.0,2.8608849196916782e-06,0.0,-9.492755432274977e-08,,1.0017931464928002e-06,665642.9665082898
32.9,3.604567127376114e-06,0.0,0.0,7.253093632234245,109.81433766574752,105.62458148501517,216.46600341796875,133.59500122070312,223.71800231933597,133.468994140625,1.001268646493365e-06,0.0,2.097925419042836e-06,0.0,-1.2780559886212052e-06,,1.002003038562438e-06,659296.1107759291
32.95,3.0896178354678803e-07,0.0,0.0,7.253093632234245,109.81433766574752,105.62458148501517,216.46600341796875,133.59500122070312,223.71800231933597,133.468994140625,8.582271765188556e-08,0.0,-1.8308918576828027e-05,0.0,-1.815288932963746e-06,,1.0001716491180732e-06,719137.529508635
33.0,6.522563431114231e-07,0.0,0.0,7.253093632234245,109.81433766574752,105.62458148501517,216.46600341796875,133.59500122070312,223.71800231933597,133.468994140625,1.8118231753095085e-07,0.0,1.9071919975814142e-06,0.0,-1.3529460834228416e-06,-1.5372706437052411e-06,1.0003623810485782e-06,712401.900489019
33.050000000000004,1.0298799038766591e-06,0.0,0.0,7.253093632234245,109.81433766574752,105.62458148501517,216.46600341796875,133.59500122070312,223.71800231933597,133.468994140625,2.8607775107684974e-07,0.0,2.097908670917799e-06,0.0,-2.152719969259684e-07,,1.0005721964223935e-06,705136.9635500682
33.1,1.5104712431362037e-06,0.0,0.0,7.253093632234245,109.81433766574752,105.62458148501517,216.46600341796875,133.59500122070312,223.71800231933597,133.468994140625,4.195753453156121e-07,0.0,2.669951884775399e-06,0.0,8.742701996921329e-07,,1.0008392387123666e-06,696102.6137687137
33.15,1.991074114495398e-06,0.0,0.0,7.253093632234245,109.81433766574752,105.62458148501517,216.46600341796875,133.59500122070312,223.71800231933597,133.468994140625,5.530761429153883e-07,0.0,2.6700159519956756e-06,0.0,1.328373941368858e-06,,1.0011063052324408e-06,687296.6265010297
33.2,2.4716815090514197e-06,0.0,0.0,7.253093632234245,109.81433766574752,105.62458148501517,216.46600341796875,133.59500122070312,223.71800231933597,133.468994140625,6.865781969587277e-07,0.0,2.6700410808665602e-06,0.0,9.482845359898259e-07,,1.0013733920887279e-06,678710.5749432863
33.25,2.849293194801012e-06,0.0,0.0,7.253093632234245,109.81433766574752,105.62458148501517,216.46600341796875,133.59500122070312,223.71800231933597,133.468994140625,7.9147033188917e-07,0.0,2.097842698608965e-06,0.0,-6.583430379333825e-08,,1.0015832538764214e-06,672113.5683245221
33.300000000000004,3.1925808207342967e-06,0.0,0.0,7.253093632234245,109.81433766574752,105.62458148501517,216.46600341796875,133.59500122070312,223.71800231933597,133.468994140625,8.868280057595268e-07,0.0,1.9071534774069733e-06,0.0,-1.1443425383697133e-06,,1.001774049243475e-06,666226.5288288834
33.35,1.7164451198018957e-07,0.0,0.0,7.253093632234245,109.81433766574752,105.62458148501517,216.46600341796875,133.59500122070312,223.71800231933597,133.468994140625,4.767903110560821e-08,0.0,-1.6782979493079326e-05,0.0,-1.5772667945412961e-06,,1.0000953591988564e-06,721867.5685976945
33.4,5.149393879806318e-07,0.0,0.0,7.253093632234245,109.81433766574752,105.62458148501517,216.46600341796875,133.59500122070312,223.71800231933597,133.468994140625,1.4303871888350883e-07,0.0,1.9071937555581206e-06,0.0,-1.0051670802300755e-06,,1.0002860876678046e-06,715080.9371092124
33.45,8.582346330576076e-07,0.0,0.0,7.253093632234245,109.81433766574752,105.62458148501517,216.46600341796875,133.59500122070312,223.71800231933597,133.468994140625,2.3839850918266878e-07,0.0,1.9071958059830364e-06,0.0,2.6346461980905546e-07,,1.00047682543529e-06,708420.7188974967
33.5,1.3765980115849306e-06,0.0,0.0,7.253093632234245,109.81433766574752,105.62458148501517,216.46600341796875,133.59500122070312,223.71800231933597,133.468994140625,3.823883365513696e-07,0.0,2.8797965473741804e-06,0.0,1.4756244222911648e-06,,1.000764849783523e-06,698595.8718862026
33.550000000000004,1.8881296746983668e-06,0.0,0.0,7.253093632234245,109.81433766574752,105.62458148501517,216.46600341796875,133.59500122070312,223.71800231933597,133.468994140625,5.244804651939908e-07,0.0,2.8418425728521807e-06,0.0,1.9189899763218626e-06,,1.001049098470267e-06,689164.0548168905
33.6,3.70754265867588e-06,0.0,0.0,7.253093632234245,109.81433766574752,105.62458148501517,216.46600341796875,133.59500122070312,223.71800231933597,133.468994140625,1.0298729607432998e-06,0.0,1.0107849910986756e-05,0.0,1.2847628558148125e-06,,1.0020602762406442e-06,657586.3256130795
33.65,2.918080215579581e-06,0.0,0.0,7.253093632234245,109.81433766574752,105.62458148501517,216.46600341796875,133.59500122070312,223.71800231933597,133.468994140625,8.105778376609947e-07,0.0,-4.385902461646351e-06,0.0,-1.5349699061487962e-07,,1.0016214841935374e-06,670925.6194397416
33.7,3.3299765746992696e-06,0.0,0.0,7.253093632234245,109.81433766574752,105.62458148501517,216.46600341796875,133.59500122070312,223.71800231933597,133.468994140625,9.249934929720193e-07,0.0,2.288313106220295e-06,0.0,-1.6020334198898397e-06,,1.001850414792425e-06,663899.1260635637
33.75,0.0,0.0,0.0,7.253093632234245,109.81433766574752,105.62458148501517,216.46600341796875,133.59500122070312,223.71800231933597,133.468994140625,0.0,0.0,-1.849986985944144e-05,0.0,-2.2002778384687974e-06,,1e-06,inf
33.800000000000004,3.776216110792051e-07,0.0,0.0,7.253093632234245,109.81433766574752,105.62458148501517,216.46600341796875,133.59500122070312,223.71800231933597,133.468994140625,1.0489489196644585e-07,0.0,2.0978978393287383e-06,0.0,-1.6379390477040372e-06,,1.000209795285402e-06,717780.2154083336
33.85,7.209166409697316e-07,0.0,0.0,7.253093632234245,109.81433766574752,105.62458148501517,216.46600341796875,133.59500122070312,223.71800231933597,133.468994140625,2.0025462249159208e-07,0.0,1.907194610503033e-06,0.0,-3.4148809262531036e-07,,1.00040052929594e-06,711069.8605739853
33.9,1.1328597955917092e-06,0.0,0.0,7.253093632234245,109.81433766574752,105.62458148501517,216.46600341796875,133.59500122070312,223.71800231933597,133.468994140625,3.146832765532526e-07,0.0,2.28857308123334e-06,0.0,9.561996999431328e-07,,1.0006294160658888e-06,703181.4199008477
33.95,1.6477854837895453e-06,0.0,0.0,7.253093632234245,109.81433766574752,105.62458148501517,216.46600341796875,133.59500122070312,223.71800231933597,133.468994140625,4.577181899415404e-07,0.0,2.860698267765512e-06,0.0,1.73726792991477e-06,,1.0009155411328537e-06,693563.6914762559
34.0,2.1627376207413475e-06,0.0,0.0,7.253093632234245,109.81433766574752,105.62458148501517,216.46600341796875,133.59500122070312,223.71800231933597,133.468994140625,6.007604502059298e-07,0.0,2.8608452052879516e-06,0.0,1.8138548077203399e-06,3.1668008911431815e-06,1.001201701356971e-06,684205.0309790131
34.050000000000004,2.6090176033721367e-06,0.0,0.0,7.253093632234245,109.81433766574752,105.62458148501517,216.46600341796875,133.59500122070312,223.71800231933597,133.468994140625,7.247271120478158e-07,0.0,2.479333236837507e-06,0.0,1.187645863709375e-06,,1.001449716838789e-06,676296.3342989259
34.1,3.055273626711802e-06,0.0,0.0,7.253093632234245,109.81433766574752,105.62458148501517,216.46600341796875,133.59500122070312,223.71800231933597,133.468994140625,8.486871185310561e-07,0.0,2.4792001296649474e-06,0.0,5.6910256901577184e-08,,1.0016977343719746e-06,668568.7911346395
34.15,3.535892087317701e-06,0.0,0.0,7.253093632234245,109.81433766574752,105.62458148501517,216.46600341796875,133.59500122070312,223.71800231933597,133.468994140625,9.82192246477139e-07,0.0,2.670102558921812e-06,0.0,-1.0488472060986217e-06,,1.0019648668437587e-06,660441.3280564168
34.2,2.4030308789035395e-07,0.0,0.0,7.253093632234245,109.81433766574752,105.62458148501517,216.46600341796875,133.59500122070312,223.71800231933597,133.468994140625,6.675085774732054e-08,0.0,-1.830882777459481e-05,0.0,-1.4318551280728576e-06,,1.000133503943333e-06,720499.9641619521
34.25,5.835960476756036e-07,0.0,0.0,7.253093632234245,109.81433766574752,105.62458148501517,216.46600341796875,133.59500122070312,223.71800231933597,133.468994140625,1.6211001324322322e-07,0.0,1.9071831099181619e-06,0.0,-7.888852676680729e-07,,1.0003242331663146e-06,713738.9403167296
34.300000000000004,9.95544011624875e-07,0.0,0.0,7.253093632234245,109.81433766574752,105.62458148501517,216.46600341796875,133.59500122070312,223.71800231933597,133.468994140625,2.765400032291319e-07,0.0,2.288599799717979e-06,0.0,4.536682424753424e-07,,1.000553118243645e-06,705791.4074148645
34.35,2.780668745342334e-06,0.0,0.0,7.253093632234245,109.81433766574752,105.62458148501517,216.46600341796875,133.59500122070312,223.71800231933597,133.468994140625,7.72407984817315e-07,0.0,9.917359631764225e-06,0.0,1.505092236965214e-06,,1.001545114276682e-06,673302.9089184878
34.4,1.9911108275712817e-06,0.0,0.0,7.253093632234245,109.81433766574752,105.62458148501517,216.46600341796875,133.59500122070312,223.71800231933597,133.468994140625,5.530863409920227e-07,0.0,-4.386432876506095e-06,0.0,1.7980411031414292e-06,,1.0011063256342341e-06,687295.9623253145
34.45,2.437430851745622e-06,0.0,0.0,7.253093632234245,109.81433766574752,105.62458148501517,216.46600341796875,133.59500122070312,223.71800231933597,133.468994140625,6.77064125484895e-07,0.0,2.479555689857234e-06,0.0,1.1643916927313534e-06,,1.0013543574588847e-06,679315.357385741
34.5,4.703040062550232e-06,0.0,0.0,7.253093632234245,109.81433766574752,105.62458148501517,216.46600341796875,133.59500122070312,223.71800231933597,133.468994140625,1.3064000173750646e-06,0.0,1.2586717837804107e-05,0.0,-1.9606532894142347e-07,,1.0026136533752528e-06,641503.3627934693
34.550000000000004,3.2613019278568737e-06,0.0,0.0,7.253093632234245,109.81433766574752,105.62458148501517,216.46600341796875,133.59500122070312,223.71800231933597,133.468994140625,9.059172021824649e-07,0.0,-8.00965630385131e-06,0.0,-1.6378513667458883e-06,,1.0018122447473535e-06,665060.397742867
34.6,6.865779098866261e-08,0.0,0.0,7.253093632234245,109.81433766574752,105.62458148501517,216.46600341796875,133.59500122070312,223.71800231933597,133.468994140625,1.9071608607961836e-08,0.0,-1.773691187149107e-05,0.0,-2.2882757608215456e-06,,1.0000381433990789e-06,723928.7147127179
34.65,5.149336186522738e-07,0.0,0.0,7.253093632234245,109.81433766574752,105.62458148501517,216.46600341796875,133.59500122070312,223.71800231933597,133.468994140625,1.430371162922983e-07,0.0,2.4793101536868705e-06,0.0,-1.7382557469886701e-06,,1.0002860844623929e-06,715081.0500913903
34.7,1.029878269305382e-06,0.0,0.0,7.253093632234245,109.81433766574752,105.62458148501517,216.46600341796875,133.59500122070312,223.71800231933597,133.468994140625,2.860772970292728e-07,0.0,2.860803614739246e-06,0.0,-4.041974683359429e-07,,1.0005721955141683e-06,705136.9946761935
34.75,1.4074882177330522e-06,0.0,0.0,7.253093632234245,109.81433766574752,105.62458148501517,216.46600341796875,133.59500122070312,223.71800231933597,133.468994140625,3.9096894937029227e-07,0.0,2.097833046820509e-06,0.0,9.417104538415318e-07,,1.0007820143271002e-06,698018.9881785561
34.800000000000004,1.7507717459477783e-06,0.0,0.0,7.253093632234245,109.81433766574752,105.62458148501517,216.46600341796875,133.59500122070312,223.71800231933597,133.468994140625,4.863254849854939e-07,0.0,1.9071307123038709e-06,0.0,1.8039815682413136e-06,,1.00097276922621e-06,691671.6101001587
34.85,2.2657075461146724e-06,0.0,0.0,7.253093632234245,109.81433766574752,105.62458148501517,216.46600341796875,133.59500122070312,223.71800231933597,133.468994140625,6.293632072540757e-07,0.0,2.8607544453717975e-06,0.0,2.034696086169158e-06,,1.0012589244635313e-06,682363.8905559578
34.9,2.7806479396968583e-06,0.0,0.0,7.253093632234245,109.81433766574752,105.62458148501517,216.46600341796875,133.59500122070312,223.71800231933597,133.468994140625,7.724022054713495e-07,0.0,2.8607799643456398e-06,0.0,1.5676011825334813e-06,,1.0015451027135261e-06,673303.2701425098
34.95,3.295608502636893e-06,0.0,0.0,7.253093632234245,109.81433766574752,105.62458148501517,216.46600341796875,133.59500122070312,223.71800231933597,133.468994140625,9.154468062880258e-07,0.0,2.860892016333282e-06,0.0,4.22913326153168e-07,,1.0018313126340035e-06,664479.774483989
35.0,4.943341104770899e-06,0.0,0.0,7.253093632234245,109.81433766574752,105.62458148501517,216.46600341796875,133.59500122070312,223.71800231933597,133.468994140625,1.3731503068808052e-06,0.0,9.154070011856107e-06,0.0,-9.950178514199291e-07,-2.808872659140269e-06,1.0027472433846441e-06,637738.3079027885
35.050000000000004,4.119583993325196e-07,0.0,0.0,7.253093632234245,109.81433766574752,105.62458148501517,216.46600341796875,133.59500122070312,223.71800231933597,133.468994140625,1.1443288870347766e-07,0.0,-2.5174348363544405e-05,0.0,-1.9051524767747882e-06,,1.0002288723248501e-06,717103.3425250187
35.1,8.58254504591502e-07,0.0,0.0,7.253093632234245,109.81433766574752,105.62458148501517,216.46600341796875,133.59500122070312,223.71800231933597,133.468994140625,2.38404029053195e-07,0.0,2.4794228069944873e-06,0.0,-1.7455959758421568e-06,,1.000476836476347e-06,708420.3369638833
35.15,1.2015229646463754e-06,0.0,0.0,7.253093632234245,109.81433766574752,105.62458148501517,216.46600341796875,133.59500122070312,223.71800231933597,133.468994140625,3.337563790684376e-07,0.0,1.9070470003049606e-06,0.0,-7.106643940039232e-07,,1.000667568454797e-06,701883.5519410699
35.2,1.5448014919150783e-06,0.0,0.0,7.253093632234245,109.81433766574752,105.62458148501517,216.46600341796875,133.59500122070312,223.71800231933597,133.468994140625,4.2911152553196616e-07,0.0,1.9071029292704086e-06,0.0,4.60591775542591e-07,,1.0008583151194146e-06,695466.1108453609
35.25,1.8880899857833824e-06,0.0,0.0,7.253093632234245,109.81433766574752,105.62458148501517,216.46600341796875,133.59500122070312,223.71800231933597,133.468994140625,5.24469440495384e-07,0.0,1.9071582992684643e-06,0.0,1.0978724842824972e-06,,1.0010490764150878e-06,689164.776736987
35.30000000000001,2.4030180333116355e-06,0.0,0.0,7.253093632234245,109.81433766574752,105.62458148501517,216.46600341796875,133.59500122070312,223.71800231933597,133.468994140625,6.675050092532321e-07,0.0,2.8607113751563117e-06,0.0,9.156802296522496e-07,,1.0013352327999751e-06,679924.089648212
35.35,2.91796454177866e-06,0.0,0.0,7.253093632234245,109.81433766574752,105.62458148501517,216.46600341796875,133.59500122070312,223.71800231933597,133.468994140625,8.105457060496278e-07,0.0,2.8608139359284833e-06,0.0,2.7460165690094655e-08,,1.0016214199042699e-06,670927.6135963593
35.4,3.432924528976183e-06,0.0,0.0,7.253093632234245,109.81433766574752,105.62458148501517,216.46600341796875,133.59500122070312,223.71800231933597,133.468994140625,9.535901469378285e-07,0.0,2.860888817764178e-06,0.0,-1.0765197583041222e-06,,1.0019076349609598e-06,662165.877574113
35.45,2.0598748498417045e-07,0.0,0.0,7.253093632234245,109.81433766574752,105.62458148501517,216.46600341796875,133.59500122070312,223.71800231933597,133.468994140625,5.721874582893623e-08,0.0,-1.7927428022176316e-05,0.0,-1.7319399485234218e-06,,1.0001144391286503e-06,721182.8454305365
35.5,7.553598346594847e-07,0.0,0.0,7.253093632234245,109.81433766574752,105.62458148501517,216.46600341796875,133.59500122070312,223.71800231933597,133.468994140625,2.098221762943013e-07,0.0,3.052068609307475e-06,0.0,-1.5497347923348577e-06,,1.0004196663652613e-06,710403.5219217486
35.55000000000001,1.2358398197465e-06,0.0,0.0,7.253093632234245,109.81433766574752,105.62458148501517,216.46600341796875,133.59500122070312,223.71800231933597,133.468994140625,3.4328883881847223e-07,0.0,2.669333250482812e-06,0.0,-6.825354089478557e-07,,1.0006866366012503e-06,701236.6903081452
35.6,4.807061360169307e-07,0.0,0.0,7.253093632234245,109.81433766574752,105.62458148501517,216.46600341796875,133.59500122070312,223.71800231933597,133.468994140625,1.3352948222692521e-07,0.0,-4.195187131831775e-06,0.0,3.7861504426589275e-07,,1.0002670678795152e-06,715751.9643037856
35.65,9.613065118114559e-07,0.0,0.0,7.253093632234245,109.81433766574752,105.62458148501517,216.46600341796875,133.59500122070312,223.71800231933597,133.468994140625,2.670295866142933e-07,0.0,2.6700020877475133e-06,0.0,1.1144485835476657e-06,,1.0005340948256286e-06,706445.1866088428
35.7,2.6777196323153083e-06,0.0,0.0,7.253093632234245,109.81433766574752,105.62458148501517,216.46600341796875,133.59500122070312,223.71800231933597,133.468994140625,7.438110089764745e-07,0.0,9.53562844724281e-06,0.0,1.1440389043195689e-06,,1.0014878986453616e-06,675095.05018045
35.75,1.8882484904982063e-06,0.0,0.0,7.253093632234245,109.81433766574752,105.62458148501517,216.46600341796875,133.59500122070312,223.71800231933597,133.468994140625,5.245134695828351e-07,0.0,-4.385950787873038e-06,0.0,4.142797854308444e-07,,1.0010491644963557e-06,689161.8936301993
35.80000000000001,3.6046914078277564e-06,0.0,0.0,7.253093632234245,109.81433766574752,105.62458148501517,216.46600341796875,133.59500122070312,223.71800231933597,133.468994140625,1.0013031688410435e-06,0.0,9.535793985162e-06,0.0,-6.20795706399179e-07,,1.0020031076417e-06,659294.0418892517
35.85,0.0,0.0,0.0,7.253093632234245,109.81433766574752,105.62458148501517,216.46600341796875,133.59500122070312,223.71800231933597,133.468994140625,0.0,0.0,-2.0026063376824853e-05,0.0,-1.2070583815909194e-06,,1e-06,inf
35.9,3.776216110792051e-07,0.0,0.0,7.253093632234245,109.81433766574752,105.62458148501517,216.46600341796875,133.59500122070312,223.71800231933597,133.468994140625,1.0489489196644585e-07,0.0,2.0978978393290365e-06,0.0,-8.896131945360932e-07,,1.000209795285402e-06,717780.2154083336
35.95,8.92552956654653e-07,0.0,0.0,7.253093632234245,109.81433766574752,105.62458148501517,216.46600341796875,133.59500122070312,223.71800231933597,133.468994140625,2.479313768485147e-07,0.0,2.8607296976411337e-06,0.0,1.0919275187058376e-07,,1.0004958934886809e-06,707761.7292227366
36.0,1.373157149806443e-06,0.0,0.0,7.253093632234245,109.81433766574752,105.62458148501517,216.46600341796875,133.59500122070312,223.71800231933597,133.468994140625,3.814325416129008e-07,0.0,2.6700232952878736e-06,0.0,1.1629194714756373e-06,2.1579373228955664e-06,1.0007629378286175e-06,698660.1900230019
36.05,1.7851010022411614e-06,0.0,0.0,7.253093632234245,109.81433766574752,105.62458148501517,216.46600341796875,133.59500122070312,223.71800231933597,133.468994140625,4.958613895114337e-07,0.0,2.2885769579707884e-06,0.0,1.7723758758391907e-06,,1.0009918457182816e-06,691043.1991301158
36.1,2.300032762927049e-06,0.0,0.0,7.253093632234245,109.81433766574752,105.62458148501517,216.46600341796875,133.59500122070312,223.71800231933597,133.468994140625,6.38897989701958e-07,0.0,2.8607320038102405e-06,0.0,1.751706020119743e-06,,1.0012780000747247e-06,681752.3430767885
36.15,2.643321570560991e-06,0.0,0.0,7.253093632234245,109.81433766574752,105.62458148501517,216.46600341796875,133.59500122070312,223.71800231933597,133.468994140625,7.342559918224975e-07,0.0,1.9071600424108993e-06,0.0,1.1015033841503936e-06,,1.0014687815495757e-06,675695.9809566449
36.2,3.123925309382372e-06,0.0,0.0,7.253093632234245,109.81433766574752,105.62458148501517,216.46600341796875,133.59500122070312,223.71800231933597,133.468994140625,8.677570303839922e-07,0.0,2.6700207712296657e-06,0.0,-4.76437899918759e-09,,1.0017358905618999e-06,667395.6375686446
36.25,3.604549045661548e-06,0.0,0.0,7.253093632234245,109.81433766574752,105.62458148501517,216.46600341796875,133.59500122070312,223.71800231933597,133.468994140625,1.0012636237948745e-06,0.0,2.6701318682177976e-06,0.0,-1.0856863838157563e-06,,1.002003028512012e-06,659296.4117818583
36.3,3.090044683402161e-07,0.0,0.0,7.253093632234245,109.81433766574752,105.62458148501517,216.46600341796875,133.59500122070312,223.71800231933597,133.468994140625,8.583457453894892e-08,0.0,-1.8308580985119553e-05,0.0,-1.475474631640756e-06,,1.000171672832865e-06,719136.6840919858
36.35,8.239862195092311e-07,0.0,0.0,7.253093632234245,109.81433766574752,105.62458148501517,216.46600341796875,133.59500122070312,223.71800231933597,133.468994140625,2.288850609747864e-07,0.0,2.861009728716506e-06,0.0,-8.378536464980772e-07,,1.0004577963161351e-06,709079.5906883564
36.4,1.2015862686679158e-06,0.0,0.0,7.253093632234245,109.81433766574752,105.62458148501517,216.46600341796875,133.59500122070312,223.71800231933597,133.468994140625,3.3377396351886547e-07,0.0,2.0977780508817006e-06,0.0,4.77195475027252e-07,,1.000667603629567e-06,701882.357582013
36.45,1.6821758012820043e-06,0.0,0.0,7.253093632234245,109.81433766574752,105.62458148501517,216.46600341796875,133.59500122070312,223.71800231933597,133.468994140625,4.6727105591166785e-07,0.0,2.66994184785582e-06,0.0,1.690820778492029e-06,,1.0009346512829433e-06,692930.7164676765
36.5,3.2955704268502584e-06,0.0,0.0,7.253093632234245,109.81433766574752,105.62458148501517,216.46600341796875,133.59500122070312,223.71800231933597,133.468994140625,9.154362296806273e-07,0.0,8.963303475379697e-06,0.0,2.1362025796997035e-06,,1.0018312914711066e-06,664480.4183374778
36.55,2.5403801264080225e-06,0.0,0.0,7.253093632234245,109.81433766574752,105.62458148501517,216.46600341796875,133.59500122070312,223.71800231933597,133.468994140625,7.056611462244507e-07,0.0,-4.195501669123771e-06,0.0,1.5414237322001735e-06,,1.0014115712712754e-06,677500.7664792549
36.6,4.188132839784729e-06,0.0,0.0,7.253093632234245,109.81433766574752,105.62458148501517,216.46600341796875,133.59500122070312,223.71800231933597,133.468994140625,1.163370233273536e-06,0.0,9.154181740980927e-06,0.0,8.446479086758338e-08,,1.0023274171816968e-06,649722.5730824261
36.65,4.737385496558807e-06,0.0,0.0,7.253093632234245,109.81433766574752,105.62458148501517,216.46600341796875,133.59500122070312,223.71800231933597,133.468994140625,1.3159404157107796e-06,0.0,3.051403648745045e-06,0.0,-1.5659519662070961e-06,,1.0026327466810104e-06,640962.5153349361
36.7,1.0298668271361372e-07,0.0,0.0,7.253093632234245,109.81433766574752,105.62458148501517,216.46600341796875,133.59500122070312,223.71800231933597,133.468994140625,2.86074118648927e-08,0.0,-2.574666007691554e-05,0.0,-2.4762921396805197e-06,,1.0000572152329219e-06,723240.3597385889
36.75,6.179429906017729e-07,0.0,0.0,7.253093632234245,109.81433766574752,105.62458148501517,216.46600341796875,133.59500122070312,223.71800231933597,133.468994140625,1.716508307227147e-07,0.0,2.860868377156602e-06,0.0,-2.116975951034024e-06,,1.0003433163934491e-06,713069.4665930544
36.8,1.064235544494083e-06,0.0,0.0,7.253093632234245,109.81433766574752,105.62458148501517,216.46600341796875,133.59500122070312,223.71800231933597,133.468994140625,2.9562098458168973e-07,0.0,2.4794030771796417e-06,0.0,-8.189564709694812e-07,,1.0005912856650465e-06,704483.3568656215
36.85,1.4074965642153601e-06,0.0,0.0,7.253093632234245,109.81433766574752,105.62458148501517,216.46600341796875,133.59500122070312,223.71800231933597,133.468994140625,3.909712678376e-07,0.0,1.9070056651180432e-06,0.0,5.932855139872665e-07,,1.0007820189649412e-06,698018.8324342889
36.9,1.7877613543256436e-06,0.0,0.0,7.253093632234245,109.81433766574752,105.62458148501517,216.46600341796875,133.59500122070312,223.71800231933597,133.468994140625,4.966003762015676e-07,0.0,2.112582167279472e-06,0.0,1.4897023005333332e-06,,1.00099332405837e-06,690994.5479756314
36.95,2.300036484584361e-06,0.0,0.0,7.253093632234245,109.81433766574752,105.62458148501517,216.46600341796875,133.59500122070312,223.71800231933597,133.468994140625,6.388990234956558e-07,0.0,2.8459729458815215e-06,0.0,1.6500076170460293e-06,,1.0012780021429725e-06,681752.276830152
37.0,2.8149828795887912e-06,0.0,0.0,7.253093632234245,109.81433766574752,105.62458148501517,216.46600341796875,133.59500122070312,223.71800231933597,133.468994140625,7.819396887746642e-07,0.0,2.8608133055803303e-06,0.0,1.0843713958954843e-06,-7.854807558015296e-08,1.0015641850923879e-06,672707.67984221
37.05,3.1925959696015584e-06,0.0,0.0,7.253093632234245,109.81433766574752,105.62458148501517,216.46600341796875,133.59500122070312,223.71800231933597,133.468994140625,8.868322137782107e-07,0.0,2.0978505000710486e-06,0.0,-1.2411688310114563e-08,,1.0017740576632443e-06,666226.2713165395
37.1,3.604546009410852e-06,0.0,0.0,7.253093632234245,109.81433766574752,105.62458148501517,216.46600341796875,133.59500122070312,223.71800231933597,133.468994140625,1.0012627803919032e-06,0.0,2.288611332273656e-06,0.0,-1.1429231729846014e-06,,1.0020030268243613e-06,659296.462326288
37.15,4.119583993325196e-07,0.0,0.0,7.253093632234245,109.81433766574752,105.62458148501517,216.46600341796875,133.59500122070312,223.71800231933597,133.468994140625,1.1443288870347766e-07,0.0,-1.773659783376952e-05,0.0,-1.6594162698607009e-06,,1.0002288723248501e-06,717103.3425250187
37.2,9.269210677600538e-07,0.0,0.0,7.253093632234245,109.81433766574752,105.62458148501517,216.46600341796875,133.59500122070312,223.71800231933597,133.468994140625,2.5747807437779274e-07,0.0,2.8609037134860574e-06,0.0,-1.2554963326445676e-06,,1.000514989296235e-06,707103.0110560787
37.25,1.270194101741656e-06,0.0,0.0,7.253093632234245,109.81433766574752,105.62458148501517,216.46600341796875,133.59500122070312,223.71800231933597,133.468994140625,3.5283169492823775e-07,0.0,1.9070724110090087e-06,0.0,-2.4603478630357643e-07,,1.0007057256349591e-06,700590.3163467316
37.3,1.6134561795249256e-06,0.0,0.0,7.253093632234245,109.81433766574752,105.62458148501517,216.46600341796875,133.59500122070312,223.71800231933597,133.468994140625,4.481822720902571e-07,0.0,1.9070115432404953e-06,0.0,7.266531597980629e-07,,1.000896464977855e-06,694196.6978896507
37.35,1.9567502888328262e-06,0.0,0.0,7.253093632234245,109.81433766574752,105.62458148501517,216.46600341796875,133.59500122070312,223.71800231933597,133.468994140625,5.435417468980073e-07,0.0,1.907189496154841e-06,0.0,1.1597578552111702e-06,,1.0010872312126112e-06,687918.1404453737
37.4,2.368710207457317e-06,0.0,0.0,7.253093632234245,109.81433766574752,105.62458148501517,216.46600341796875,133.59500122070312,223.71800231933597,133.468994140625,6.579750576270325e-07,0.0,2.288666214580634e-06,0.0,8.630682138323912e-07,,1.0013161665808423e-06,680532.0516343116
37.45,2.883624323368432e-06,0.0,0.0,7.253093632234245,109.81433766574752,105.62458148501517,216.46600341796875,133.59500122070312,223.71800231933597,133.468994140625,8.01006756491231e-07,0.0,2.860633977283727e-06,0.0,-3.323041393202111e-08,,1.0016023343188944e-06,671520.1458304109
37.5,3.398557077957729e-06,0.0,0.0,7.253093632234245,109.81433766574752,105.62458148501517,216.46600341796875,133.59500122070312,223.71800231933597,133.468994140625,9.440436327660358e-07,0.0,2.8607375254962584e-06,0.0,-1.0412066218425814e-06,,1.0018885328747225e-06,662743.4863763489
37.55,1.7164451198018957e-07,0.0,0.0,7.253093632234245,109.81433766574752,105.62458148501517,216.46600341796875,133.59500122070312,223.71800231933597,133.468994140625,4.767903110560821e-08,0.0,-1.7927292033209572e-05,0.0,-1.491367584244733e-06,,1.0000953591988564e-06,721867.5685976945
37.6,6.522513678321972e-07,0.0,0.0,7.253093632234245,109.81433766574752,105.62458148501517,216.46600341796875,133.59500122070312,223.71800231933597,133.468994140625,1.8118093550894368e-07,0.0,2.6700380880664814e-06,0.0,-1.0330667735782486e-06,,1.0003623782842836e-06,712401.9971924478
37.65,1.0985261981140222e-06,0.0,0.0,7.253093632234245,109.81433766574752,105.62458148501517,216.46600341796875,133.59500122070312,223.71800231933597,133.468994140625,3.0514616614278394e-07,0.0,2.479304612676946e-06,0.0,4.133016668105693e-08,,1.0006103388893768e-06,703832.193672715
37.7,1.4761409611400024e-06,0.0,0.0,7.253093632234245,109.81433766574752,105.62458148501517,216.46600341796875,133.59500122070312,223.71800231933597,133.468994140625,4.100391558722229e-07,0.0,2.0978597945886006e-06,0.0,1.0640164191305289e-06,,1.000820162377799e-06,696740.2834544412
37.75,1.991073705926636e-06,0.0,0.0,7.253093632234245,109.81433766574752,105.62458148501517,216.46600341796875,133.59500122070312,223.71800231933597,133.468994140625,5.530760294240655e-07,0.0,2.860737471037014e-06,0.0,1.4752925510408182e-06,,1.0011063050053951e-06,687296.6338924484
37.8,2.5060317722767154e-06,0.0,0.0,7.253093632234245,109.81433766574752,105.62458148501517,216.46600341796875,133.59500122070312,223.71800231933597,133.468994140625,6.961199367435321e-07,0.0,2.8608781463894947e-06,0.0,1.046376123453411e-06,,1.0013924821649701e-06,678105.1142964719
37.85,3.0209502341628447e-06,0.0,0.0,7.253093632234245,109.81433766574752,105.62458148501517,216.46600341796875,133.59500122070312,223.71800231933597,133.468994140625,8.391528428230123e-07,0.0,2.8606581215893613e-06,0.0,-7.399995670365547e-08,,1.0016786577743927e-06,669156.8739190513
37.9,3.467233758368228e-06,0.0,0.0,7.253093632234245,109.81433766574752,105.62458148501517,216.46600341796875,133.59500122070312,223.71800231933597,133.468994140625,9.631204884356188e-07,0.0,2.4793529122522703e-06,0.0,-1.3225906802924825e-06,,1.001926704777409e-06,661590.2506850241
37.95,0.0,0.0,0.0,7.253093632234245,109.81433766574752,105.62458148501517,216.46600341796875,133.59500122070312,223.71800231933597,133.468994140625,0.0,0.0,-1.9262409768710733e-05,0.0,-1.9345310060809657e-06,,1e-06,inf
38.0,3.776216110792051e-07,0.0,0.0,7.253093632234245,109.81433766574752,105.62458148501517,216.46600341796875,133.59500122070312,223.71800231933597,133.468994140625,1.0489489196644585e-07,0.0,2.0978978393290365e-06,0.0,-1.4916579768978004e-06,-2.5760293727932847e-06,1.000209795285402e-06,717780.2154083336
38.05,7.209166409697316e-07,0.0,0.0,7.253093632234245,109.81433766574752,105.62458148501517,216.46600341796875,133.59500122070312,223.71800231933597,133.468994140625,2.0025462249159208e-07,0.0,1.907194610503033e-06,0.0,-2.5520610418867576e-07,,1.00040052929594e-06,711069.8605739853
38.1,1.0642082902373665e-06,0.0,0.0,7.253093632234245,109.81433766574752,105.62458148501517,216.46600341796875,133.59500122070312,223.71800231933597,133.468994140625,2.95613413954824e-07,0.0,1.9071758292644759e-06,0.0,1.1149250317831116e-06,,1.000591270521555e-06,704483.8748901834
38.15,1.5448025348711663e-06,0.0,0.0,7.253093632234245,109.81433766574752,105.62458148501517,216.46600341796875,133.59500122070312,223.71800231933597,133.468994140625,4.291118152419906e-07,0.0,2.669968025743484e-06,0.0,2.0345661799988397e-06,,1.000858315698959e-06,695466.0915260259
38.2,2.0254055872514847e-06,0.0,0.0,7.253093632234245,109.81433766574752,105.62458148501517,216.46600341796875,133.59500122070312,223.71800231933597,133.468994140625,5.626126631254124e-07,0.0,2.670016957668209e-06,0.0,2.155008181180338e-06,,1.0011253835927552e-06,686676.0964884325
38.25,3.776190711754901e-06,0.0,0.0,7.253093632234245,109.81433766574752,105.62458148501517,216.46600341796875,133.59500122070312,223.71800231933597,133.468994140625,1.0489418643763614e-06,0.0,9.726584025019531e-06,0.0,1.3606651114668961e-06,,1.0020984338682702e-06,656451.4250563154
38.3,3.0209674008377536e-06,0.0,0.0,7.253093632234245,109.81433766574752,105.62458148501517,216.46600341796875,133.59500122070312,223.71800231933597,133.468994140625,8.391576113438204e-07,0.0,-4.195685060651057e-06,0.0,-9.269831849874657e-08,,1.0016786673154358e-06,669156.5795337687
38.35,3.4672524274210852e-06,0.0,0.0,7.253093632234245,109.81433766574752,105.62458148501517,216.46600341796875,133.59500122070312,223.71800231933597,133.468994140625,9.631256742836348e-07,0.0,2.479361258796076e-06,0.0,-1.5056200662589991e-06,,1.0019267151540996e-06,661589.9377353607
38.40000000000001,2.4030308789035395e-07,0.0,0.0,7.253093632234245,109.81433766574752,105.62458148501517,216.46600341796875,133.59500122070312,223.71800231933597,133.468994140625,6.675085774732054e-08,0.0,-1.7927496330722208e-05,0.0,-2.0878689449722735e-06,,1.000133503943333e-06,720499.9641619521
38.45,5.835960476756036e-07,0.0,0.0,7.253093632234245,109.81433766574752,105.62458148501517,216.46600341796875,133.59500122070312,223.71800231933597,133.468994140625,1.6211001324322322e-07,0.0,1.907183109918433e-06,0.0,-1.5504210082023744e-06,,1.0003242331663146e-06,713738.9403167296
38.5,9.268913591296957e-07,0.0,0.0,7.253093632234245,109.81433766574752,105.62458148501517,216.46600341796875,133.59500122070312,223.71800231933597,133.468994140625,2.5746982198047105e-07,0.0,1.907196174745065e-06,0.0,-3.191650542354399e-07,,1.0005149727893154e-06,707103.5799385707
38.55,1.3731615130611254e-06,0.0,0.0,7.253093632234245,109.81433766574752,105.62458148501517,216.46600341796875,133.59500122070312,223.71800231933597,133.468994140625,3.814337536280904e-07,0.0,2.4792786329525276e-06,0.0,8.503282773251115e-07,,1.0007629402531104e-06,698660.1084555823
38.6,1.853759186612086e-06,0.0,0.0,7.253093632234245,109.81433766574752,105.62458148501517,216.46600341796875,133.59500122070312,223.71800231933597,133.468994140625,5.149331073922461e-07,0.0,2.6699870752828862e-06,0.0,1.379750049709985e-06,,1.001029998792837e-06,689789.8025746972
38.65000000000001,2.3343667157873693e-06,0.0,0.0,7.253093632234245,109.81433766574752,105.62458148501517,216.46600341796875,133.59500122070312,223.71800231933597,133.468994140625,6.484351988298248e-07,0.0,2.670041828750968e-06,0.0,1.0570352623971748e-06,,1.0012970806317634e-06,681141.7355510882
38.7,2.849318035370485e-06,0.0,0.0,7.253093632234245,109.81433766574752,105.62458148501517,216.46600341796875,133.59500122070312,223.71800231933597,133.468994140625,7.914772320473569e-07,0.0,2.860840664351211e-06,0.0,4.2951743295335316e-08,,1.0015832676821991e-06,672113.1385696478
38.75,3.3299440965958508e-06,0.0,0.0,7.253093632234245,109.81433766574752,105.62458148501517,216.46600341796875,133.59500122070312,223.71800231933597,133.468994140625,9.249844712766252e-07,0.0,2.6701447845855173e-06,0.0,-1.117032999943778e-06,,1.0018503967406894e-06,663899.6743019347
38.8,6.865779098866261e-08,0.0,0.0,7.253093632234245,109.81433766574752,105.62458148501517,216.46600341796875,133.59500122070312,223.71800231933597,133.468994140625,1.9071608607961836e-08,0.0,-1.81182572533743e-05,0.0,-1.6985650431451406e-06,,1.0000381433990789e-06,723928.7147127179
38.85,4.4627910115400495e-07,0.0,0.0,7.253093632234245,109.81433766574752,105.62458148501517,216.46600341796875,133.59500122070312,223.71800231933597,133.468994140625,1.2396641698722358e-07,0.0,2.0978961675850563e-06,0.0,-1.3112998637377615e-06,,1.0002479405178107e-06,716428.0612452567
38.90000000000001,7.895743263673588e-07,0.0,0.0,7.253093632234245,109.81433766574752,105.62458148501517,216.46600341796875,133.59500122070312,223.71800231933597,133.468994140625,2.1932620176871078e-07,0.0,1.9071956956293102e-06,0.0,-2.0950287655215274e-07,,1.000438676455529e-06,709742.8430241237
38.95,1.132869618379116e-06,0.0,0.0,7.253093632234245,109.81433766574752,105.62458148501517,216.46600341796875,133.59500122070312,223.71800231933597,133.468994140625,3.1468600510531e-07,0.0,1.9071960667323638e-06,0.0,9.96190574039503e-07,,1.0006294215238514e-06,703181.2338877098
39.0,1.6166093523433556e-06,0.0,0.0,7.253093632234245,109.81433766574752,105.62458148501517,216.46600341796875,133.59500122070312,223.71800231933597,133.468994140625,4.4905815342870984e-07,0.0,2.6874429664681497e-06,0.0,1.8297608731464495e-06,3.32141885004425e-06,1.00089821713347e-06,694138.5075796755
39.05,2.1284155306610504e-06,0.0,0.0,7.253093632234245,109.81433766574752,105.62458148501517,216.46600341796875,133.59500122070312,223.71800231933597,133.468994140625,5.912265362947362e-07,0.0,2.843367657320689e-06,0.0,2.0773609050465696e-06,,1.0011826278469982e-06,684820.9324367532
39.1,2.609059213810209e-06,0.0,0.0,7.253093632234245,109.81433766574752,105.62458148501517,216.46600341796875,133.59500122070312,223.71800231933597,133.468994140625,7.247386705028358e-07,0.0,2.6702426841617648e-06,0.0,1.6326657673002544e-06,,1.001449739964076e-06,676295.6054288808
39.15000000000001,3.123996587107504e-06,0.0,0.0,7.253093632234245,109.81433766574752,105.62458148501517,216.46600341796875,133.59500122070312,223.71800231933597,133.468994140625,8.677768297520844e-07,0.0,2.86076318498432e-06,0.0,5.269376954172129e-07,,1.0017359301778174e-06,667394.4216794984
39.2,4.806055162061531e-06,0.0,0.0,7.253093632234245,109.81433766574752,105.62458148501517,216.46600341796875,133.59500122070312,223.71800231933597,133.468994140625,1.3350153227948697e-06,0.0,9.344769860857566e-06,0.0,-8.085415997131126e-07,,1.0026709217785457e-06,639883.8842015656
39.25,3.0896178354678803e-07,0.0,0.0,7.253093632234245,109.81433766574752,105.62458148501517,216.46600341796875,133.59500122070312,223.71800231933597,133.468994140625,8.582271765188556e-08,0.0,-2.4983852102861105e-05,0.0,-1.5757316160579327e-06,,1.0001716491180732e-06,719137.529508635
39.3,7.895639037840228e-07,0.0,0.0,7.253093632234245,109.81433766574752,105.62458148501517,216.46600341796875,133.59500122070312,223.71800231933597,133.468994140625,2.1932330660667298e-07,0.0,2.6700117790959006e-06,0.0,-1.229878174236338e-06,,1.0004386706645698e-06,709743.044096198
39.35,1.2701841770144807e-06,0.0,0.0,7.253093632234245,109.81433766574752,105.62458148501517,216.46600341796875,133.59500122070312,223.71800231933597,133.468994140625,3.5282893805957794e-07,0.0,2.6701126290578714e-06,0.0,-5.1069092074727717e-08,,1.000705720120249e-06,700590.5029078637
39.40000000000001,1.6134624774237376e-06,0.0,0.0,7.253093632234245,109.81433766574752,105.62458148501517,216.46600341796875,133.59500122070312,223.71800231933597,133.468994140625,4.4818402150659374e-07,0.0,1.9071016689398822e-06,0.0,1.0796804994109055e-06,,1.000896468477472e-06,694196.5816551892
39.45,3.295597780410076e-06,0.0,0.0,7.253093632234245,109.81433766574752,105.62458148501517,216.46600341796875,133.59500122070312,223.71800231933597,133.468994140625,9.154438278916878e-07,0.0,9.345196127703741e-06,0.0,1.4200978390364907e-06,,1.0018313066744844e-06,664479.9557944477
39.5,2.54033592674727e-06,0.0,0.0,7.253093632234245,109.81433766574752,105.62458148501517,216.46600341796875,133.59500122070312,223.71800231933597,133.468994140625,7.056488685409084e-07,0.0,-4.195899187015827e-06,0.0,8.062786121723766e-07,,1.0014115467072446e-06,677501.5434653221
39.55,3.0552889993127125e-06,0.0,0.0,7.253093632234245,109.81433766574752,105.62458148501517,216.46600341796875,133.59500122070312,223.71800231933597,133.468994140625,8.486913886979757e-07,0.0,2.8608504031415097e-06,0.0,-4.065995460516869e-07,,1.0016977429159325e-06,668568.5279784456
39.6,3.5359106615730385e-06,0.0,0.0,7.253093632234245,109.81433766574752,105.62458148501517,216.46600341796875,133.59500122070312,223.71800231933597,133.468994140625,9.821974059925108e-07,0.0,2.670120345890473e-06,0.0,-1.5781274921095118e-06,,1.0019648771678572e-06,660441.0177763281
39.65000000000001,2.0598748498417045e-07,0.0,0.0,7.253093632234245,109.81433766574752,105.62458148501517,216.46600341796875,133.59500122070312,223.71800231933597,133.468994140625,5.721874582893623e-08,0.0,-1.8499573203267285e-05,0.0,-2.062421357168405e-06,,1.0001144391286503e-06,721182.8454305365
39.7,6.867393961057243e-07,0.0,0.0,7.253093632234245,109.81433766574752,105.62458148501517,216.46600341796875,133.59500122070312,223.71800231933597,133.468994140625,1.907609433627012e-07,0.0,2.670843950675831e-06,0.0,-1.5674810768705409e-06,,1.0003815400815942e-06,711732.2909000455
39.75,1.169704450729756e-06,0.0,0.0,7.253093632234245,109.81433766574752,105.62458148501517,216.46600341796875,133.59500122070312,223.71800231933597,133.468994140625,3.249179029804878e-07,0.0,2.6831391923558843e-06,0.0,-3.5874508685655007e-07,,1.0006498885917829e-06,702484.3878071416
39.8,4.1220479549251634e-07,0.0,0.0,7.253093632234245,109.81433766574752,105.62458148501517,216.46600341796875,133.59500122070312,223.71800231933597,133.468994140625,1.1450133208125453e-07,0.0,-4.2083314179849044e-06,0.0,9.306257347914142e-07,,1.0002290092194398e-06,717098.4899896969
39.85,2.12947317993584e-06,0.0,0.0,7.253093632234245,109.81433766574752,105.62458148501517,216.46600341796875,133.59500122070312,223.71800231933597,133.468994140625,5.915203277599555e-07,0.0,9.540379913573208e-06,0.0,1.6502652025385288e-06,,1.001183215603669e-06,684801.9366232224
39.90000000000001,2.6092847739136668e-06,0.0,0.0,7.253093632234245,109.81433766574752,105.62458148501517,216.46600341796875,133.59500122070312,223.71800231933597,133.468994140625,7.248013260871296e-07,0.0,2.665619966542875e-06,0.0,1.4068370341096398e-06,,1.0014498653206555e-06,676291.6544282957
39.95,3.090110758151954e-06,0.0,0.0,7.253093632234245,109.81433766574752,105.62458148501517,216.46600341796875,133.59500122070312,223.71800231933597,133.468994140625,8.583640994866539e-07,0.0,2.6712554679910176e-06,0.0,2.933301885274231e-07,,1.001717096593437e-06,667972.9622049739
40.0,3.5706063594924875e-06,0.0,0.0,7.253093632234245,109.81433766574752,105.62458148501517,216.46600341796875,133.59500122070312,223.71800231933597,133.468994140625,9.918350998590243e-07,0.0,2.66942000744756e-06,0.0,-1.0301396791616424e-06,-2.859900552308092e-06,1.0019841620681506e-06,659861.9399164084
40.05,0.0,0.0,0.0,7.253093632234245,109.81433766574752,105.62458148501517,216.46600341796875,133.59500122070312,223.71800231933597,133.468994140625,0.0,0.0,-1.9836701997181615e-05,0.0,-1.6968069689317043e-06,,1e-06,inf
40.1,4.807057050404988e-07,0.0,0.0,7.253093632234245,109.81433766574752,105.62458148501517,216.46600341796875,133.59500122070312,223.71800231933597,133.468994140625,1.3352936251124968e-07,0.0,2.6705872502247657e-06,0.0,-1.3145288802353536e-06,,1.000267067640068e-06,715751.9727595493
40.15000000000001,1.0300423175250302e-06,0.0,0.0,7.253093632234245,109.81433766574752,105.62458148501517,216.46600341796875,133.59500122070312,223.71800231933597,133.468994140625,2.8612286597917505e-07,0.0,3.0518700693578135e-06,0.0,-2.5978323453329554e-07,,1.0005722866651058e-06,705133.8708215785
40.2,1.5106636632324237e-06,0.0,0.0,7.253093632234245,109.81433766574752,105.62458148501517,216.46600341796875,133.59500122070312,223.71800231933597,133.468994140625,4.1962879534233994e-07,0.0,2.670118587263829e-06,0.0,7.737331885998084e-07,,1.0008393456348475e-06,696099.042940612
40.25,1.9912961780136603e-06,0.0,0.0,7.253093632234245,109.81433766574752,105.62458148501517,216.46600341796875,133.59500122070312,223.71800231933597,133.468994140625,5.531378272260167e-07,0.0,2.670180637673687e-06,0.0,1.3649873260188548e-06,,1.0011064286351801e-06,687292.6091727908
40.3,1.2016883909609886e-06,0.0,0.0,7.253093632234245,109.81433766574752,105.62458148501517,216.46600341796875,133.59500122070312,223.71800231933597,133.468994140625,3.3380233082249686e-07,0.0,-4.386709928070646e-06,0.0,1.4156638368624836e-06,,1.0006676603736432e-06,701880.4308459178
40.35,2.9180430352446636e-06,0.0,0.0,7.253093632234245,109.81433766574752,105.62458148501517,216.46600341796875,133.59500122070312,223.71800231933597,133.468994140625,8.105675097901843e-07,0.0,9.535303579352936e-06,0.0,8.991345617023812e-07,,1.0016214635294243e-06,670926.2604082305
40.40000000000001,3.364734364722427e-06,0.0,0.0,7.253093632234245,109.81433766574752,105.62458148501517,216.46600341796875,133.59500122070312,223.71800231933597,133.468994140625,9.346484346451186e-07,0.0,2.4816184970981205e-06,0.0,-8.165601416449401e-08,,1.0018697336531385e-06,663312.9245613137
40.45,2.6090648797815847e-06,0.0,0.0,7.253093632234245,109.81433766574752,105.62458148501517,216.46600341796875,133.59500122070312,223.71800231933597,133.468994140625,7.247402443837735e-07,0.0,-4.198163805227737e-06,0.0,-1.0467405143270264e-06,,1.0014497431129785e-06,676295.5061809048
40.5,3.089744975641529e-07,0.0,0.0,7.253093632234245,109.81433766574752,105.62458148501517,216.46600341796875,133.59500122070312,223.71800231933597,133.468994140625,8.58262493233758e-08,0.0,-1.277827990120868e-05,0.0,-1.3349459013082328e-06,,1.0001716561817193e-06,719137.2776941137
40.55,8.239302664641033e-07,0.0,0.0,7.253093632234245,109.81433766574752,105.62458148501517,216.46600341796875,133.59500122070312,223.71800231933597,133.468994140625,2.288695184622509e-07,0.0,2.8608653827776648e-06,0.0,-7.075114605092636e-07,,1.0004577652275529e-06,709080.6681171384
40.6,1.304500916566534e-06,0.0,0.0,7.253093632234245,109.81433766574752,105.62458148501517,216.46600341796875,133.59500122070312,223.71800231933597,133.468994140625,3.6236136571292614e-07,0.0,2.669836945013277e-06,0.0,3.9843251981186073e-07,,1.0007247883843058e-06,699946.0235225289
40.65000000000001,1.8538646822918824e-06,0.0,0.0,7.253093632234245,109.81433766574752,105.62458148501517,216.46600341796875,133.59500122070312,223.71800231933597,133.468994140625,5.149624117477451e-07,0.0,3.052020920695685e-06,0.0,1.2593160886149606e-06,,1.0010300574166385e-06,689787.8801859332
40.7,2.3344980025818426e-06,0.0,0.0,7.253093632234245,109.81433766574752,105.62458148501517,216.46600341796875,133.59500122070312,223.71800231933597,133.468994140625,6.484716673838452e-07,0.0,2.6701851127225336e-06,0.0,1.3688831689919451e-06,,1.0012971535925192e-06,681139.4027980929
40.75,2.815133799403587e-06,0.0,0.0,7.253093632234245,109.81433766574752,105.62458148501517,216.46600341796875,133.59500122070312,223.71800231933597,133.468994140625,7.819816109454408e-07,0.0,2.6701988712320634e-06,0.0,6.229749343021342e-07,,1.0015642689695108e-06,672705.0642408063
40.8,3.2961789255839343e-06,0.0,0.0,7.253093632234245,109.81433766574752,105.62458148501517,216.46600341796875,133.59500122070312,223.71800231933597,133.468994140625,9.156052571066484e-07,0.0,2.6724729232243045e-06,0.0,-6.849364473544475e-07,,1.0018316296807068e-06,664470.1289021138
40.85,2.5060458525248463e-06,0.0,0.0,7.253093632234245,109.81433766574752,105.62458148501517,216.46600341796875,133.59500122070312,223.71800231933597,133.468994140625,6.961238479235684e-07,0.0,-4.389628183661226e-06,0.0,-1.9308094256851484e-06,,1.001392489990053e-06,678104.8663383122
40.90000000000001,6.865821692783863e-08,0.0,0.0,7.253093632234245,109.81433766574752,105.62458148501517,216.46600341796875,133.59500122070312,223.71800231933597,133.468994140625,1.907172692439962e-08,0.0,-1.3541042419980297e-05,0.0,-2.445352433202817e-06,,1.0000381436357143e-06,723928.7061637556
40.95,5.494028702045189e-07,0.0,0.0,7.253093632234245,109.81433766574752,105.62458148501517,216.46600341796875,133.59500122070312,223.71800231933597,133.468994140625,1.5261190839014412e-07,0.0,2.6708036293154214e-06,0.0,-1.9353552613401917e-06,,1.0003052354619775e-06,714406.6667455563
41.0,2.0607491432238352e-07,0.0,0.0,7.253093632234245,109.81433766574752,105.62458148501517,216.46600341796875,133.59500122070312,223.71800231933597,133.468994140625,5.7243031756217646e-08,0.0,-1.9073775326786377e-06,0.0,-6.291161569963412e-07,4.0102352216530117e-07,1.0001144877018948e-06,721181.1039399425
41.05,2.748815571280659e-07,0.0,0.0,7.253093632234245,109.81433766574752,105.62458148501517,216.46600341796875,133.59500122070312,223.71800231933597,133.468994140625,7.635598809112941e-08,0.0,3.82259126698257e-07,0.0,9.480775267146344e-07,,1.0001527148913008e-06,719813.1587258733
41.1,7.554296499727414e-07,0.0,0.0,7.253093632234245,109.81433766574752,105.62458148501517,216.46600341796875,133.59500122070312,223.71800231933597,133.468994140625,2.098415694368726e-07,0.0,2.6697116269146364e-06,0.0,2.2235562902029608e-06,,1.000419705155616e-06,710402.1725416736
41.15000000000001,2.472523540235284e-06,0.0,0.0,7.253093632234245,109.81433766574752,105.62458148501517,216.46600341796875,133.59500122070312,223.71800231933597,133.468994140625,6.868120945098011e-07,0.0,9.539410501456401e-06,0.0,2.6948008805920907e-06,,1.0013738600444463e-06,678695.7203037583
41.2,2.952507258515147e-06,0.0,0.0,7.253093632234245,109.81433766574752,105.62458148501517,216.46600341796875,133.59500122070312,223.71800231933597,133.468994140625,8.201409051430964e-07,0.0,2.666576212666436e-06,0.0,2.0948313947190878e-06,,1.0016406181258382e-06,670332.6413047597
41.25,3.4330041674014402e-06,0.0,0.0,7.253093632234245,109.81433766574752,105.62458148501517,216.46600341796875,133.59500122070312,223.71800231933597,133.468994140625,9.536122687226222e-07,0.0,2.669427271590668e-06,0.0,6.388727414154236e-07,,1.0019076792256247e-06,662164.5402717983
41.3,3.913801559043055e-06,0.0,0.0,7.253093632234245,109.81433766574752,105.62458148501517,216.46600341796875,133.59500122070312,223.71800231933597,133.468994140625,1.0871670997341818e-06,0.0,2.671096620231344e-06,0.0,-9.209596772708277e-07,,1.0021749251656198e-06,654188.1769246663
41.35,3.0896178354678803e-07,0.0,0.0,7.253093632234245,109.81433766574752,105.62458148501517,216.46600341796875,133.59500122070312,223.71800231933597,133.468994140625,8.582271765188556e-08,0.0,-2.002688764164422e-05,0.0,-1.690269661159377e-06,,1.0001716491180732e-06,719137.529508635
41.40000000000001,7.552333400833509e-07,0.0,0.0,7.253093632234245,109.81433766574752,105.62458148501517,216.46600341796875,133.59500122070312,223.71800231933597,133.468994140625,2.097870389120419e-07,0.0,2.4792864252025628e-06,0.0,-1.2905782013584745e-06,,1.000419596083125e-06,710405.9668033131
41.45,1.2701776281512298e-06,0.0,0.0,7.253093632234245,109.81433766574752,105.62458148501517,216.46600341796875,133.59500122070312,223.71800231933597,133.468994140625,3.5282711893089714e-07,0.0,2.860801600377674e-06,0.0,-1.475539476486485e-07,,1.0007057164813498e-06,700590.6260108831
41.5,1.7851524653712788e-06,0.0,0.0,7.253093632234245,109.81433766574752,105.62458148501517,216.46600341796875,133.59500122070312,223.71800231933597,133.468994140625,4.958756848253552e-07,0.0,2.8609713178893243e-06,0.0,9.202947453948994e-07,,1.0009918743159981e-06,691042.2579338059
41.55,2.2314528458823933e-06,0.0,0.0,7.253093632234245,109.81433766574752,105.62458148501517,216.46600341796875,133.59500122070312,223.71800231933597,133.468994140625,6.198480127451092e-07,0.0,2.479446558395221e-06,0.0,1.3101564280128007e-06,,1.0012398881312699e-06,682975.2764380102
41.6,2.6089928597778612e-06,0.0,0.0,7.253093632234245,109.81433766574752,105.62458148501517,216.46600341796875,133.59500122070312,223.71800231933597,133.468994140625,7.247202388271836e-07,0.0,2.0974445216413095e-06,0.0,8.629448926610295e-07,,1.0014497030873666e-06,676296.7677213198
41.65000000000001,2.986639111712438e-06,0.0,0.0,7.253093632234245,109.81433766574752,105.62458148501517,216.46600341796875,133.59500122070312,223.71800231933597,133.468994140625,8.296219754756772e-07,0.0,2.098034732969395e-06,0.0,-1.8646019556318327e-07,,1.0016595880872624e-06,669745.7814002471
41.7,3.398557758572532e-06,0.0,0.0,7.253093632234245,109.81433766574752,105.62458148501517,216.46600341796875,133.59500122070312,223.71800231933597,133.468994140625,9.440438218257033e-07,0.0,2.2884369270009764e-06,0.0,-1.268170683110095e-06,,1.00188853325302e-06,662743.4749273758
41.75,1.7164451198018957e-07,0.0,0.0,7.253093632234245,109.81433766574752,105.62458148501517,216.46600341796875,133.59500122070312,223.71800231933597,133.468994140625,4.767903110560821e-08,0.0,-1.792729581440292e-05,0.0,-1.7023522610351315e-06,,1.0000953591988564e-06,721867.5685976945
41.8,5.835897046562877e-07,0.0,0.0,7.253093632234245,109.81433766574752,105.62458148501517,216.46600341796875,133.59500122070312,223.71800231933597,133.468994140625,1.6210825129341327e-07,0.0,2.288584403756231e-06,0.0,-1.182462464972717e-06,,1.0003242296421294e-06,713739.0640678409
41.85,1.0985314680392085e-06,0.0,0.0,7.253093632234245,109.81433766574752,105.62458148501517,216.46600341796875,133.59500122070312,223.71800231933597,133.468994140625,3.0514763001089124e-07,0.0,2.8607875743493154e-06,0.0,-5.134698309152605e-08,,1.0006103418175597e-06,703832.0936918571
41.90000000000001,1.4761458541119302e-06,0.0,0.0,7.253093632234245,109.81433766574752,105.62458148501517,216.46600341796875,133.59500122070312,223.71800231933597,133.468994140625,4.100405150310917e-07,0.0,2.0978577004035326e-06,0.0,1.0024828007676223e-06,,1.0008201650966744e-06,696740.1924864249
41.95,1.9224541246435064e-06,0.0,0.0,7.253093632234245,109.81433766574752,105.62458148501517,216.46600341796875,133.59500122070312,223.71800231933597,133.468994140625,5.340150346231962e-07,0.0,2.4794903918425836e-06,0.0,1.4315863288986604e-06,,1.001068172655275e-06,688540.2772252345
42.0,2.437362082469664e-06,0.0,0.0,7.253093632234245,109.81433766574752,105.62458148501517,216.46600341796875,133.59500122070312,223.71800231933597,133.468994140625,6.770450229082401e-07,0.0,2.8605997657010393e-06,0.0,1.0283811383516713e-06,1.6574972953480126e-06,1.0013543192407982e-06,679316.5727663691
42.05,2.9523215653810406e-06,0.0,0.0,7.253093632234245,109.81433766574752,105.62458148501517,216.46600341796875,133.59500122070312,223.71800231933597,133.468994140625,8.200893237169557e-07,0.0,2.8608860161744753e-06,0.0,-5.3473335080859396e-08,,1.0016405149206834e-06,670335.8369081039
42.1,3.4328852240013688e-06,0.0,0.0,7.253093632234245,109.81433766574752,105.62458148501517,216.46600341796875,133.59500122070312,223.71800231933597,133.468994140625,9.535792288892691e-07,0.0,2.6697981034460398e-06,0.0,-1.2633911206771317e-06,,1.0019076131144514e-06,662166.5375920902
42.15000000000001,0.0,0.0,0.0,7.253093632234245,109.81433766574752,105.62458148501517,216.46600341796875,133.59500122070312,223.71800231933597,133.468994140625,0.0,0.0,-1.9071584577781046e-05,0.0,-1.8528904506839058e-06,,1e-06,inf
42.2,3.776216110792051e-07,0.0,0.0,7.253093632234245,109.81433766574752,105.62458148501517,216.46600341796875,133.59500122070312,223.71800231933597,133.468994140625,1.0489489196644585e-07,0.0,2.0978978393293346e-06,0.0,-1.417590902717879e-06,,1.000209795285402e-06,717780.2154083336
42.25,7.209166409697316e-07,0.0,0.0,7.253093632234245,109.81433766574752,105.62458148501517,216.46600341796875,133.59500122070312,223.71800231933597,133.468994140625,2.0025462249159208e-07,0.0,1.907194610503033e-06,0.0,-2.3357480739981296e-07,,1.00040052929594e-06,711069.8605739853
42.3,1.1328597955917092e-06,0.0,0.0,7.253093632234245,109.81433766574752,105.62458148501517,216.46600341796875,133.59500122070312,223.71800231933597,133.468994140625,3.146832765532526e-07,0.0,2.28857308123334e-06,0.0,1.0418316212704565e-06,,1.0006294160658888e-06,703181.4199008477
42.35,1.647786682148816e-06,0.0,0.0,7.253093632234245,109.81433766574752,105.62458148501517,216.46600341796875,133.59500122070312,223.71800231933597,133.468994140625,4.577185228191155e-07,0.0,2.860704925317015e-06,0.0,1.8953177408484884e-06,,1.0009155417987614e-06,693563.669399567
42.40000000000001,2.1627593278682475e-06,0.0,0.0,7.253093632234245,109.81433766574752,105.62458148501517,216.46600341796875,133.59500122070312,223.71800231933597,133.468994140625,6.007664799634021e-07,0.0,2.8609591428850817e-06,0.0,2.105158715427387e-06,,1.0012017134201084e-06,684204.6418005129
42.45,2.6777383102201698e-06,0.0,0.0,7.253093632234245,109.81433766574752,105.62458148501517,216.46600341796875,133.59500122070312,223.71800231933597,133.468994140625,7.438161972833805e-07,0.0,2.8609943464001357e-06,0.0,1.5831882659095603e-06,,1.0014879090258347e-06,675094.7241696316
42.5,3.1239324205167114e-06,0.0,0.0,7.253093632234245,109.81433766574752,105.62458148501517,216.46600341796875,133.59500122070312,223.71800231933597,133.468994140625,8.677590056990865e-07,0.0,2.478856168314262e-06,0.0,3.8812232078151496e-07,,1.0017358945142441e-06,667395.5162633529
42.55,4.737389642170336e-06,0.0,0.0,7.253093632234245,109.81433766574752,105.62458148501517,216.46600341796875,133.59500122070312,223.71800231933597,133.468994140625,1.3159415672695376e-06,0.0,8.963651231409533e-06,0.0,-1.0275843112995884e-06,,1.0026327489856433e-06,640962.4501078409
42.6,2.4030308789035395e-07,0.0,0.0,7.253093632234245,109.81433766574752,105.62458148501517,216.46600341796875,133.59500122070312,223.71800231933597,133.468994140625,6.675085774732054e-08,0.0,-2.4983814190442213e-05,0.0,-1.860901605971012e-06,,1.000133503943333e-06,720499.9641619521
42.65000000000001,5.835960476756036e-07,0.0,0.0,7.253093632234245,109.81433766574752,105.62458148501517,216.46600341796875,133.59500122070312,223.71800231933597,133.468994140625,1.6211001324322322e-07,0.0,1.9071831099176198e-06,0.0,-1.5670005219519639e-06,,1.0003242331663146e-06,713738.9403167296
42.7,1.0641926233739974e-06,0.0,0.0,7.253093632234245,109.81433766574752,105.62458148501517,216.46600341796875,133.59500122070312,223.71800231933597,133.468994140625,2.956090620483326e-07,0.0,2.6699809761027196e-06,0.0,-3.9826321637362627e-07,,1.0005912618164554e-06,704484.17267227
42.75,1.5791340421294608e-06,0.0,0.0,7.253093632234245,109.81433766574752,105.62458148501517,216.46600341796875,133.59500122070312,223.71800231933597,133.468994140625,4.386483450359613e-07,0.0,2.8607856597527365e-06,0.0,8.241499073963673e-07,,1.0008773928962572e-06,694830.7283177531
42.8,2.0958517837113063e-06,0.0,0.0,7.253093632234245,109.81433766574752,105.62458148501517,216.46600341796875,133.59500122070312,223.71800231933597,133.468994140625,5.821810510309184e-07,0.0,2.8706541198993046e-06,0.0,1.3750681878610908e-06,,1.0011645315694501e-06,685406.3068149497
42.85,2.6090695513059897e-06,0.0,0.0,7.253093632234245,109.81433766574752,105.62458148501517,216.46600341796875,133.59500122070312,223.71800231933597,133.468994140625,7.247415420294415e-07,0.0,2.85120981997022e-06,0.0,9.934842248010177e-07,,1.0014497457092103e-06,676295.424352179
42.90000000000001,3.0219458177137747e-06,0.0,0.0,7.253093632234245,109.81433766574752,105.62458148501517,216.46600341796875,133.59500122070312,223.71800231933597,133.468994140625,8.394293938093819e-07,0.0,2.2937570355982853e-06,0.0,-9.965224462910604e-08,,1.0016792111084725e-06,669139.8014342558
42.95,3.398607677805966e-06,0.0,0.0,7.253093632234245,109.81433766574752,105.62458148501517,216.46600341796875,133.59500122070312,223.71800231933597,133.468994140625,9.440576882794349e-07,0.0,2.0925658894014774e-06,0.0,-1.2734492131719156e-06,,1.0018885609990183e-06,662742.6352112492
43.0,6.865779098866261e-08,0.0,0.0,7.253093632234245,109.81433766574752,105.62458148501517,216.46600341796875,133.59500122070312,223.71800231933597,133.468994140625,1.9071608607961836e-08,0.0,-1.8499721593430513e-05,0.0,-1.7651222852335118e-06,-2.793503423585183e-06,1.0000381433990789e-06,723928.7147127179
43.05,4.4627910115400495e-07,0.0,0.0,7.253093632234245,109.81433766574752,105.62458148501517,216.46600341796875,133.59500122070312,223.71800231933597,133.468994140625,1.2396641698722358e-07,0.0,2.097896167585354e-06,0.0,-1.2164073196333683e-06,,1.0002479405178107e-06,716428.0612452567
43.1,9.268778057594431e-07,0.0,0.0,7.253093632234245,109.81433766574752,105.62458148501517,216.46600341796875,133.59500122070312,223.71800231933597,133.468994140625,2.574660571554009e-07,0.0,2.6699928033633184e-06,0.0,3.912678457364019e-08,,1.000514965258696e-06,707103.8394686799
43.15000000000001,1.4418229973090402e-06,0.0,0.0,7.253093632234245,109.81433766574752,105.62458148501517,216.46600341796875,133.59500122070312,223.71800231933597,133.468994140625,4.0050638814140003e-07,0.0,2.8608066197193327e-06,0.0,1.3188208701450322e-06,,1.0008010929789663e-06,697378.89306084
43.2,1.9567964127960256e-06,0.0,0.0,7.253093632234245,109.81433766574752,105.62458148501517,216.46600341796875,133.59500122070312,223.71800231933597,133.468994140625,5.435545591100071e-07,0.0,2.8609634193727108e-06,0.0,2.10942937526151e-06,,1.0010872568439993e-06,687917.3045078344
43.25,2.437424696704837e-06,0.0,0.0,7.253093632234245,109.81433766574752,105.62458148501517,216.46600341796875,133.59500122070312,223.71800231933597,133.468994140625,6.770624157513435e-07,0.0,2.6701571328268793e-06,0.0,2.178694194770971e-06,,1.0013543540382601e-06,679315.4661654982
43.3,2.8492925369088206e-06,0.0,0.0,7.253093632234245,109.81433766574752,105.62458148501517,216.46600341796875,133.59500122070312,223.71800231933597,133.468994140625,7.914701491413391e-07,0.0,2.2881546678000416e-06,0.0,1.4296171402873622e-06,,1.0015832535107812e-06,672113.5797064094
43.35,4.4627412645291265e-06,0.0,0.0,7.253093632234245,109.81433766574752,105.62458148501517,216.46600341796875,133.59500122070312,223.71800231933597,133.468994140625,1.2396503512580907e-06,0.0,8.963604042334267e-06,0.0,-2.703448014035129e-09,,1.002480069069013e-06,645313.1018815351
43.40000000000001,3.6732209827325835e-06,0.0,0.0,7.253093632234245,109.81433766574752,105.62458148501517,216.46600341796875,133.59500122070312,223.71800231933597,133.468994140625,1.020339161870162e-06,0.0,-4.386223787757575e-06,0.0,-1.4975901396540742e-06,,1.002041198869743e-06,658155.2097171017
43.45,3.0896178354678803e-07,0.0,0.0,7.253093632234245,109.81433766574752,105.62458148501517,216.46600341796875,133.59500122070312,223.71800231933597,133.468994140625,8.582271765188556e-08,0.0,-1.8690328884369248e-05,0.0,-2.159781269315833e-06,,1.0001716491180732e-06,719137.529508635
43.5,6.522563431114231e-07,0.0,0.0,7.253093632234245,109.81433766574752,105.62458148501517,216.46600341796875,133.59500122070312,223.71800231933597,133.468994140625,1.8118231753095085e-07,0.0,1.9071919975814142e-06,0.0,-1.5472070383134129e-06,,1.0003623810485782e-06,712401.900489019
43.55,1.167181587866576e-06,0.0,0.0,7.253093632234245,109.81433766574752,105.62458148501517,216.46600341796875,133.59500122070312,223.71800231933597,133.468994140625,3.2421710774071556e-07,0.0,2.8606958041954567e-06,0.0,-9.56504571214506e-08,,1.000648486773848e-06,702532.0715888612
43.6,1.6478023241167841e-06,0.0,0.0,7.253093632234245,109.81433766574752,105.62458148501517,216.46600341796875,133.59500122070312,223.71800231933597,133.468994140625,4.577228678102178e-07,0.0,2.670115201389817e-06,0.0,1.2585400089560511e-06,,1.0009155504907322e-06,693563.3812366456
43.65000000000001,2.1627991033019627e-06,0.0,0.0,7.253093632234245,109.81433766574752,105.62458148501517,216.46600341796875,133.59500122070312,223.71800231933597,133.468994140625,6.007775286949896e-07,0.0,2.861093217694786e-06,0.0,1.7431723796914056e-06,,1.0012017355242095e-06,684203.9286836291
43.7,3.8448409603970115e-06,0.0,0.0,7.253093632234245,109.81433766574752,105.62458148501517,216.46600341796875,133.59500122070312,223.71800231933597,133.468994140625,1.0680113778880586e-06,0.0,9.344676983863239e-06,0.0,1.1105244560949674e-06,,1.002136593079928e-06,655320.3989945883
43.75,2.986658157149493e-06,0.0,0.0,7.253093632234245,109.81433766574752,105.62458148501517,216.46600341796875,133.59500122070312,223.71800231933597,133.468994140625,8.296272658748592e-07,0.0,-4.767682240264259e-06,0.0,-2.9446857633541344e-07,,1.0016595986724498e-06,669745.4542216243
43.8,3.3985813593846383e-06,0.0,0.0,7.253093632234245,109.81433766574752,105.62458148501517,216.46600341796875,133.59500122070312,223.71800231933597,133.468994140625,9.440503776068439e-07,0.0,2.288462234639824e-06,0.0,-1.667216615529236e-06,,1.0018885463707716e-06,662743.077926172
43.85,1.7164451198018957e-07,0.0,0.0,7.253093632234245,109.81433766574752,105.62458148501517,216.46600341796875,133.59500122070312,223.71800231933597,133.468994140625,4.767903110560821e-08,0.0,-1.7927426930023184e-05,0.0,-2.183244663746006e-06,,1.0000953591988564e-06,721867.5685976945
43.90000000000001,5.149393879806318e-07,0.0,0.0,7.253093632234245,109.81433766574752,105.62458148501517,216.46600341796875,133.59500122070312,223.71800231933597,133.468994140625,1.4303871888350883e-07,0.0,1.9071937555575785e-06,0.0,-1.5679749454907558e-06,,1.0002860876678046e-06,715080.9371092124
43.95,8.582346330576076e-07,0.0,0.0,7.253093632234245,109.81433766574752,105.62458148501517,216.46600341796875,133.59500122070312,223.71800231933597,133.468994140625,2.3839850918266878e-07,0.0,1.9071958059835783e-06,0.0,-2.726271490497212e-07,,1.00047682543529e-06,708420.7188974967
44.0,1.3731553051924948e-06,0.0,0.0,7.253093632234245,109.81433766574752,105.62458148501517,216.46600341796875,133.59500122070312,223.71800231933597,133.468994140625,3.8143202922013745e-07,0.0,2.8606704007495363e-06,0.0,9.310080500746844e-07,2.6961303353081963e-06,1.0007629368036367e-06,698660.2245065321
44.05,1.853775167080692e-06,0.0,0.0,7.253093632234245,109.81433766574752,105.62458148501517,216.46600341796875,133.59500122070312,223.71800231933597,133.468994140625,5.149375464113033e-07,0.0,2.6701103438234685e-06,0.0,1.4572510843309123e-06,,1.001030007673161e-06,689789.5113708678
44.1,2.368764511690184e-06,0.0,0.0,7.253093632234245,109.81433766574752,105.62458148501517,216.46600341796875,133.59500122070312,223.71800231933597,133.468994140625,6.579901421361622e-07,0.0,2.8610519144969333e-06,0.0,1.09710346531714e-06,,1.001316196759786e-06,680531.0884609731
44.15000000000001,2.8837210768533787e-06,0.0,0.0,7.253093632234245,109.81433766574752,105.62458148501517,216.46600341796875,133.59500122070312,223.71800231933597,133.468994140625,8.010336324592718e-07,0.0,2.8608698064615427e-06,0.0,2.6152180493983288e-08,,1.0016023880923588e-06,671518.4749019986
44.2,3.330687040776552e-06,0.0,0.0,7.253093632234245,109.81433766574752,105.62458148501517,216.46600341796875,133.59500122070312,223.71800231933597,133.468994140625,9.251908446601533e-07,0.0,2.483144244018124e-06,0.0,-1.184756980419844e-06,,1.00185080967837e-06,663887.1334480441
44.25,0.0,0.0,0.0,7.253093632234245,109.81433766574752,105.62458148501517,216.46600341796875,133.59500122070312,223.71800231933597,133.468994140625,0.0,0.0,-1.8503816893204118e-05,0.0,-1.7802844477144062e-06,,1e-06,inf
44.3,5.493412859757165e-07,0.0,0.0,7.253093632234245,109.81433766574752,105.62458148501517,216.46600341796875,133.59500122070312,223.71800231933597,133.468994140625,1.5259480165992127e-07,0.0,3.051896033198599e-06,0.0,-1.3620685692997233e-06,,1.0003052012459067e-06,714407.8704932048
44.35,2.0599932478421426e-07,0.0,0.0,7.253093632234245,109.81433766574752,105.62458148501517,216.46600341796875,133.59500122070312,223.71800231933597,133.468994140625,5.722203466228174e-08,0.0,-1.9074553399526277e-06,0.0,-2.435981072458544e-07,,1.0001144457065053e-06,721182.6095950163
44.40000000000001,1.5449069159135583e-06,0.0,0.0,7.253093632234245,109.81433766574752,105.62458148501517,216.46600341796875,133.59500122070312,223.71800231933597,133.468994140625,4.291408099759884e-07,0.0,7.438375506272442e-06,0.0,8.537807591620672e-07,,1.0008583737008695e-06,695464.1580154237
44.45,2.0255225551075017e-06,0.0,0.0,7.253093632234245,109.81433766574752,105.62458148501517,216.46600341796875,133.59500122070312,223.71800231933597,133.468994140625,5.626451541965283e-07,0.0,2.6700868844113293e-06,0.0,1.4042196805964555e-06,,1.0011254485931776e-06,686673.9842484056
44.5,1.235996160290207e-06,0.0,0.0,7.253093632234245,109.81433766574752,105.62458148501517,216.46600341796875,133.59500122070312,223.71800231933597,133.468994140625,3.4333226674727974e-07,0.0,-4.386257748985221e-06,0.0,1.3065794277161464e-06,,1.0006867234720172e-06,701233.746067713
44.55,2.952820416046812e-06,0.0,0.0,7.253093632234245,109.81433766574752,105.62458148501517,216.46600341796875,133.59500122070312,223.71800231933597,133.468994140625,8.202278933463366e-07,0.0,9.53791253198168e-06,0.0,6.998983565529414e-07,,1.001640792173591e-06,670327.252228613
44.6,2.162963271975795e-06,0.0,0.0,7.253093632234245,109.81433766574752,105.62458148501517,216.46600341796875,133.59500122070312,223.71800231933597,133.468994140625,6.008231311043875e-07,0.0,-4.388095244838608e-06,0.0,-1.6482933141636485e-07,,1.0012018267564261e-06,684200.9853888225
44.65000000000001,2.6434244773833723e-06,0.0,0.0,7.253093632234245,109.81433766574752,105.62458148501517,216.46600341796875,133.59500122070312,223.71800231933597,133.468994140625,7.342845770509367e-07,0.0,2.669228918930378e-06,0.0,-8.794169729932924e-07,,1.001468838741022e-06,675694.181589036
44.7,3.432899002987258e-07,0.0,0.0,7.253093632234245,109.81433766574752,105.62458148501517,216.46600341796875,133.59500122070312,223.71800231933597,133.468994140625,9.535830563853495e-08,0.0,-1.2778525428250578e-05,0.0,-1.0058870228746277e-06,,1.0001907211578803e-06,718458.2669228484
44.75,8.582263805158462e-07,0.0,0.0,7.253093632234245,109.81433766574752,105.62458148501517,216.46600341796875,133.59500122070312,223.71800231933597,133.468994140625,2.3839621680995728e-07,0.0,2.8607582234286096e-06,0.0,-4.321512186884158e-07,,1.000476820849998e-06,708420.877512605
44.8,1.3045512192632874e-06,0.0,0.0,7.253093632234245,109.81433766574752,105.62458148501517,216.46600341796875,133.59500122070312,223.71800231933597,133.468994140625,3.6237533868424647e-07,0.0,2.4795824374859247e-06,0.0,4.72854894145839e-07,,1.0007248163353116e-06,699945.0796920467
44.85,1.7867017864363102e-06,0.0,0.0,7.253093632234245,109.81433766574752,105.62458148501517,216.46600341796875,133.59500122070312,223.71800231933597,133.468994140625,4.963060517878639e-07,0.0,2.678614262072121e-06,0.0,1.145088499268004e-06,,1.0009927352634243e-06,691013.923988888
44.90000000000001,2.266670982277372e-06,0.0,0.0,7.253093632234245,109.81433766574752,105.62458148501517,216.46600341796875,133.59500122070312,223.71800231933597,133.468994140625,6.296308284103811e-07,0.0,2.666495532449737e-06,0.0,1.221243762891493e-06,,1.0012594598743109e-06,682346.7107482712
44.95,2.746976069402192e-06,0.0,0.0,7.253093632234245,109.81433766574752,105.62458148501517,216.46600341796875,133.59500122070312,223.71800231933597,133.468994140625,7.630489081672756e-07,0.0,2.66836159513842e-06,0.0,6.697242350934587e-07,,1.0015263889381526e-06,673888.3836837732
45.0,1.956927709679024e-06,0.0,0.0,7.253093632234245,109.81433766574752,105.62458148501517,216.46600341796875,133.59500122070312,223.71800231933597,133.468994140625,5.435910304663955e-07,0.0,-4.38915755401785e-06,0.0,-2.745460613677713e-07,-1.2055541114424557e-06,1.0010873298065369e-06,687914.9249317388
45.05,3.7076668180783686e-06,0.0,0.0,7.253093632234245,109.81433766574752,105.62458148501517,216.46600341796875,133.59500122070312,223.71800231933597,133.468994140625,1.0299074494662134e-06,0.0,9.72632837999691e-06,0.0,-1.1675537235836531e-06,,1.0020603452536099e-06,657584.2694478143
45.1,1.0298668271361372e-07,0.0,0.0,7.253093632234245,109.81433766574752,105.62458148501517,216.46600341796875,133.59500122070312,223.71800231933597,133.468994140625,2.86074118648927e-08,0.0,-2.0026000752024705e-05,0.0,-1.494411504067109e-06,,1.0000572152329219e-06,723240.3597385889
45.15000000000001,6.179429906017729e-07,0.0,0.0,7.253093632234245,109.81433766574752,105.62458148501517,216.46600341796875,133.59500122070312,223.71800231933597,133.468994140625,1.716508307227147e-07,0.0,2.8608683771557892e-06,0.0,-1.0097742406960826e-06,,1.0003433163934491e-06,713069.4665930544
45.2,1.098576395680241e-06,0.0,0.0,7.253093632234245,109.81433766574752,105.62458148501517,216.46600341796875,133.59500122070312,223.71800231933597,133.468994140625,3.0516010991117805e-07,0.0,2.6701855837697986e-06,0.0,2.4270865689382016e-08,,1.0006103667811688e-06,703831.2413271917
45.25,1.4761681409365484e-06,0.0,0.0,7.253093632234245,109.81433766574752,105.62458148501517,216.46600341796875,133.59500122070312,223.71800231933597,133.468994140625,4.100467058157079e-07,0.0,2.0977319180907157e-06,0.0,1.0601161466707615e-06,,1.0008201774807819e-06,696739.7781397282
45.3,1.8194319245970344e-06,0.0,0.0,7.253093632234245,109.81433766574752,105.62458148501517,216.46600341796875,133.59500122070312,223.71800231933597,133.468994140625,5.053977568325096e-07,0.0,1.9070210203361426e-06,0.0,1.6778779044340705e-06,,1.0010109232271113e-06,690415.8985809911
45.35,2.300033973660254e-06,0.0,0.0,7.253093632234245,109.81433766574752,105.62458148501517,216.46600341796875,133.59500122070312,223.71800231933597,133.468994140625,6.388983260167373e-07,0.0,2.6700113836843257e-06,0.0,1.7025270378362048e-06,,1.001278000747569e-06,681752.3215253664
45.40000000000001,2.814977983228775e-06,0.0,0.0,7.253093632234245,109.81433766574752,105.62458148501517,216.46600341796875,133.59500122070312,223.71800231933597,133.468994140625,7.819383286746597e-07,0.0,2.8608000531577987e-06,0.0,1.092773891897515e-06,,1.0015641823711243e-06,672707.7647016937
45.45,3.2612574768448086e-06,0.0,0.0,7.253093632234245,109.81433766574752,105.62458148501517,216.46600341796875,133.59500122070312,223.71800231933597,133.468994140625,9.059048546791134e-07,0.0,2.4793305200895677e-06,0.0,-1.7614709659629494e-08,,1.001812220041161e-06,665061.1507143626
45.5,3.6400396257990197e-06,0.0,0.0,7.253093632234245,109.81433766574752,105.62458148501517,216.46600341796875,133.59500122070312,223.71800231933597,133.468994140625,1.0111221182775055e-06,0.0,2.1043452719679604e-06,0.0,-1.1625486550695347e-06,,1.002022755420524e-06,658706.1295228703
45.55,4.119617326061802e-07,0.0,0.0,7.253093632234245,109.81433766574752,105.62458148501517,216.46600341796875,133.59500122070312,223.71800231933597,133.468994140625,1.1443381461282784e-07,0.0,-1.7933766073294572e-05,0.0,-1.6943817752272982e-06,,1.0002288741767746e-06,717103.2768789626
45.6,9.26924856199484e-07,0.0,0.0,7.253093632234245,109.81433766574752,105.62458148501517,216.46600341796875,133.59500122070312,223.71800231933597,133.468994140625,2.5747912672207886e-07,0.0,2.860906242184777e-06,0.0,-1.2997325947950358e-06,,1.0005149914011945e-06,707102.938512347
45.65000000000001,1.2701972158308249e-06,0.0,0.0,7.253093632234245,109.81433766574752,105.62458148501517,216.46600341796875,133.59500122070312,223.71800231933597,133.468994140625,3.528325599530069e-07,0.0,1.9070686646181273e-06,0.0,-2.953819529178789e-07,,1.0007057273653136e-06,700590.2578093243
45.7,1.6134578673848245e-06,0.0,0.0,7.253093632234245,109.81433766574752,105.62458148501517,216.46600341796875,133.59500122070312,223.71800231933597,133.468994140625,4.48182740940229e-07,0.0,1.9070036197448209e-06,0.0,6.711880161292458e-07,,1.0008964659157652e-06,694196.6667383864
45.75,1.956747714840029e-06,0.0,0.0,7.253093632234245,109.81433766574752,105.62458148501517,216.46600341796875,133.59500122070312,223.71800231933597,133.468994140625,5.435410319000081e-07,0.0,1.9071658191956912e-06,0.0,1.1022242482023156e-06,,1.0010872297822266e-06,687918.1870957442
45.8,2.300056405898859e-06,0.0,0.0,7.253093632234245,109.81433766574752,105.62458148501517,216.46600341796875,133.59500122070312,223.71800231933597,133.468994140625,6.389045571941275e-07,0.0,1.907270505882496e-06,0.0,8.214474956220881e-07,,1.0012780132139049e-06,681751.9222248907
45.85,2.8149741417332856e-06,0.0,0.0,7.253093632234245,109.81433766574752,105.62458148501517,216.46600341796875,133.59500122070312,223.71800231933597,133.468994140625,7.819372615925793e-07,0.0,2.8606540879687922e-06,0.0,-3.809431526755137e-08,,1.0015641802361256e-06,672707.8312791911
45.90000000000001,3.329899508402009e-06,0.0,0.0,7.253093632234245,109.81433766574752,105.62458148501517,216.46600341796875,133.59500122070312,223.71800231933597,133.468994140625,9.249720856672247e-07,0.0,2.860696481492257e-06,0.0,-1.0125372871249724e-06,,1.001850371958014e-06,663900.4269630839
45.95,2.0597590888814406e-07,0.0,0.0,7.253093632234245,109.81433766574752,105.62458148501517,216.46600341796875,133.59500122070312,223.71800231933597,133.468994140625,5.721553024670668e-08,0.0,-1.7355131108413814e-05,0.0,-1.4704618852984534e-06,,1.0001144326973019e-06,721183.076013518
46.0,7.209380190733171e-07,0.0,0.0,7.253093632234245,109.81433766574752,105.62458148501517,216.46600341796875,133.59500122070312,223.71800231933597,133.468994140625,2.002605608536992e-07,0.0,2.860900612140013e-06,0.0,-1.0772951797661085e-06,-8.027491183983372e-07,1.0004005411738534e-06,711069.4466051174
46.05,1.064209772225154e-06,0.0,0.0,7.253093632234245,109.81433766574752,105.62458148501517,216.46600341796875,133.59500122070312,223.71800231933597,133.468994140625,2.9561382561809835e-07,0.0,1.9070652952880917e-06,0.0,-9.668773688848986e-08,,1.0005912713450033e-06,704483.8467218641
46.1,1.4074812714531188e-06,0.0,0.0,7.253093632234245,109.81433766574752,105.62458148501517,216.46600341796875,133.59500122070312,223.71800231933597,133.468994140625,3.9096701984808856e-07,0.0,1.9070638845996415e-06,0.0,8.603061260378667e-07,,1.0007820104673017e-06,698019.1177952831
46.15000000000001,1.7851137186824458e-06,0.0,0.0,7.253093632234245,109.81433766574752,105.62458148501517,216.46600341796875,133.59500122070312,223.71800231933597,133.468994140625,4.958649218562349e-07,0.0,2.09795804016245e-06,0.0,1.2796393655797472e-06,,1.0009918527847228e-06,691042.9665620646
46.2,2.300037394823222e-06,0.0,0.0,7.253093632234245,109.81433766574752,105.62458148501517,216.46600341796875,133.59500122070312,223.71800231933597,133.468994140625,6.388992763397838e-07,0.0,2.8606870896715477e-06,0.0,9.405711854299425e-07,,1.0012780026488222e-06,681752.2606276245
46.25,2.814967076283582e-06,0.0,0.0,7.253093632234245,109.81433766574752,105.62458148501517,216.46600341796875,133.59500122070312,223.71800231933597,133.468994140625,7.819352989676617e-07,0.0,2.8607204525577196e-06,0.0,-3.3469515947044386e-08,,1.0015641763093412e-06,672707.9537315259
46.3,3.261243754325736e-06,0.0,0.0,7.253093632234245,109.81433766574752,105.62458148501517,216.46600341796875,133.59500122070312,223.71800231933597,133.468994140625,9.059010428682601e-07,0.0,2.479314878012109e-06,0.0,-1.1139756404238176e-06,,1.0018122124140862e-06,665061.383165336
46.35,0.0,0.0,0.0,7.253093632234245,109.81433766574752,105.62458148501517,216.46600341796875,133.59500122070312,223.71800231933597,133.468994140625,0.0,0.0,-1.8118020857363656e-05,0.0,-1.5585487009301278e-06,,1e-06,inf
46.40000000000001,3.776216110792051e-07,0.0,0.0,7.253093632234245,109.81433766574752,105.62458148501517,216.46600341796875,133.59500122070312,223.71800231933597,133.468994140625,1.0489489196644585e-07,0.0,2.09789783932844e-06,0.0,-9.725805601393272e-07,,1.000209795285402e-06,717780.2154083336
46.45,7.209166409697316e-07,0.0,0.0,7.253093632234245,109.81433766574752,105.62458148501517,216.46600341796875,133.59500122070312,223.71800231933597,133.468994140625,2.0025462249159208e-07,0.0,1.907194610503304e-06,0.0,3.019913620549007e-07,,1.00040052929594e-06,711069.8605739853
46.5,1.2015126643606828e-06,0.0,0.0,7.253093632234245,109.81433766574752,105.62458148501517,216.46600341796875,133.59500122070312,223.71800231933597,133.468994140625,3.337535178779674e-07,0.0,2.6699779077276583e-06,0.0,1.4731561188216071e-06,,1.0006675627314613e-06,701883.7462772834
46.55,2.9866336919474e-06,0.0,0.0,7.253093632234245,109.81433766574752,105.62458148501517,216.46600341796875,133.59500122070312,223.71800231933597,133.468994140625,8.296204699853888e-07,0.0,9.91733904214899e-06,0.0,1.9419470914660293e-06,,1.001659585075033e-06,669745.8745056124
46.6,2.231416372767357e-06,0.0,0.0,7.253093632234245,109.81433766574752,105.62458148501517,216.46600341796875,133.59500122070312,223.71800231933597,133.468994140625,6.198378813242658e-07,0.0,-4.195651773222103e-06,0.0,1.6126644443790756e-06,,1.001239867862148e-06,682975.928002566
46.65000000000001,2.643383278376174e-06,0.0,0.0,7.253093632234245,109.81433766574752,105.62458148501517,216.46600341796875,133.59500122070312,223.71800231933597,133.468994140625,7.342731328822706e-07,0.0,2.2887050311595767e-06,0.0,7.08760022082394e-07,,1.0014688158442815e-06,675694.9019692692
46.7,3.021112804026052e-06,0.0,0.0,7.253093632234245,109.81433766574752,105.62458148501517,216.46600341796875,133.59500122070312,223.71800231933597,133.468994140625,8.391980011183477e-07,0.0,2.098497364721958e-06,0.0,-4.570415610039833e-07,,1.0016787481288793e-06,669154.0860759161
46.75,3.4339942623807813e-06,0.0,0.0,7.253093632234245,109.81433766574752,105.62458148501517,216.46600341796875,133.59500122070312,223.71800231933597,133.468994140625,9.538872951057727e-07,0.0,2.2937858797486307e-06,0.0,-1.4549445828880878e-06,,1.0019082295406973e-06,662147.9148753837
46.8,2.4030308789035395e-07,0.0,0.0,7.253093632234245,109.81433766574752,105.62458148501517,216.46600341796875,133.59500122070312,223.71800231933597,133.468994140625,6.675085774732054e-08,0.0,-1.7742728747170052e-05,0.0,-1.7691567671829582e-06,,1.000133503943333e-06,720499.9641619521
46.85,6.179245711279242e-07,0.0,0.0,7.253093632234245,109.81433766574752,105.62458148501517,216.46600341796875,133.59500122070312,223.71800231933597,133.468994140625,1.7164571420220119e-07,0.0,2.097897129097434e-06,0.0,-1.1728099649337646e-06,,1.00034330615953e-06,713069.8252798053
46.90000000000001,1.1328547048442564e-06,0.0,0.0,7.253093632234245,109.81433766574752,105.62458148501517,216.46600341796875,133.59500122070312,223.71800231933597,133.468994140625,3.146818624567379e-07,0.0,2.8607229650900834e-06,0.0,-2.0354432942260762e-08,,1.0006294132372506e-06,703181.5163038593
46.95,1.647805270710176e-06,0.0,0.0,7.253093632234245,109.81433766574752,105.62458148501517,216.46600341796875,133.59500122070312,223.71800231933597,133.468994140625,4.5772368630838217e-07,0.0,2.8608364770334547e-06,0.0,1.0085958535687344e-06,,1.0009155521281033e-06,693563.326953288
47.0,2.025411660515948e-06,0.0,0.0,7.253093632234245,109.81433766574752,105.62458148501517,216.46600341796875,133.59500122070312,223.71800231933597,133.468994140625,5.626143501433189e-07,0.0,2.097813276698854e-06,0.0,1.390097625709519e-06,2.4673928054756276e-06,1.0011253869677402e-06,686675.9868153125
47.05,2.4373777527143604e-06,0.0,0.0,7.253093632234245,109.81433766574752,105.62458148501517,216.46600341796875,133.59500122070312,223.71800231933597,133.468994140625,6.77049375753989e-07,0.0,2.2887005122135323e-06,0.0,9.51769437497157e-07,,1.0013543279494366e-06,679316.2958209179
47.1,2.95229340320893e-06,0.0,0.0,7.253093632234245,109.81433766574752,105.62458148501517,216.46600341796875,133.59500122070312,223.71800231933597,133.468994140625,8.200815008913694e-07,0.0,2.860642502747364e-06,0.0,-1.3865476268681164e-07,,1.001640499268617e-06,670336.3215551312
47.15000000000001,3.4329195562643717e-06,0.0,0.0,7.253093632234245,109.81433766574752,105.62458148501517,216.46600341796875,133.59500122070312,223.71800231933597,133.468994140625,9.535887656289921e-07,0.0,2.670145294751847e-06,0.0,-1.3544459020622895e-06,,1.0019076321970252e-06,662165.9610769354
47.2,6.865821692783863e-08,0.0,0.0,7.253093632234245,109.81433766574752,105.62458148501517,216.46600341796875,133.59500122070312,223.71800231933597,133.468994140625,1.907172692439962e-08,0.0,-1.869034077409557e-05,0.0,-1.9812739542088658e-06,,1.0000381436357143e-06,723928.7061637556
47.25,5.494028702045189e-07,0.0,0.0,7.253093632234245,109.81433766574752,105.62458148501517,216.46600341796875,133.59500122070312,223.71800231933597,133.468994140625,1.5261190839014412e-07,0.0,2.6708036293150415e-06,0.0,-1.6132784777209822e-06,,1.0003052354619775e-06,714406.6667455563
47.3,2.0609428702854782e-07,0.0,0.0,7.253093632234245,109.81433766574752,105.62458148501517,216.46600341796875,133.59500122070312,223.71800231933597,133.468994140625,5.7248413063485503e-08,0.0,-1.9072699065332808e-06,0.0,-4.921715822299425e-07,,1.0001144984648174e-06,721180.7180593363
47.35,1.5793320999375527e-06,0.0,0.0,7.253093632234245,109.81433766574752,105.62458148501517,216.46600341796875,133.59500122070312,223.71800231933597,133.468994140625,4.3870336109376464e-07,0.0,7.629098960604932e-06,0.0,7.555247677346363e-07,,1.0008775029525071e-06,694827.0662874999
47.40000000000001,7.897265354049716e-07,0.0,0.0,7.253093632234245,109.81433766574752,105.62458148501517,216.46600341796875,133.59500122070312,223.71800231933597,133.468994140625,2.1936848205693653e-07,0.0,-4.386697580735564e-06,0.0,1.6273103322316295e-06,,1.0004387610253793e-06,709739.9066262414
47.45,2.5411564135423824e-06,0.0,0.0,7.253093632234245,109.81433766574752,105.62458148501517,216.46600341796875,133.59500122070312,223.71800231933597,133.468994140625,7.058767815395506e-07,0.0,9.730165989654217e-06,0.0,1.9047557117476602e-06,,1.0014120026940943e-06,677487.1204141786
47.5,1.750807935449016e-06,0.0,0.0,7.253093632234245,109.81433766574752,105.62458148501517,216.46600341796875,133.59500122070312,223.71800231933597,133.468994140625,4.863355376247267e-07,0.0,-4.3908248782967286e-06,0.0,1.5052786398500273e-06,,1.000972789336377e-06,691670.947034864
47.55,3.4330373968091927e-06,0.0,0.0,7.253093632234245,109.81433766574752,105.62458148501517,216.46600341796875,133.59500122070312,223.71800231933597,133.468994140625,9.536214991136646e-07,0.0,9.345719229779291e-06,0.0,4.868459310184456e-07,,1.001907697695209e-06,662163.9822793899
47.6,3.913818195347529e-06,0.0,0.0,7.253093632234245,109.81433766574752,105.62458148501517,216.46600341796875,133.59500122070312,223.71800231933597,133.468994140625,1.087171720929869e-06,0.0,2.6710044363238596e-06,0.0,-7.326694129136887e-07,,1.0021749344130351e-06,654187.9042553456
47.65000000000001,3.0896178354678803e-07,0.0,0.0,7.253093632234245,109.81433766574752,105.62458148501517,216.46600341796875,133.59500122070312,223.71800231933597,133.468994140625,8.582271765188556e-08,0.0,-2.0026980065555117e-05,0.0,-1.4340492483454532e-06,,1.0001716491180732e-06,719137.529508635
47.7,8.238972543870812e-07,0.0,0.0,7.253093632234245,109.81433766574752,105.62458148501517,216.46600341796875,133.59500122070312,223.71800231933597,133.468994140625,2.288603484408559e-07,0.0,2.860752615779976e-06,0.0,-1.1478472656687288e-06,,1.0004577468854112e-06,709081.3037974269
47.75,1.2015170743483384e-06,0.0,0.0,7.253093632234245,109.81433766574752,105.62458148501517,216.46600341796875,133.59500122070312,223.71800231933597,133.468994140625,3.3375474287453847e-07,0.0,2.0978878886737706e-06,0.0,-9.622444430414399e-08,,1.0006675651818632e-06,701883.6630737236
47.8,1.5791260087937325e-06,0.0,0.0,7.253093632234245,109.81433766574752,105.62458148501517,216.46600341796875,133.59500122070312,223.71800231933597,133.468994140625,4.3864611355381455e-07,0.0,2.097827413585641e-06,0.0,1.0380526448851486e-06,,1.0008773884323141e-06,694830.8768525677
47.85,2.0940858632897455e-06,0.0,0.0,7.253093632234245,109.81433766574752,105.62458148501517,216.46600341796875,133.59500122070312,223.71800231933597,133.468994140625,5.816905175804848e-07,0.0,2.860888080533161e-06,0.0,1.639657215519369e-06,,1.0011635502170903e-06,685438.0800670659
47.90000000000001,2.609011714002512e-06,0.0,0.0,7.253093632234245,109.81433766574752,105.62458148501517,216.46600341796875,133.59500122070312,223.71800231933597,133.468994140625,7.247254761118089e-07,0.0,2.8606991706258313e-06,0.0,1.3921943050182046e-06,,1.0014497135657315e-06,676296.4374603102
47.95,3.0896406222545573e-06,0.0,0.0,7.253093632234245,109.81433766574752,105.62458148501517,216.46600341796875,133.59500122070312,223.71800231933597,133.468994140625,8.582335061818214e-07,0.0,2.670160601400782e-06,0.0,3.3060234602330854e-07,,1.0017168352947394e-06,667980.9959976368
48.0,4.737385340614331e-06,0.0,0.0,7.253093632234245,109.81433766574752,105.62458148501517,216.46600341796875,133.59500122070312,223.71800231933597,133.468994140625,1.3159403723928699e-06,0.0,9.154137324221489e-06,0.0,-1.0297398661492523e-06,-2.4198374918587714e-06,1.0026327465943176e-06,640962.5177885684
48.05,1.7164451198018957e-07,0.0,0.0,7.253093632234245,109.81433766574752,105.62458148501517,216.46600341796875,133.59500122070312,223.71800231933597,133.468994140625,4.767903110560821e-08,0.0,-2.5365226825746677e-05,0.0,-1.8048517886193156e-06,,1.0000953591988564e-06,721867.5685976945
48.1,5.149393879806318e-07,0.0,0.0,7.253093632234245,109.81433766574752,105.62458148501517,216.46600341796875,133.59500122070312,223.71800231933597,133.468994140625,1.4303871888350883e-07,0.0,1.9071937555578496e-06,0.0,-1.3961967506552254e-06,,1.0002860876678046e-06,715080.9371092124
48.15000000000001,9.268830289602155e-07,0.0,0.0,7.253093632234245,109.81433766574752,105.62458148501517,216.46600341796875,133.59500122070312,223.71800231933597,133.468994140625,2.5746750804450433e-07,0.0,2.2885757832193895e-06,0.0,-9.091876814594468e-08,,1.0005149681608478e-06,707103.7394508874
48.2,1.4418130470009975e-06,0.0,0.0,7.253093632234245,109.81433766574752,105.62458148501517,216.46600341796875,133.59500122070312,223.71800231933597,133.468994140625,4.005036241669437e-07,0.0,2.8607223224493568e-06,0.0,1.1654463233311087e-06,,1.0008010874499105e-06,697379.0783920044
48.25,3.226913558109446e-06,0.0,0.0,7.253093632234245,109.81433766574752,105.62458148501517,216.46600341796875,133.59500122070312,223.71800231933597,133.468994140625,8.96364877252624e-07,0.0,9.917225061714169e-06,0.0,1.5552021285441488e-06,,1.0017931314895017e-06,665643.4245677553
48.3,2.471746926140889e-06,0.0,0.0,7.253093632234245,109.81433766574752,105.62458148501517,216.46600341796875,133.59500122070312,223.71800231933597,133.468994140625,6.865963683724692e-07,0.0,-4.195370177603334e-06,0.0,8.91911621995711e-07,,1.0013734284440312e-06,678709.4208685702
48.35,2.987565928840041e-06,0.0,0.0,7.253093632234245,109.81433766574752,105.62458148501517,216.46600341796875,133.59500122070312,223.71800231933597,133.468994140625,8.298794246777892e-07,0.0,2.8656611261061563e-06,0.0,-4.2261220286720646e-07,,1.0016601031992853e-06,669729.8601226152
48.40000000000001,3.3986343548521345e-06,0.0,0.0,7.253093632234245,109.81433766574752,105.62458148501517,216.46600341796875,133.59500122070312,223.71800231933597,133.468994140625,9.440650985700373e-07,0.0,2.283713477844443e-06,0.0,-1.6665727574175705e-06,,1.0018885758265952e-06,662742.1864643277
48.45,0.0,0.0,0.0,7.253093632234245,109.81433766574752,105.62458148501517,216.46600341796875,133.59500122070312,223.71800231933597,133.468994140625,0.0,0.0,-1.8881301971404504e-05,0.0,-2.135478711799149e-06,,1e-06,inf
48.5,3.776216110792051e-07,0.0,0.0,7.253093632234245,109.81433766574752,105.62458148501517,216.46600341796875,133.59500122070312,223.71800231933597,133.468994140625,1.0489489196644585e-07,0.0,2.0978978393290365e-06,0.0,-1.5599278228512683e-06,,1.000209795285402e-06,717780.2154083336
48.55,7.209166409697316e-07,0.0,0.0,7.253093632234245,109.81433766574752,105.62458148501517,216.46600341796875,133.59500122070312,223.71800231933597,133.468994140625,2.0025462249159208e-07,0.0,1.907194610503033e-06,0.0,-2.9435811259240804e-07,,1.00040052929594e-06,711069.8605739853
48.6,1.1328597955917092e-06,0.0,0.0,7.253093632234245,109.81433766574752,105.62458148501517,216.46600341796875,133.59500122070312,223.71800231933597,133.468994140625,3.146832765532526e-07,0.0,2.2885730812330146e-06,0.0,1.0040124082451876e-06,,1.0006294160658888e-06,703181.4199008477
48.65000000000001,1.647786682148816e-06,0.0,0.0,7.253093632234245,109.81433766574752,105.62458148501517,216.46600341796875,133.59500122070312,223.71800231933597,133.468994140625,4.577185228191155e-07,0.0,2.8607049253166086e-06,0.0,1.8517317296749722e-06,,1.0009155417987614e-06,693563.669399567
48.7,2.128401731193312e-06,0.0,0.0,7.253093632234245,109.81433766574752,105.62458148501517,216.46600341796875,133.59500122070312,223.71800231933597,133.468994140625,5.912227031092533e-07,0.0,2.670083605803287e-06,0.0,2.0538217622205255e-06,,1.0011826201783609e-06,684821.1802878021
48.75,2.6433494951235286e-06,0.0,0.0,7.253093632234245,109.81433766574752,105.62458148501517,216.46600341796875,133.59500122070312,223.71800231933597,133.468994140625,7.342637486454246e-07,0.0,2.8608209107235885e-06,0.0,1.538141054796543e-06,,1.001468797068917e-06,675695.4926833734
48.8,3.0553026748437587e-06,0.0,0.0,7.253093632234245,109.81433766574752,105.62458148501517,216.46600341796875,133.59500122070312,223.71800231933597,133.468994140625,8.486951874565996e-07,0.0,2.28862877622363e-06,0.0,3.656452463083733e-07,,1.0016977505166738e-06,668568.2938737521
48.85,4.668733109654367e-06,0.0,0.0,7.253093632234245,109.81433766574752,105.62458148501517,216.46600341796875,133.59500122070312,223.71800231933597,133.468994140625,1.2968703082373241e-06,0.0,8.963502415613726e-06,0.0,-1.017812093997346e-06,,1.002594581552773e-06,642044.5162538084
48.90000000000001,2.4030308789035395e-07,0.0,0.0,7.253093632234245,109.81433766574752,105.62458148501517,216.46600341796875,133.59500122070312,223.71800231933597,133.468994140625,6.675085774732054e-08,0.0,-2.460238900979448e-05,0.0,-1.809957357583154e-06,,1.000133503943333e-06,720499.9641619521
48.95,5.835960476756036e-07,0.0,0.0,7.253093632234245,109.81433766574752,105.62458148501517,216.46600341796875,133.59500122070312,223.71800231933597,133.468994140625,1.6211001324322322e-07,0.0,1.907183109918433e-06,0.0,-1.4413734109126494e-06,,1.0003242331663146e-06,713738.9403167296
49.0,9.955431253290118e-07,0.0,0.0,7.253093632234245,109.81433766574752,105.62458148501517,216.46600341796875,133.59500122070312,223.71800231933597,133.468994140625,2.765397570358366e-07,0.0,2.288594875852398e-06,0.0,-1.35663486331474e-07,8.940763798177784e-07,1.0005531177511902e-06,705791.4243233878
49.05,1.5104715622849916e-06,0.0,0.0,7.253093632234245,109.81433766574752,105.62458148501517,216.46600341796875,133.59500122070312,223.71800231933597,133.468994140625,4.195754339680532e-07,0.0,2.8607135386444944e-06,0.0,1.2479525922097888e-06,,1.0008392388897084e-06,696102.6078460927
49.1,2.025417719920733e-06,0.0,0.0,7.253093632234245,109.81433766574752,105.62458148501517,216.46600341796875,133.59500122070312,223.71800231933597,133.468994140625,5.626160333113147e-07,0.0,2.8608119868649865e-06,0.0,1.8520343744487009e-06,,1.0011253903350232e-06,686675.8773925104
49.15000000000001,3.844836922919394e-06,0.0,0.0,7.253093632234245,109.81433766574752,105.62458148501517,216.46600341796875,133.59500122070312,223.71800231933597,133.468994140625,1.0680102563664984e-06,0.0,1.0107884461101375e-05,0.0,1.3014520735554046e-06,,1.0021365908356866e-06,655320.465398209
49.2,3.0896393649605892e-06,0.0,0.0,7.253093632234245,109.81433766574752,105.62458148501517,216.46600341796875,133.59500122070312,223.71800231933597,133.468994140625,8.58233156933497e-07,0.0,-4.195541988660862e-06,0.0,-1.3489226918545488e-07,,1.0017168345959427e-06,667981.0174828306
49.25,3.6046020207420304e-06,0.0,0.0,7.253093632234245,109.81433766574752,105.62458148501517,216.46600341796875,133.59500122070312,223.71800231933597,133.468994140625,1.0012783390950084e-06,0.0,2.8609036432303915e-06,0.0,-1.66170890931849e-06,,1.0020030579573461e-06,659295.5299075636
49.3,6.865821692783863e-08,0.0,0.0,7.253093632234245,109.81433766574752,105.62458148501517,216.46600341796875,133.59500122070312,223.71800231933597,133.468994140625,1.907172692439962e-08,0.0,-1.9644132243413296e-05,0.0,-2.4193837472786727e-06,,1.0000381436357143e-06,723928.7061637556
49.35,5.837016975157351e-07,0.0,0.0,7.253093632234245,109.81433766574752,105.62458148501517,216.46600341796875,133.59500122070312,223.71800231933597,133.468994140625,1.6213936042103753e-07,0.0,2.8613526699325142e-06,0.0,-2.0510090392016834e-06,,1.000324291865428e-06,713736.87911457
49.40000000000001,1.1015058863600169e-06,0.0,0.0,7.253093632234245,109.81433766574752,105.62458148501517,216.46600341796875,133.59500122070312,223.71800231933597,133.468994140625,3.059738573222269e-07,0.0,2.8766899380231334e-06,0.0,-8.385223821900876e-07,,1.000611994524645e-06,703775.6676513437
49.45,3.4349899995315585e-07,0.0,0.0,7.253093632234245,109.81433766574752,105.62458148501517,216.46600341796875,133.59500122070312,223.71800231933597,133.468994140625,9.541638887587662e-08,0.0,-4.211149368927844e-06,0.0,6.544565252424731e-07,,1.0001908373298955e-06,718454.1333259336
49.5,8.24065235091735e-07,0.0,0.0,7.253093632234245,109.81433766574752,105.62458148501517,216.46600341796875,133.59500122070312,223.71800231933597,133.468994140625,2.2890700974770415e-07,0.0,2.6698124174367025e-06,0.0,1.8952143003293966e-06,,1.0004578402187051e-06,709078.0691741905
49.55,2.5411810084914896e-06,0.0,0.0,7.253093632234245,109.81433766574752,105.62458148501517,216.46600341796875,133.59500122070312,223.71800231933597,133.468994140625,7.058836134698582e-07,0.0,9.539532074443623e-06,0.0,2.421536529080377e-06,,1.0014120163627777e-06,677486.6880776283
49.6,3.0210184117382294e-06,0.0,0.0,7.253093632234245,109.81433766574752,105.62458148501517,216.46600341796875,133.59500122070312,223.71800231933597,133.468994140625,8.39171781038397e-07,0.0,2.6657633513705486e-06,0.0,1.93678090395314e-06,,1.0016786956667161e-06,669155.7047672692
49.65000000000001,3.5020395142524337e-06,0.0,0.0,7.253093632234245,109.81433766574752,105.62458148501517,216.46600341796875,133.59500122070312,223.71800231933597,133.468994140625,9.727887539590094e-07,0.0,2.6723394584116402e-06,0.0,5.951262998502294e-07,,1.001946050666898e-06,661007.3149924909
49.7,3.982499777786705e-06,0.0,0.0,7.253093632234245,109.81433766574752,105.62458148501517,216.46600341796875,133.59500122070312,223.71800231933597,133.468994140625,1.1062499382740846e-06,0.0,2.6692236863020345e-06,0.0,-8.852171883339331e-07,,1.002213111771011e-06,653064.1460929861
49.75,4.1200957745656796e-07,0.0,0.0,7.253093632234245,109.81433766574752,105.62458148501517,216.46600341796875,133.59500122070312,223.71800231933597,133.468994140625,1.1444710484904665e-07,0.0,-1.9836056668501886e-05,0.0,-1.6159802897599802e-06,,1.0002289007587679e-06,717102.3346156985
49.8,8.963287914858231e-07,0.0,0.0,7.253093632234245,109.81433766574752,105.62458148501517,216.46600341796875,133.59500122070312,223.71800231933597,133.468994140625,2.489802198571731e-07,0.0,2.6906623001626815e-06,0.0,-1.2235406663207766e-06,,1.0004979914352892e-06,707689.2994857709
49.85,1.4420372558666825e-06,0.0,0.0,7.253093632234245,109.81433766574752,105.62458148501517,216.46600341796875,133.59500122070312,223.71800231933597,133.468994140625,4.005659044074118e-07,0.0,3.0317136910045155e-06,0.0,-1.4362096169032031e-07,,1.0008012120353365e-06,697374.9023753243
49.90000000000001,1.922595962480296e-06,0.0,0.0,7.253093632234245,109.81433766574752,105.62458148501517,216.46600341796875,133.59500122070312,223.71800231933597,133.468994140625,5.340544340223045e-07,0.0,2.6697705922972466e-06,0.0,8.084030153519843e-07,,1.001068251475114e-06,688537.7019515492
49.95,2.403183145651027e-06,0.0,0.0,7.253093632234245,109.81433766574752,105.62458148501517,216.46600341796875,133.59500122070312,223.71800231933597,133.468994140625,6.675508737919519e-07,0.0,2.6699287953934803e-06,0.0,1.076506497305918e-06,,1.0013353245596684e-06,679921.1663525929
50.0,2.884386673494019e-06,0.0,0.0,7.253093632234245,109.81433766574752,105.62458148501517,216.46600341796875,133.59500122070312,223.71800231933597,133.468994140625,8.012185204150053e-07,0.0,2.673352932461219e-06,0.0,5.889910137679062e-07,7.246545000993802e-07,1.0016027580163887e-06,671506.980302771
50.05,2.0942210313532843e-06,0.0,0.0,7.253093632234245,109.81433766574752,105.62458148501517,216.46600341796875,133.59500122070312,223.71800231933597,133.468994140625,5.817280642648012e-07,0.0,-4.389809123004332e-06,0.0,-3.7166246718116604e-07,,1.0011636253322998e-06,685435.6479570122
50.1,3.8106604144260004e-06,0.0,0.0,7.253093632234245,109.81433766574752,105.62458148501517,216.46600341796875,133.59500122070312,223.71800231933597,133.468994140625,1.0585167817850002e-06,0.0,9.535774350403168e-06,0.0,-1.302203125990679e-06,,1.0021175937924587e-06,655883.0424873211
50.15000000000001,1.7164451198018957e-07,0.0,0.0,7.253093632234245,109.81433766574752,105.62458148501517,216.46600341796875,133.59500122070312,223.71800231933597,133.468994140625,4.767903110560821e-08,0.0,-2.0216755013583243e-05,0.0,-1.6421533956976258e-06,,1.0000953591988564e-06,721867.5685976945
50.2,5.492678973426036e-07,0.0,0.0,7.253093632234245,109.81433766574752,105.62458148501517,216.46600341796875,133.59500122070312,223.71800231933597,133.468994140625,1.52574415928501e-07,0.0,2.097907696458273e-06,0.0,-1.1274553344723227e-06,,1.0003051604713332e-06,714409.3049793139
50.25,1.0641967409641426e-06,0.0,0.0,7.253093632234245,109.81433766574752,105.62458148501517,216.46600341796875,133.59500122070312,223.71800231933597,133.468994140625,2.956102058233729e-07,0.0,2.8607157978976012e-06,0.0,-5.263796000141061e-08,,1.0005912641043437e-06,704484.0944086802
50.3,1.544815927422459e-06,0.0,0.0,7.253093632234245,109.81433766574752,105.62458148501517,216.46600341796875,133.59500122070312,223.71800231933597,133.468994140625,4.291155353951275e-07,0.0,2.670106591435243e-06,0.0,9.49022053285692e-07,,1.0008583231408617e-06,695465.8434474277
50.35,1.8880862024241927e-06,0.0,0.0,7.253093632234245,109.81433766574752,105.62458148501517,216.46600341796875,133.59500122070312,223.71800231933597,133.468994140625,5.244683895622757e-07,0.0,1.907057083342802e-06,0.0,1.3570704086648293e-06,,1.0010490743126703e-06,689164.8455543424
50.40000000000001,2.334406110724109e-06,0.0,0.0,7.253093632234245,109.81433766574752,105.62458148501517,216.46600341796875,133.59500122070312,223.71800231933597,133.468994140625,6.48446141867808e-07,0.0,2.479555046110082e-06,0.0,9.825900184655866e-07,,1.001297102524935e-06,681141.0355654017
50.45,2.849299299776045e-06,0.0,0.0,7.253093632234245,109.81433766574752,105.62458148501517,216.46600341796875,133.59500122070312,223.71800231933597,133.468994140625,7.91472027715568e-07,0.0,2.860517716955768e-06,0.0,-1.2969628228734753e-08,,1.0015832572694164e-06,672113.4627052026
50.5,3.364255591446207e-06,0.0,0.0,7.253093632234245,109.81433766574752,105.62458148501517,216.46600341796875,133.59500122070312,223.71800231933597,133.468994140625,9.345154420683907e-07,0.0,2.860868287056618e-06,0.0,-1.1060813794258786e-06,,1.0018694675436924e-06,663320.9921977336
50.55,0.0,0.0,0.0,7.253093632234245,109.81433766574752,105.62458148501517,216.46600341796875,133.59500122070312,223.71800231933597,133.468994140625,0.0,0.0,-1.8690308841368877e-05,0.0,-1.611880885880317e-06,,1e-06,inf
50.6,5.149544425239157e-07,0.0,0.0,7.253093632234245,109.81433766574752,105.62458148501517,216.46600341796875,133.59500122070312,223.71800231933597,133.468994140625,1.430429007010877e-07,0.0,2.86085801402151e-06,0.0,-1.1932743505271908e-06,,1.0002860960320381e-06,715080.6422925522
50.65000000000001,9.95577574270155e-07,0.0,0.0,7.253093632234245,109.81433766574752,105.62458148501517,216.46600341796875,133.59500122070312,223.71800231933597,133.468994140625,2.765493261861542e-07,0.0,2.670128509700723e-06,0.0,-1.5451585603694534e-07,,1.000553136892137e-06,705790.7671159909
50.7,1.3388435768006334e-06,0.0,0.0,7.253093632234245,109.81433766574752,105.62458148501517,216.46600341796875,133.59500122070312,223.71800231933597,133.468994140625,3.719009935557315e-07,0.0,1.9070333473919252e-06,0.0,8.863148578009823e-07,,1.0007438711422859e-06,699302.2433149657
50.75,1.6821212796355396e-06,0.0,0.0,7.253093632234245,109.81433766574752,105.62458148501517,216.46600341796875,133.59500122070312,223.71800231933597,133.468994140625,4.6725591100987207e-07,0.0,1.9070983490829203e-06,0.0,1.5021307407385781e-06,,1.000934620986063e-06,692931.7190578243
50.8,2.02540417907089e-06,0.0,0.0,7.253093632234245,109.81433766574752,105.62458148501517,216.46600341796875,133.59500122070312,223.71800231933597,133.468994140625,5.626122719641361e-07,0.0,1.9071272190853882e-06,0.0,1.5585805309185235e-06,,1.0011253828102126e-06,686676.121917852
50.85,2.471742167889251e-06,0.0,0.0,7.253093632234245,109.81433766574752,105.62458148501517,216.46600341796875,133.59500122070312,223.71800231933597,133.468994140625,6.86595046635903e-07,0.0,2.4796554934351284e-06,0.0,1.036794571690084e-06,,1.0013734257996507e-06,678709.5048125257
50.90000000000001,2.986611786086743e-06,0.0,0.0,7.253093632234245,109.81433766574752,105.62458148501517,216.46600341796875,133.59500122070312,223.71800231933597,133.468994140625,8.296143850240953e-07,0.0,2.860386767763194e-06,0.0,3.873751889078028e-08,,1.0016595729000623e-06,669746.2508235105
50.95,3.5015564737532533e-06,0.0,0.0,7.253093632234245,109.81433766574752,105.62458148501517,216.46600341796875,133.59500122070312,223.71800231933597,133.468994140625,9.726545760425704e-07,0.0,2.8608038203700713e-06,0.0,-1.0296092281828847e-06,,1.0019457821805471e-06,661015.3980487525
51.0,3.0897452071758903e-07,0.0,0.0,7.253093632234245,109.81433766574752,105.62458148501517,216.46600341796875,133.59500122070312,223.71800231933597,133.468994140625,8.582625575488584e-08,0.0,-1.77365664057547e-05,0.0,-1.5533918709555868e-06,-2.142382884723493e-06,1.0001716561945828e-06,719137.2772355356
51.05,7.896164076214011e-07,0.0,0.0,7.253093632234245,109.81433766574752,105.62458148501517,216.46600341796875,133.59500122070312,223.71800231933597,133.468994140625,2.1933789100594475e-07,0.0,2.67023270502133e-06,0.0,-1.1988817129177492e-06,,1.000438699836567e-06,709742.0311953579
51.1,1.1328746102943706e-06,0.0,0.0,7.253093632234245,109.81433766574752,105.62458148501517,216.46600341796875,133.59500122070312,223.71800231933597,133.468994140625,3.146873917484363e-07,0.0,1.9069900148496682e-06,0.0,-2.390412595898472e-07,,1.0006294242975743e-06,703181.1393563501
51.15000000000001,1.476140560928313e-06,0.0,0.0,7.253093632234245,109.81433766574752,105.62458148501517,216.46600341796875,133.59500122070312,223.71800231933597,133.468994140625,4.1003904470230917e-07,0.0,1.9070330590770242e-06,0.0,7.044508650345467e-07,,1.0008201621554137e-06,696740.2908950048
51.2,1.8194394106227288e-06,0.0,0.0,7.253093632234245,109.81433766574752,105.62458148501517,216.46600341796875,133.59500122070312,223.71800231933597,133.468994140625,5.053998362840914e-07,0.0,1.9072158316360231e-06,0.0,1.1297520365567548e-06,,1.0010109273870654e-06,690415.7619192309
51.25,2.197061923563238e-06,0.0,0.0,7.253093632234245,109.81433766574752,105.62458148501517,216.46600341796875,133.59500122070312,223.71800231933597,133.468994140625,6.102949787675661e-07,0.0,2.0979028496696146e-06,0.0,8.441788169490307e-07,,1.0012207761875158e-06,683590.1967615914
51.3,2.7119790386318887e-06,0.0,0.0,7.253093632234245,109.81433766574752,105.62458148501517,216.46600341796875,133.59500122070312,223.71800231933597,133.468994140625,7.533275107310802e-07,0.0,2.860650639270444e-06,0.0,-2.4964457356532474e-08,,1.0015069387726313e-06,674497.6031834014
51.35,3.2269137544608457e-06,0.0,0.0,7.253093632234245,109.81433766574752,105.62458148501517,216.46600341796875,133.59500122070312,223.71800231933597,133.468994140625,8.963649317946794e-07,0.0,2.8607484212717402e-06,0.0,-9.9952467421438e-07,,1.0017931315986347e-06,665643.4212358587
51.40000000000001,6.865779098868197e-08,0.0,0.0,7.253093632234245,109.81433766574752,105.62458148501517,216.46600341796875,133.59500122070312,223.71800231933597,133.468994140625,1.9071608607967213e-08,0.0,-1.7545866463730255e-05,0.0,-1.4255145855703564e-06,,1.0000381433990789e-06,723928.7147127175
51.45,5.149336186522738e-07,0.0,0.0,7.253093632234245,109.81433766574752,105.62458148501517,216.46600341796875,133.59500122070312,223.71800231933597,133.468994140625,1.430371162922983e-07,0.0,2.479310153687115e-06,0.0,-9.648658015489953e-07,,1.0002860844623929e-06,715081.0500913903
51.5,1.0298670314005998e-06,0.0,0.0,7.253093632234245,109.81433766574752,105.62458148501517,216.46600341796875,133.59500122070312,223.71800231933597,133.468994140625,2.860741753890555e-07,0.0,2.8607411819353067e-06,0.0,1.009844208883422e-07,,1.0005721892699952e-06,705137.208672706
51.55,1.407481212817414e-06,0.0,0.0,7.253093632234245,109.81433766574752,105.62458148501517,216.46600341796875,133.59500122070312,223.71800231933597,133.468994140625,3.9096700356039276e-07,0.0,2.0978565634268647e-06,0.0,1.1585783342716468e-06,,1.0007820104347197e-06,698019.1188894183
51.6,1.8537594131075317e-06,0.0,0.0,7.253093632234245,109.81433766574752,105.62458148501517,216.46600341796875,133.59500122070312,223.71800231933597,133.468994140625,5.149331703076476e-07,0.0,2.4793233349448863e-06,0.0,1.7487424842879546e-06,,1.0010299989187002e-06,689789.7984473859
51.65000000000001,2.368688457989426e-06,0.0,0.0,7.253093632234245,109.81433766574752,105.62458148501517,216.46600341796875,133.59500122070312,223.71800231933597,133.468994140625,6.57969016108174e-07,0.0,2.8607169160098763e-06,0.0,1.7048361864398932e-06,,1.0013161544938293e-06,680532.4373970416
51.7,2.780637079677765e-06,0.0,0.0,7.253093632234245,109.81433766574752,105.62458148501517,216.46600341796875,133.59500122070312,223.71800231933597,133.468994140625,7.723991887993791e-07,0.0,2.288603453824558e-06,0.0,1.0289477530256917e-06,,1.0015450966778523e-06,673303.4586924389
51.75,3.1239252952515936e-06,0.0,0.0,7.253093632234245,109.81433766574752,105.62458148501517,216.46600341796875,133.59500122070312,223.71800231933597,133.468994140625,8.67757026458776e-07,0.0,1.9071567531880454e-06,0.0,-1.0190833454199371e-07,,1.001735890554046e-06,667395.6378096946
51.8,3.5358698580257325e-06,0.0,0.0,7.253093632234245,109.81433766574752,105.62458148501517,216.46600341796875,133.59500122070312,223.71800231933597,133.468994140625,9.821860716738146e-07,0.0,2.2885809043009023e-06,0.0,-1.2101073441922123e-06,,1.0019648544880872e-06,660441.6993937154
51.85,4.119448450524814e-07,0.0,0.0,7.253093632234245,109.81433766574752,105.62458148501517,216.46600341796875,133.59500122070312,223.71800231933597,133.468994140625,1.1442912362568927e-07,0.0,-1.7355138960961027e-05,0.0,-1.6615001402022223e-06,,1.0002288647942635e-06,717103.6094654297
51.90000000000001,7.895628281382908e-07,0.0,0.0,7.253093632234245,109.81433766574752,105.62458148501517,216.46600341796875,133.59500122070312,223.71800231933597,133.468994140625,2.1932300781619188e-07,0.0,2.0978776838095754e-06,0.0,-1.15389387593405e-06,,1.0004386700669233e-06,709743.0648475203
51.95,1.1671832448627626e-06,0.0,0.0,7.253093632234245,109.81433766574752,105.62458148501517,216.46600341796875,133.59500122070312,223.71800231933597,133.468994140625,3.2421756801743405e-07,0.0,2.0978912040252608e-06,0.0,-2.1806458382954895e-08,,1.0006484876945505e-06,702532.0402684095
52.0,1.6847489444088791e-06,0.0,0.0,7.253093632234245,109.81433766574752,105.62458148501517,216.46600341796875,133.59500122070312,223.71800231933597,133.468994140625,4.679858178913553e-07,0.0,2.875364997478588e-06,0.0,1.0352567929667253e-06,2.5886486639223123e-06,1.0009360811411457e-06,692883.4026348814
52.05,2.1970997667573943e-06,0.0,0.0,7.253093632234245,109.81433766574752,105.62458148501517,216.46600341796875,133.59500122070312,223.71800231933597,133.468994140625,6.103054907659429e-07,0.0,2.8463934574919142e-06,0.0,1.4475354679077844e-06,,1.001220797217928e-06,683589.5195050273
52.1,2.643384637476262e-06,0.0,0.0,7.253093632234245,109.81433766574752,105.62458148501517,216.46600341796875,133.59500122070312,223.71800231933597,133.468994140625,7.342735104100727e-07,0.0,2.4793603928823854e-06,0.0,1.007660406063762e-06,,1.0014688165996142e-06,675694.8782048653
52.15000000000001,3.12397608121071e-06,0.0,0.0,7.253093632234245,109.81433766574752,105.62458148501517,216.46600341796875,133.59500122070312,223.71800231933597,133.468994140625,8.677711336696417e-07,0.0,2.669952465190772e-06,0.0,-9.801207652743156e-08,,1.0017359187807096e-06,667394.7714783303
52.2,3.5368120364287285e-06,0.0,0.0,7.253093632234245,109.81433766574752,105.62458148501517,216.46600341796875,133.59500122070312,223.71800231933597,133.468994140625,9.82447787896869e-07,0.0,2.2935330845450008e-06,0.0,-1.2861156861267113e-06,,1.0019653781776218e-06,660425.9607978712
52.25,1.7164451198018957e-07,0.0,0.0,7.253093632234245,109.81433766574752,105.62458148501517,216.46600341796875,133.59500122070312,223.71800231933597,133.468994140625,4.767903110560821e-08,0.0,-1.8695375135826275e-05,0.0,-1.8099664278057519e-06,,1.0000953591988564e-06,721867.5685976945
52.3,5.149393879806318e-07,0.0,0.0,7.253093632234245,109.81433766574752,105.62458148501517,216.46600341796875,133.59500122070312,223.71800231933597,133.468994140625,1.4303871888350883e-07,0.0,1.9071937555581206e-06,0.0,-1.298675893306834e-06,,1.0002860876678046e-06,715080.9371092124
52.35,9.612086962311396e-07,0.0,0.0,7.253093632234245,109.81433766574752,105.62458148501517,216.46600341796875,133.59500122070312,223.71800231933597,133.468994140625,2.67002415619761e-07,0.0,2.479273934724832e-06,0.0,-8.229121127406887e-08,,1.0005340404763845e-06,706447.0561728621
52.40000000000001,1.4761459030097158e-06,0.0,0.0,7.253093632234245,109.81433766574752,105.62458148501517,216.46600341796875,133.59500122070312,223.71800231933597,133.468994140625,4.1004052861380994e-07,0.0,2.8607622598803283e-06,0.0,1.1161209435760009e-06,,1.0008201651238451e-06,696740.1915773385
52.45,1.956745844513443e-06,0.0,0.0,7.253093632234245,109.81433766574752,105.62458148501517,216.46600341796875,133.59500122070312,223.71800231933597,133.468994140625,5.435405123648453e-07,0.0,2.669999675021239e-06,0.0,1.700357408909647e-06,,1.001087228742874e-06,687918.2209930567
52.5,2.471755539312173e-06,0.0,0.0,7.253093632234245,109.81433766574752,105.62458148501517,216.46600341796875,133.59500122070312,223.71800231933597,133.468994140625,6.865987609200481e-07,0.0,2.8611649711042184e-06,0.0,1.4028972674535492e-06,,1.0013734332307694e-06,678709.2689170825
52.55,2.884689785421117e-06,0.0,0.0,7.253093632234245,109.81433766574752,105.62458148501517,216.46600341796875,133.59500122070312,223.71800231933597,133.468994140625,8.013027181725325e-07,0.0,2.294079145049819e-06,0.0,2.978327073933626e-07,,1.0016029264793682e-06,671501.7458062125
52.6,4.531396985305142e-06,0.0,0.0,7.253093632234245,109.81433766574752,105.62458148501517,216.46600341796875,133.59500122070312,223.71800231933597,133.468994140625,1.2587213848069837e-06,0.0,9.148373332688245e-06,0.0,-1.100581006841725e-06,,1.0025182349593762e-06,644220.0125870323
52.65000000000001,0.0,0.0,0.0,7.253093632234245,109.81433766574752,105.62458148501517,216.46600341796875,133.59500122070312,223.71800231933597,133.468994140625,0.0,0.0,-2.517442769613395e-05,0.0,-1.944903091353349e-06,,1e-06,inf
52.7,3.776216110792051e-07,0.0,0.0,7.253093632234245,109.81433766574752,105.62458148501517,216.46600341796875,133.59500122070312,223.71800231933597,133.468994140625,1.0489489196644585e-07,0.0,2.0978978393293346e-06,0.0,-1.646404114807205e-06,,1.000209795285402e-06,717780.2154083336
52.75,7.209166409697316e-07,0.0,0.0,7.253093632234245,109.81433766574752,105.62458148501517,216.46600341796875,133.59500122070312,223.71800231933597,133.468994140625,2.0025462249159208e-07,0.0,1.907194610503033e-06,0.0,-3.8949205280062984e-07,,1.00040052929594e-06,711069.8605739853
52.8,1.2358370152742826e-06,0.0,0.0,7.253093632234245,109.81433766574752,105.62458148501517,216.46600341796875,133.59500122070312,223.71800231933597,133.468994140625,3.432880597984118e-07,0.0,2.8606687461365573e-06,0.0,1.0785945817320887e-06,,1.0006866350429428e-06,701236.7431228253
52.85,1.7164492674404786e-06,0.0,0.0,7.253093632234245,109.81433766574752,105.62458148501517,216.46600341796875,133.59500122070312,223.71800231933597,133.468994140625,4.7679146317791073e-07,0.0,2.6700680675897505e-06,0.0,2.045286425016346e-06,,1.0009536965914054e-06,692301.0406121202
52.90000000000001,2.2314495212312674e-06,0.0,0.0,7.253093632234245,109.81433766574752,105.62458148501517,216.46600341796875,133.59500122070312,223.71800231933597,133.468994140625,6.198470892309077e-07,0.0,2.8611125210592877e-06,0.0,2.1226047543874954e-06,,1.0012398862836687e-06,682975.3358303312
52.95,3.913498153156496e-06,0.0,0.0,7.253093632234245,109.81433766574752,105.62458148501517,216.46600341796875,133.59500122070312,223.71800231933597,133.468994140625,1.087082820321249e-06,0.0,9.344714621808686e-06,0.0,1.2467434168979405e-06,,1.0021747565151716e-06,654193.1497923171
53.0,3.0553203210064808e-06,0.0,0.0,7.253093632234245,109.81433766574752,105.62458148501517,216.46600341796875,133.59500122070312,223.71800231933597,133.468994140625,8.487000891684668e-07,0.0,-4.767654623055914e-06,0.0,-2.574639406093713e-07,-1.2927207335760966e-06,1.0016977603242576e-06,668567.9917980091
53.05,3.467252282973585e-06,0.0,0.0,7.253093632234245,109.81433766574752,105.62458148501517,216.46600341796875,133.59500122070312,223.71800231933597,133.468994140625,9.631256341593292e-07,0.0,2.288510899817377e-06,0.0,-1.6596542830553212e-06,,1.0019267150738123e-06,661589.9401567356
53.1,2.4030308789035395e-07,0.0,0.0,7.253093632234245,109.81433766574752,105.62458148501517,216.46600341796875,133.59500122070312,223.71800231933597,133.468994140625,6.675085774732054e-08,0.0,-1.7927495528238644e-05,0.0,-2.182481789314466e-06,,1.000133503943333e-06,720499.9641619521
53.15000000000001,5.835960476756036e-07,0.0,0.0,7.253093632234245,109.81433766574752,105.62458148501517,216.46600341796875,133.59500122070312,223.71800231933597,133.468994140625,1.6211001324322322e-07,0.0,1.9071831099176198e-06,0.0,-1.5706695807215374e-06,,1.0003242331663146e-06,713738.9403167296
53.2,9.268913591296957e-07,0.0,0.0,7.253093632234245,109.81433766574752,105.62458148501517,216.46600341796875,133.59500122070312,223.71800231933597,133.468994140625,2.5746982198047105e-07,0.0,1.907196174745336e-06,0.0,-2.813176036326097e-07,,1.0005149727893154e-06,707103.5799385707
53.25,1.4418111161422018e-06,0.0,0.0,7.253093632234245,109.81433766574752,105.62458148501517,216.46600341796875,133.59500122070312,223.71800231933597,133.468994140625,4.0050308781727826e-07,0.0,2.8606653167363066e-06,0.0,9.090122834590898e-07,,1.0008010863769963e-06,697379.1143555566
53.3,1.922422041030832e-06,0.0,0.0,7.253093632234245,109.81433766574752,105.62458148501517,216.46600341796875,133.59500122070312,223.71800231933597,133.468994140625,5.340061225085644e-07,0.0,2.6700606938258737e-06,0.0,1.415543507936183e-06,,1.0010681548262865e-06,688540.8597528891
53.35,2.437349593292089e-06,0.0,0.0,7.253093632234245,109.81433766574752,105.62458148501517,216.46600341796875,133.59500122070312,223.71800231933597,133.468994140625,6.770415536922469e-07,0.0,2.8607086236734065e-06,0.0,1.0416034907328197e-06,,1.0013543123000173e-06,679316.7934919237
53.40000000000001,2.9179979645656614e-06,0.0,0.0,7.253093632234245,109.81433766574752,105.62458148501517,216.46600341796875,133.59500122070312,223.71800231933597,133.468994140625,8.105549901571281e-07,0.0,2.6702687292970172e-06,0.0,-1.538470330655476e-08,,1.0016214384800103e-06,670927.0374035462
53.45,3.2612726373403562e-06,0.0,0.0,7.253093632234245,109.81433766574752,105.62458148501517,216.46600341796875,133.59500122070312,223.71800231933597,133.468994140625,9.059090659278767e-07,0.0,1.9070815154153505e-06,0.0,-1.1670401608902503e-06,,1.0018122284674734e-06,665060.8939051474
53.5,6.865779098866261e-08,0.0,0.0,7.253093632234245,109.81433766574752,105.62458148501517,216.46600341796875,133.59500122070312,223.71800231933597,133.468994140625,1.9071608607961836e-08,0.0,-1.7736749146399304e-05,0.0,-1.661327897814487e-06,,1.0000381433990789e-06,723928.7147127179
53.55,4.4627910115375884e-07,0.0,0.0,7.253093632234245,109.81433766574752,105.62458148501517,216.46600341796875,133.59500122070312,223.71800231933597,133.468994140625,1.2396641698715524e-07,0.0,2.0978961675839873e-06,0.0,-1.099416028738244e-06,,1.0002479405178105e-06,716428.0612452616
53.6,7.895743263673588e-07,0.0,0.0,7.253093632234245,109.81433766574752,105.62458148501517,216.46600341796875,133.59500122070312,223.71800231933597,133.468994140625,2.1932620176871078e-07,0.0,1.9071956956309482e-06,0.0,2.4195085947568143e-07,,1.000438676455529e-06,709742.8430241237
53.65000000000001,1.2701678659940598e-06,0.0,0.0,7.253093632234245,109.81433766574752,105.62458148501517,216.46600341796875,133.59500122070312,223.71800231933597,133.468994140625,3.5282440722057215e-07,0.0,2.66996410903662e-06,0.0,1.663583802301112e-06,,1.0007057110569724e-06,700590.8095162492
53.7,1.7851037903614917e-06,0.0,0.0,7.253093632234245,109.81433766574752,105.62458148501517,216.46600341796875,133.59500122070312,223.71800231933597,133.468994140625,4.958621639893032e-07,0.0,2.86075513537519e-06,0.0,2.5227106904292526e-06,,1.0009918472676215e-06,691043.1481388151
53.75,3.5702005829275315e-06,0.0,0.0,7.253093632234245,109.81433766574752,105.62458148501517,216.46600341796875,133.59500122070312,223.71800231933597,133.468994140625,9.917223841465365e-07,0.0,9.917204403145231e-06,0.0,2.463460014475609e-06,,1.0019839365249367e-06,659868.706536425
53.8,2.815041474508088e-06,0.0,0.0,7.253093632234245,109.81433766574752,105.62458148501517,216.46600341796875,133.59500122070312,223.71800231933597,133.468994140625,7.819559651411355e-07,0.0,-4.19532838010826e-06,0.0,1.4358026524567288e-06,,1.001564217657848e-06,672706.6643273294
53.85,4.531403611344698e-06,0.0,0.0,7.253093632234245,109.81433766574752,105.62458148501517,216.46600341796875,133.59500122070312,223.71800231933597,133.468994140625,1.2587232253735273e-06,0.0,9.535345204647024e-06,0.0,-2.386464811264314e-07,,1.002518238642826e-06,644219.9072704898
53.90000000000001,3.6732413987399687e-06,0.0,0.0,7.253093632234245,109.81433766574752,105.62458148501517,216.46600341796875,133.59500122070312,223.71800231933597,133.468994140625,1.0203448329833246e-06,0.0,-4.767567847802971e-06,0.0,-1.81741910545295e-06,,1.0020412102177557e-06,658154.8710278202
53.95,4.120109701129934e-07,0.0,0.0,7.253093632234245,109.81433766574752,105.62458148501517,216.46600341796875,133.59500122070312,223.71800231933597,133.468994140625,1.1444749169805372e-07,0.0,-1.8117946825709022e-05,0.0,-2.4574655670850403e-06,,1.0002289015325104e-06,717102.3071885626
54.0,3.4333131200615405e-07,0.0,0.0,7.253093632234245,109.81433766574752,105.62458148501517,216.46600341796875,133.59500122070312,223.71800231933597,133.468994140625,9.536980889059834e-08,0.0,-3.8155365614912926e-07,0.0,-1.8593079887914563e-06,-1.601844048182085e-06,1.0001907441654815e-06,718457.4482696739
54.05,1.4420699699134028e-06,0.0,0.0,7.253093632234245,109.81433766574752,105.62458148501517,216.46600341796875,133.59500122070312,223.71800231933597,133.468994140625,4.0057499164261186e-07,0.0,6.104103655040618e-06,0.0,-5.312074228882696e-07,,1.0008012302134473e-06,697374.2930619194
54.1,1.9226234199221973e-06,0.0,0.0,7.253093632234245,109.81433766574752,105.62458148501517,216.46600341796875,133.59500122070312,223.71800231933597,133.468994140625,5.340620610894992e-07,0.0,2.6697413889375196e-06,0.0,6.889270261400803e-07,,1.0010682667333216e-06,688537.2034236984
54.15000000000001,1.1330296237294593e-06,0.0,0.0,7.253093632234245,109.81433766574752,105.62458148501517,216.46600341796875,133.59500122070312,223.71800231933597,133.468994140625,3.147304510359609e-07,0.0,-4.386632201069769e-06,0.0,1.2247000147049111e-06,,1.0006295104297003e-06,703178.2038963296
54.2,2.8842921352157503e-06,0.0,0.0,7.253093632234245,109.81433766574752,105.62458148501517,216.46600341796875,133.59500122070312,223.71800231933597,133.468994140625,8.011922597821528e-07,0.0,9.729236174925773e-06,0.0,9.006183793830717e-07,,1.001602705474083e-06,671508.6129186752
54.25,3.364758066364697e-06,0.0,0.0,7.253093632234245,109.81433766574752,105.62458148501517,216.46600341796875,133.59500122070312,223.71800231933597,133.468994140625,9.34655018434638e-07,0.0,2.6692551730498563e-06,0.0,-8.205110905686378e-08,,1.0018697468268709e-06,663312.5251785555
54.3,2.574879952868884e-06,0.0,0.0,7.253093632234245,109.81433766574752,105.62458148501517,216.46600341796875,133.59500122070312,223.71800231933597,133.468994140625,7.152444313524677e-07,0.0,-4.388211741643655e-06,0.0,-1.1162577413371637e-06,,1.0014307446500031e-06,676894.8369494886
54.35,2.0598748498417045e-07,0.0,0.0,7.253093632234245,109.81433766574752,105.62458148501517,216.46600341796875,133.59500122070312,223.71800231933597,133.468994140625,5.721874582893623e-08,0.0,-1.3160513710469507e-05,0.0,-1.4742368095862438e-06,,1.0001144391286503e-06,721182.8454305365
54.40000000000001,6.867393961057243e-07,0.0,0.0,7.253093632234245,109.81433766574752,105.62458148501517,216.46600341796875,133.59500122070312,223.71800231933597,133.468994140625,1.907609433627012e-07,0.0,2.670843950674692e-06,0.0,-9.07838094838686e-07,,1.0003815400815942e-06,711732.2909000455
54.45,1.169704450729756e-06,0.0,0.0,7.253093632234245,109.81433766574752,105.62458148501517,216.46600341796875,133.59500122070312,223.71800231933597,133.468994140625,3.249179029804878e-07,0.0,2.6831391923562655e-06,0.0,1.2021696767172207e-07,,1.0006498885917829e-06,702484.3878071416
54.5,1.649331158735296e-06,0.0,0.0,7.253093632234245,109.81433766574752,105.62458148501517,216.46600341796875,133.59500122070312,223.71800231933597,133.468994140625,4.581475440931377e-07,0.0,2.66459282225315e-06,0.0,8.733557920200101e-07,,1.0009164000377724e-06,693535.2175568475
54.55,2.129429885174927e-06,0.0,0.0,7.253093632234245,109.81433766574752,105.62458148501517,216.46600341796875,133.59500122070312,223.71800231933597,133.468994140625,5.915083014374797e-07,0.0,2.6672151468869915e-06,0.0,9.065089087914486e-07,,1.0011831915439103e-06,684802.7141941488
54.6,2.609078872020354e-06,0.0,0.0,7.253093632234245,109.81433766574752,105.62458148501517,216.46600341796875,133.59500122070312,223.71800231933597,133.468994140625,7.24744131116765e-07,0.0,2.6647165935854785e-06,0.0,2.5557874095106267e-07,,1.0014497508892612e-06,676295.2610860079
54.65000000000001,1.81959881918684e-06,0.0,0.0,7.253093632234245,109.81433766574752,105.62458148501517,216.46600341796875,133.59500122070312,223.71800231933597,133.468994140625,5.054441164407889e-07,0.0,-4.386000293518526e-06,0.0,-6.861551856082972e-07,,1.0010110159697588e-06,690412.8518358698
54.7,2.300206355843377e-06,0.0,0.0,7.253093632234245,109.81433766574752,105.62458148501517,216.46600341796875,133.59500122070312,223.71800231933597,133.468994140625,6.389462099564936e-07,0.0,2.6700418703146256e-06,0.0,-1.3743676015247221e-06,,1.0012780965460425e-06,681749.2530835819
54.75,0.0,0.0,0.0,7.253093632234245,109.81433766574752,105.62458148501517,216.46600341796875,133.59500122070312,223.71800231933597,133.468994140625,0.0,0.0,-1.2778924199130598e-05,0.0,-1.3716302713987335e-06,,1e-06,inf
54.8,3.776216110792051e-07,0.0,0.0,7.253093632234245,109.81433766574752,105.62458148501517,216.46600341796875,133.59500122070312,223.71800231933597,133.468994140625,1.0489489196644585e-07,0.0,2.0978978393290365e-06,0.0,-6.125415354843742e-07,,1.000209795285402e-06,717780.2154083336
54.85,8.238927240235941e-07,0.0,0.0,7.253093632234245,109.81433766574752,105.62458148501517,216.46600341796875,133.59500122070312,223.71800231933597,133.468994140625,2.2885909000655392e-07,0.0,2.4792839608019496e-06,0.0,5.491239240423691e-07,,1.0004577443682546e-06,709081.3910341585
54.90000000000001,1.3388347633997083e-06,0.0,0.0,7.253093632234245,109.81433766574752,105.62458148501517,216.46600341796875,133.59500122070312,223.71800231933597,133.468994140625,3.718985453888078e-07,0.0,2.8607891076444275e-06,0.0,1.6148732428549765e-06,,1.0007438662450416e-06,699302.4083771879
54.95,1.8538068758502415e-06,0.0,0.0,7.253093632234245,109.81433766574752,105.62458148501517,216.46600341796875,133.59500122070312,223.71800231933597,133.468994140625,5.149463544028449e-07,0.0,2.8609561802813107e-06,0.0,2.2361089268457226e-06,,1.0010300252936797e-06,689788.9335590581
55.0,2.3344495747606573e-06,0.0,0.0,7.253093632234245,109.81433766574752,105.62458148501517,216.46600341796875,133.59500122070312,223.71800231933597,133.468994140625,6.484582152112937e-07,0.0,2.6702372161691277e-06,0.0,2.222239871144512e-06,4.081547859935968e-06,1.0012971266794509e-06,681140.2632799196
55.05,2.746309268849387e-06,0.0,0.0,7.253093632234245,109.81433766574752,105.62458148501517,216.46600341796875,133.59500122070312,223.71800231933597,133.468994140625,7.628636857914963e-07,0.0,2.288109411604182e-06,0.0,1.443614884294265e-06,,1.0015260183520847e-06,673899.9808953592
55.1,4.39408925892527e-06,0.0,0.0,7.253093632234245,109.81433766574752,105.62458148501517,216.46600341796875,133.59500122070312,223.71800231933597,133.468994140625,1.2205803497014638e-06,0.0,9.154333278198568e-06,0.0,-2.6714701634060977e-09,,1.002441905607598e-06,646409.8474574197
55.15000000000001,3.5358987517627944e-06,0.0,0.0,7.253093632234245,109.81433766574752,105.62458148501517,216.46600341796875,133.59500122070312,223.71800231933597,133.468994140625,9.821940977118873e-07,0.0,-4.767725039790444e-06,0.0,-1.5216951864899028e-06,,1.0019648705480466e-06,660441.2167278494
55.2,2.4030308789035395e-07,0.0,0.0,7.253093632234245,109.81433766574752,105.62458148501517,216.46600341796875,133.59500122070312,223.71800231933597,133.468994140625,6.675085774732054e-08,0.0,-1.830886479929498e-05,0.0,-2.239595153209938e-06,,1.000133503943333e-06,720499.9641619521
55.25,5.835960476756036e-07,0.0,0.0,7.253093632234245,109.81433766574752,105.62458148501517,216.46600341796875,133.59500122070312,223.71800231933597,133.468994140625,1.6211001324322322e-07,0.0,1.9071831099181619e-06,0.0,-1.731663304750487e-06,,1.0003242331663146e-06,713738.9403167296
55.3,9.955431253290118e-07,0.0,0.0,7.253093632234245,109.81433766574752,105.62458148501517,216.46600341796875,133.59500122070312,223.71800231933597,133.468994140625,2.765397570358366e-07,0.0,2.288594875852398e-06,0.0,-4.213474894649497e-07,,1.0005531177511902e-06,705791.4243233878
55.35,1.4761724819452131e-06,0.0,0.0,7.253093632234245,109.81433766574752,105.62458148501517,216.46600341796875,133.59500122070312,223.71800231933597,133.468994140625,4.100479116514481e-07,0.0,2.670163092312002e-06,0.0,8.310032744091504e-07,,1.000820179892948e-06,696739.6974336897
55.40000000000001,1.9911357115176637e-06,0.0,0.0,7.253093632234245,109.81433766574752,105.62458148501517,216.46600341796875,133.59500122070312,223.71800231933597,133.468994140625,5.53093253199351e-07,0.0,2.860906830957408e-06,0.0,1.3724863795753685e-06,,1.0011063394624722e-06,687295.5121509369
55.45,2.471772717741788e-06,0.0,0.0,7.253093632234245,109.81433766574752,105.62458148501517,216.46600341796875,133.59500122070312,223.71800231933597,133.468994140625,6.866035327060523e-07,0.0,2.670205590134556e-06,0.0,1.00233731501185e-06,,1.0013734427776176e-06,678708.9658595787
55.5,2.9180179797404838e-06,0.0,0.0,7.253093632234245,109.81433766574752,105.62458148501517,216.46600341796875,133.59500122070312,223.71800231933597,133.468994140625,8.105605499279122e-07,0.0,2.4791403444373387e-06,0.0,-6.03049215765112e-08,,1.0016214496040582e-06,670926.6923520085
55.55,3.2965778800277388e-06,0.0,0.0,7.253093632234245,109.81433766574752,105.62458148501517,216.46600341796875,133.59500122070312,223.71800231933597,133.468994140625,9.157160777854829e-07,0.0,2.103110557151535e-06,0.0,-1.2165560486519932e-06,,1.0018318514235384e-06,664463.3829378338
55.6,6.865779098866261e-08,0.0,0.0,7.253093632234245,109.81433766574752,105.62458148501517,216.46600341796875,133.59500122070312,223.71800231933597,133.468994140625,1.9071608607961836e-08,0.0,-1.7932889383548894e-05,0.0,-1.7173762650253475e-06,,1.0000381433990789e-06,723928.7147127179
55.65000000000001,4.4627910115400495e-07,0.0,0.0,7.253093632234245,109.81433766574752,105.62458148501517,216.46600341796875,133.59500122070312,223.71800231933597,133.468994140625,1.2396641698722358e-07,0.0,2.097896167584758e-06,0.0,-1.1751456685438555e-06,,1.0002479405178107e-06,716428.0612452567
55.7,7.895743263673588e-07,0.0,0.0,7.253093632234245,109.81433766574752,105.62458148501517,216.46600341796875,133.59500122070312,223.71800231933597,133.468994140625,2.1932620176871078e-07,0.0,1.9071956956301234e-06,0.0,1.1848706099945375e-07,,1.000438676455529e-06,709742.8430241237
55.75,1.2358415206913571e-06,0.0,0.0,7.253093632234245,109.81433766574752,105.62458148501517,216.46600341796875,133.59500122070312,223.71800231933597,133.468994140625,3.432893113031548e-07,0.0,2.479262190689021e-06,0.0,1.4447429039297603e-06,,1.000686637546382e-06,701236.6582754345
55.8,1.716444557512268e-06,0.0,0.0,7.253093632234245,109.81433766574752,105.62458148501517,216.46600341796875,133.59500122070312,223.71800231933597,133.468994140625,4.767901548645189e-07,0.0,2.670016871227434e-06,0.0,2.1609212994792256e-06,,1.000953693974155e-06,692301.1270648132
55.85,3.5015457929055984e-06,0.0,0.0,7.253093632234245,109.81433766574752,105.62458148501517,216.46600341796875,133.59500122070312,223.71800231933597,133.468994140625,9.72651609140444e-07,0.0,9.917229085517656e-06,0.0,1.979816055511234e-06,,1.0019457762438573e-06,661015.5767811191
55.90000000000001,2.7463449244064883e-06,0.0,0.0,7.253093632234245,109.81433766574752,105.62458148501517,216.46600341796875,133.59500122070312,223.71800231933597,133.468994140625,7.628735901129134e-07,0.0,-4.1955603805496574e-06,0.0,9.882005297441505e-07,,1.0015260381682829e-06,673899.3607522388
55.95,3.1239640702968473e-06,0.0,0.0,7.253093632234245,109.81433766574752,105.62458148501517,216.46600341796875,133.59500122070312,223.71800231933597,133.468994140625,8.677677973046798e-07,0.0,2.0978841438357467e-06,0.0,-4.148198217000922e-07,,1.0017359121050845e-06,667394.976366084
56.0,3.5358694815276186e-06,0.0,0.0,7.253093632234245,109.81433766574752,105.62458148501517,216.46600341796875,133.59500122070312,223.71800231933597,133.468994140625,9.821859670910051e-07,0.0,2.2883633957266364e-06,0.0,-1.6092679066941685e-06,-3.831507777838681e-06,1.001964854278819e-06,660441.7056830687
56.05,3.0896178354678803e-07,0.0,0.0,7.253093632234245,109.81433766574752,105.62458148501517,216.46600341796875,133.59500122070312,223.71800231933597,133.468994140625,8.582271765188556e-08,0.0,-1.792726498878341e-05,0.0,-1.989617402145852e-06,,1.0001716491180732e-06,719137.529508635
56.1,6.522563431114231e-07,0.0,0.0,7.253093632234245,109.81433766574752,105.62458148501517,216.46600341796875,133.59500122070312,223.71800231933597,133.468994140625,1.8118231753095085e-07,0.0,1.9071919975811432e-06,0.0,-1.3560751982160743e-06,,1.0003623810485782e-06,712401.900489019
56.15000000000001,1.064199661331135e-06,0.0,0.0,7.253093632234245,109.81433766574752,105.62458148501517,216.46600341796875,133.59500122070312,223.71800231933597,133.468994140625,2.956110170364264e-07,0.0,2.288573990108991e-06,0.0,-1.1288203389814858e-07,,1.0005912657270096e-06,704484.0389008826
56.2,1.579126647924681e-06,0.0,0.0,7.253093632234245,109.81433766574752,105.62458148501517,216.46600341796875,133.59500122070312,223.71800231933597,133.468994140625,4.386462910901891e-07,0.0,2.8607054810758233e-06,0.0,1.020818725236308e-06,,1.0008773887874647e-06,694830.8650351585
56.25,2.0940758964840067e-06,0.0,0.0,7.253093632234245,109.81433766574752,105.62458148501517,216.46600341796875,133.59500122070312,223.71800231933597,133.468994140625,5.816877490233352e-07,0.0,2.860829158663085e-06,0.0,1.4838159702796536e-06,,1.0011635446783651e-06,685438.2594027771
56.3,2.57469577280294e-06,0.0,0.0,7.253093632234245,109.81433766574752,105.62458148501517,216.46600341796875,133.59500122070312,223.71800231933597,133.468994140625,7.151932702230388e-07,0.0,2.670110423994223e-06,0.0,1.0843316714373948e-06,,1.001430642291153e-06,676898.0688748016
56.35,3.020949664156444e-06,0.0,0.0,7.253093632234245,109.81433766574752,105.62458148501517,216.46600341796875,133.59500122070312,223.71800231933597,133.468994140625,8.391526844879011e-07,0.0,2.479188285297034e-06,0.0,1.1273340733606196e-08,,1.00167865745759e-06,669156.8836938954
56.40000000000001,3.4672454282634383e-06,0.0,0.0,7.253093632234245,109.81433766574752,105.62458148501517,216.46600341796875,133.59500122070312,223.71800231933597,133.468994140625,9.631237300731773e-07,0.0,2.4794209117049615e-06,0.0,-1.18256651730269e-06,,1.001926711263806e-06,661590.0550623295
56.45,2.0598748498417045e-07,0.0,0.0,7.253093632234245,109.81433766574752,105.62458148501517,216.46600341796875,133.59500122070312,223.71800231933597,133.468994140625,5.721874582893623e-08,0.0,-1.8118099684888424e-05,0.0,-1.7914193178357975e-06,,1.0001144391286503e-06,721182.8454305365
56.5,6.867393961057243e-07,0.0,0.0,7.253093632234245,109.81433766574752,105.62458148501517,216.46600341796875,133.59500122070312,223.71800231933597,133.468994140625,1.907609433627012e-07,0.0,2.6708439506754515e-06,0.0,-1.4302884185998836e-06,,1.0003815400815942e-06,711732.2909000455
56.55,1.169806046422085e-06,0.0,0.0,7.253093632234245,109.81433766574752,105.62458148501517,216.46600341796875,133.59500122070312,223.71800231933597,133.468994140625,3.2494612400613467e-07,0.0,2.683703612868822e-06,0.0,-3.3557280911603674e-07,,1.0006499450430039e-06,702482.4677167424
56.6,4.1215326106784736e-07,0.0,0.0,7.253093632234245,109.81433766574752,105.62458148501517,216.46600341796875,133.59500122070312,223.71800231933597,133.468994140625,1.1448701696329094e-07,0.0,-4.209182140856516e-06,0.0,8.290582288787708e-07,,1.000228980587565e-06,717099.5049051797
56.65000000000001,2.129522777507377e-06,0.0,0.0,7.253093632234245,109.81433766574752,105.62458148501517,216.46600341796875,133.59500122070312,223.71800231933597,133.468994140625,5.915341048631603e-07,0.0,9.540941757995218e-06,0.0,1.3878304603025517e-06,,1.001183243166025e-06,684801.045856421
56.7,2.6090694773665627e-06,0.0,0.0,7.253093632234245,109.81433766574752,105.62458148501517,216.46600341796875,133.59500122070312,223.71800231933597,133.468994140625,7.247415214907118e-07,0.0,2.6641483325515608e-06,0.0,9.936319166782894e-07,,1.001449745668118e-06,676295.4256473384
56.75,3.0902096815404574e-06,0.0,0.0,7.253093632234245,109.81433766574752,105.62458148501517,216.46600341796875,133.59500122070312,223.71800231933597,133.468994140625,8.583915782056825e-07,0.0,2.673001134299567e-06,0.0,-1.4261337330280638e-07,,1.0017171515744621e-06,667971.2718034799
56.8,2.3002517653692175e-06,0.0,0.0,7.253093632234245,109.81433766574752,105.62458148501517,216.46600341796875,133.59500122070312,223.71800231933597,133.468994140625,6.389588237136715e-07,0.0,-4.38865508984047e-06,0.0,-1.2837164068162798e-06,,1.0012781217816166e-06,681748.4447883646
56.85,0.0,0.0,0.0,7.253093632234245,109.81433766574752,105.62458148501517,216.46600341796875,133.59500122070312,223.71800231933597,133.468994140625,0.0,0.0,-1.277917647427234e-05,0.0,-1.6413385020131182e-06,,1e-06,inf
56.90000000000001,3.776216110792051e-07,0.0,0.0,7.253093632234245,109.81433766574752,105.62458148501517,216.46600341796875,133.59500122070312,223.71800231933597,133.468994140625,1.0489489196644585e-07,0.0,2.09789783932844e-06,0.0,-9.841908896962273e-07,,1.000209795285402e-06,717780.2154083336
56.95,8.238927240235941e-07,0.0,0.0,7.253093632234245,109.81433766574752,105.62458148501517,216.46600341796875,133.59500122070312,223.71800231933597,133.468994140625,2.2885909000655392e-07,0.0,2.4792839608026543e-06,0.0,2.379366818318168e-07,,1.0004577443682546e-06,709081.3910341585
57.0,1.3388347633997083e-06,0.0,0.0,7.253093632234245,109.81433766574752,105.62458148501517,216.46600341796875,133.59500122070312,223.71800231933597,133.468994140625,3.718985453888078e-07,0.0,2.8607891076452407e-06,0.0,1.3498269709244657e-06,2.959094877618634e-06,1.0007438662450416e-06,699302.4083771879
57.05,1.8194299807074798e-06,0.0,0.0,7.253093632234245,109.81433766574752,105.62458148501517,216.46600341796875,133.59500122070312,223.71800231933597,133.468994140625,5.053972168631889e-07,0.0,2.6699734294877723e-06,0.0,1.9200158343896088e-06,,1.0010109221469e-06,690415.934067836
57.1,2.3344443583262447e-06,0.0,0.0,7.253093632234245,109.81433766574752,105.62458148501517,216.46600341796875,133.59500122070312,223.71800231933597,133.468994140625,6.484567662017347e-07,0.0,2.861190986770672e-06,0.0,1.8191018171004848e-06,,1.0012971237804923e-06,681140.3559674118
57.15000000000001,2.7474781512210887e-06,0.0,0.0,7.253093632234245,109.81433766574752,105.62458148501517,216.46600341796875,133.59500122070312,223.71800231933597,133.468994140625,7.631883753391913e-07,0.0,2.294632182748611e-06,0.0,1.0686838815464992e-06,,1.0015266679789265e-06,673879.6515772837
57.2,3.1239631988206777e-06,0.0,0.0,7.253093632234245,109.81433766574752,105.62458148501517,216.46600341796875,133.59500122070312,223.71800231933597,133.468994140625,8.67767555227966e-07,0.0,2.0915835977759107e-06,0.0,-1.4031817214239737e-07,,1.001735911620721e-06,667394.9912321345
57.25,3.5358876308703604e-06,0.0,0.0,7.253093632234245,109.81433766574752,105.62458148501517,216.46600341796875,133.59500122070312,223.71800231933597,133.468994140625,9.821910085751e-07,0.0,2.2884690669428116e-06,0.0,-1.3044628074462469e-06,,1.001964864366739e-06,660441.4025007299
57.3,2.4030308789035395e-07,0.0,0.0,7.253093632234245,109.81433766574752,105.62458148501517,216.46600341796875,133.59500122070312,223.71800231933597,133.468994140625,6.675085774732054e-08,0.0,-1.8308803016556633e-05,0.0,-1.7534783627983282e-06,,1.000133503943333e-06,720499.9641619521
57.35,5.835960476756036e-07,0.0,0.0,7.253093632234245,109.81433766574752,105.62458148501517,216.46600341796875,133.59500122070312,223.71800231933597,133.468994140625,1.6211001324322322e-07,0.0,1.9071831099178908e-06,0.0,-1.1636279700456527e-06,,1.0003242331663146e-06,713738.9403167296
57.40000000000001,1.0985226331152e-06,0.0,0.0,7.253093632234245,109.81433766574752,105.62458148501517,216.46600341796875,133.59500122070312,223.71800231933597,133.468994140625,3.0514517586533333e-07,0.0,2.860703252441552e-06,0.0,1.1893398082342027e-07,,1.00061033690852e-06,703832.2613077787
57.45,1.6134646168741355e-06,0.0,0.0,7.253093632234245,109.81433766574752,105.62458148501517,216.46600341796875,133.59500122070312,223.71800231933597,133.468994140625,4.4818461579837095e-07,0.0,2.8607887986613214e-06,0.0,1.350906409331178e-06,,1.0008964696663217e-06,694196.5421693516
57.5,2.128397817424545e-06,0.0,0.0,7.253093632234245,109.81433766574752,105.62458148501517,216.46600341796875,133.59500122070312,223.71800231933597,133.468994140625,5.912216159512625e-07,0.0,2.860740003057993e-06,0.0,1.8791180761713095e-06,,1.0011826180034022e-06,684821.2505826978
57.55,2.64336264765842e-06,0.0,0.0,7.253093632234245,109.81433766574752,105.62458148501517,216.46600341796875,133.59500122070312,223.71800231933597,133.468994140625,7.342674021273388e-07,0.0,2.8609157235216897e-06,0.0,1.3852495412367969e-06,,1.0014688043785636e-06,675695.2627057541
57.6,4.256785473096817e-06,0.0,0.0,7.253093632234245,109.81433766574752,105.62458148501517,216.46600341796875,133.59500122070312,223.71800231933597,133.468994140625,1.1824404091935604e-06,0.0,8.963460141323668e-06,0.0,1.3401009676578904e-08,,1.002365579901048e-06,648614.5570041373
57.65000000000001,3.3985776353042587e-06,0.0,0.0,7.253093632234245,109.81433766574752,105.62458148501517,216.46600341796875,133.59500122070312,223.71800231933597,133.468994140625,9.440493431400719e-07,0.0,-4.767821321068687e-06,0.0,-1.5332852079109376e-06,,1.0018885443008615e-06,662743.140570781
57.7,6.865779098866261e-08,0.0,0.0,7.253093632234245,109.81433766574752,105.62458148501517,216.46600341796875,133.59500122070312,223.71800231933597,133.468994140625,1.9071608607961836e-08,0.0,-1.8499554690645883e-05,0.0,-2.307328608235596e-06,,1.0000381433990789e-06,723928.7147127179
57.75,4.4627910115400495e-07,0.0,0.0,7.253093632234245,109.81433766574752,105.62458148501517,216.46600341796875,133.59500122070312,223.71800231933597,133.468994140625,1.2396641698722358e-07,0.0,2.097896167585354e-06,0.0,-1.8468624672625848e-06,,1.0002479405178107e-06,716428.0612452567
57.8,7.895743263673588e-07,0.0,0.0,7.253093632234245,109.81433766574752,105.62458148501517,216.46600341796875,133.59500122070312,223.71800231933597,133.468994140625,2.1932620176871078e-07,0.0,1.9071956956298523e-06,0.0,-5.365003531844616e-07,,1.000438676455529e-06,709742.8430241237
57.85,1.1671979382576477e-06,0.0,0.0,7.253093632234245,109.81433766574752,105.62458148501517,216.46600341796875,133.59500122070312,223.71800231933597,133.468994140625,3.2422164951601324e-07,0.0,2.09790895494587e-06,0.0,8.312129448139657e-07,,1.000648495858871e-06,702531.7625347825
57.90000000000001,1.682114599975019e-06,0.0,0.0,7.253093632234245,109.81433766574752,105.62458148501517,216.46600341796875,133.59500122070312,223.71800231933597,133.468994140625,4.672540555486164e-07,0.0,2.860648120651413e-06,0.0,1.6804247205450042e-06,,1.0009346172742734e-06,692931.841889271
57.95,2.16272260746765e-06,0.0,0.0,7.253093632234245,109.81433766574752,105.62458148501517,216.46600341796875,133.59500122070312,223.71800231933597,133.468994140625,6.007562798521249e-07,0.0,2.6700444860707015e-06,0.0,1.8022081962047863e-06,,1.0012016930137579e-06,684205.3001463234
58.0,2.67765433342577e-06,0.0,0.0,7.253093632234245,109.81433766574752,105.62458148501517,216.46600341796875,133.59500122070312,223.71800231933597,133.468994140625,7.437928703960472e-07,0.0,2.860731810878609e-06,0.0,1.1875280010297062e-06,-1.6229896989475953e-07,1.0014878623547089e-06,675096.1899330507
58.05,3.1582950729480724e-06,0.0,0.0,7.253093632234245,109.81433766574752,105.62458148501517,216.46600341796875,133.59500122070312,223.71800231933597,133.468994140625,8.7730418693002e-07,0.0,2.6702263306796074e-06,0.0,1.6758837410600772e-08,,1.0017549932051783e-06,666809.8554189039
58.1,3.5358972682871214e-06,0.0,0.0,7.253093632234245,109.81433766574752,105.62458148501517,216.46600341796875,133.59500122070312,223.71800231933597,133.468994140625,9.821936856353115e-07,0.0,2.0977899741056507e-06,0.0,-1.2020165649581192e-06,,1.0019648697234888e-06,660441.2415090874
58.15000000000001,3.0896178354678803e-07,0.0,0.0,7.253093632234245,109.81433766574752,105.62458148501517,216.46600341796875,133.59500122070312,223.71800231933597,133.468994140625,8.582271765188556e-08,0.0,-1.7927419359664442e-05,0.0,-1.7791119711598476e-06,,1.0001716491180732e-06,719137.529508635
58.2,6.522563431114231e-07,0.0,0.0,7.253093632234245,109.81433766574752,105.62458148501517,216.46600341796875,133.59500122070312,223.71800231933597,133.468994140625,1.8118231753095085e-07,0.0,1.9071919975816853e-06,0.0,-1.3593112963268073e-06,,1.0003623810485782e-06,712401.900489019
58.25,9.955516151385091e-07,0.0,0.0,7.253093632234245,109.81433766574752,105.62458148501517,216.46600341796875,133.59500122070312,223.71800231933597,133.468994140625,2.765421153162525e-07,0.0,1.9071959557061417e-06,0.0,-2.500022762509325e-07,,1.0005531224684033e-06,705791.2623570303
58.3,1.4074942080727112e-06,0.0,0.0,7.253093632234245,109.81433766574752,105.62458148501517,216.46600341796875,133.59500122070312,223.71800231933597,133.468994140625,3.9097061335353087e-07,0.0,2.288569960745697e-06,0.0,8.537960758991449e-07,,1.0007820176557171e-06,698018.8763995952
58.35,1.8880849736440739e-06,0.0,0.0,7.253093632234245,109.81433766574752,105.62458148501517,216.46600341796875,133.59500122070312,223.71800231933597,133.468994140625,5.244680482344649e-07,0.0,2.669948697618453e-06,0.0,1.3721500651638494e-06,,1.0010490736298358e-06,689164.8679052229
58.40000000000001,2.3686909387611174e-06,0.0,0.0,7.253093632234245,109.81433766574752,105.62458148501517,216.46600341796875,133.59500122070312,223.71800231933597,133.468994140625,6.579697052114214e-07,0.0,2.6700331395385235e-06,0.0,1.0701293183251941e-06,,1.0013161558724891e-06,680532.3933964368
58.45,2.885046855979766e-06,0.0,0.0,7.253093632234245,109.81433766574752,105.62458148501517,216.46600341796875,133.59500122070312,223.71800231933597,133.468994140625,8.014019044388239e-07,0.0,2.868643984548621e-06,0.0,8.884394563116338e-08,,1.001603124931384e-06,671495.5795926447
58.5,3.3985910713239506e-06,0.0,0.0,7.253093632234245,109.81433766574752,105.62458148501517,216.46600341796875,133.59500122070312,223.71800231933597,133.468994140625,9.44053075367764e-07,0.0,2.8530234185789645e-06,0.0,-1.0358947835859432e-06,,1.0018885517688401e-06,662742.9145568641
58.55,1.7164451198018957e-07,0.0,0.0,7.253093632234245,109.81433766574752,105.62458148501517,216.46600341796875,133.59500122070312,223.71800231933597,133.468994140625,4.767903110560821e-08,0.0,-1.7927480885244134e-05,0.0,-1.580140197378242e-06,,1.0000953591988564e-06,721867.5685976945
58.6,5.149393879806318e-07,0.0,0.0,7.253093632234245,109.81433766574752,105.62458148501517,216.46600341796875,133.59500122070312,223.71800231933597,133.468994140625,1.4303871888350883e-07,0.0,1.9071937555578496e-06,0.0,-1.1564480944323458e-06,,1.0002860876678046e-06,715080.9371092124
58.65000000000001,8.925629917046897e-07,0.0,0.0,7.253093632234245,109.81433766574752,105.62458148501517,216.46600341796875,133.59500122070312,223.71800231933597,133.468994140625,2.4793416436241383e-07,0.0,2.097908909577623e-06,0.0,-5.635600865083956e-08,,1.0004958990644e-06,707761.5367063107
58.7,1.4074816098825016e-06,0.0,0.0,7.253093632234245,109.81433766574752,105.62458148501517,216.46600341796875,133.59500122070312,223.71800231933597,133.468994140625,3.9096711385625044e-07,0.0,2.860658989877301e-06,0.0,1.0186893532905574e-06,,1.0007820106553545e-06,698019.1114802314
58.75,1.8881001263534385e-06,0.0,0.0,7.253093632234245,109.81433766574752,105.62458148501517,216.46600341796875,133.59500122070312,223.71800231933597,133.468994140625,5.244722573203996e-07,0.0,2.670102869283135e-06,0.0,1.474062531827398e-06,,1.0010490820502153e-06,689164.5922853076
58.8,2.403019326978586e-06,0.0,0.0,7.253093632234245,109.81433766574752,105.62458148501517,216.46600341796875,133.59500122070312,223.71800231933597,133.468994140625,6.675053686051629e-07,0.0,2.8606622256954277e-06,0.0,1.076889151512931e-06,,1.001335233518919e-06,679924.0667438847
58.85,2.883671150219029e-06,0.0,0.0,7.253093632234245,109.81433766574752,105.62458148501517,216.46600341796875,133.59500122070312,223.71800231933597,133.468994140625,8.010197639497302e-07,0.0,2.6702879068911198e-06,0.0,-6.7889278893044924e-09,,1.0016023603442308e-06,671519.3371317306
58.90000000000001,3.33092055077833e-06,0.0,0.0,7.253093632234245,109.81433766574752,105.62458148501517,216.46600341796875,133.59500122070312,223.71800231933597,133.468994140625,9.252557085495361e-07,0.0,2.484718891995553e-06,0.0,-1.2086557645979415e-06,,1.0018509394661622e-06,663883.1919108632
58.95,0.0,0.0,0.0,7.253093632234245,109.81433766574752,105.62458148501517,216.46600341796875,133.59500122070312,223.71800231933597,133.468994140625,0.0,0.0,-1.8505114170994405e-05,0.0,-1.7851522352344938e-06,,1e-06,inf
59.0,3.776216110792051e-07,0.0,0.0,7.253093632234245,109.81433766574752,105.62458148501517,216.46600341796875,133.59500122070312,223.71800231933597,133.468994140625,1.0489489196644585e-07,0.0,2.0978978393290365e-06,0.0,-1.3450610596696684e-06,-2.5325890606993746e-06,1.000209795285402e-06,717780.2154083336
59.05,7.209166409697316e-07,0.0,0.0,7.253093632234245,109.81433766574752,105.62458148501517,216.46600341796875,133.59500122070312,223.71800231933597,133.468994140625,2.0025462249159208e-07,0.0,1.907194610503033e-06,0.0,-1.6096211299605253e-07,,1.00040052929594e-06,711069.8605739853
59.1,1.1328597955917092e-06,0.0,0.0,7.253093632234245,109.81433766574752,105.62458148501517,216.46600341796875,133.59500122070312,223.71800231933597,133.468994140625,3.146832765532526e-07,0.0,2.2885730812330146e-06,0.0,1.1297591735577689e-06,,1.0006294160658888e-06,703181.4199008477
59.15000000000001,1.647786177341935e-06,0.0,0.0,7.253093632234245,109.81433766574752,105.62458148501517,216.46600341796875,133.59500122070312,223.71800231933597,133.468994140625,4.5771838259498194e-07,0.0,2.860702120833937e-06,0.0,2.011860587855382e-06,,1.0009155415182488e-06,693563.6786993359
59.2,2.1283900918930247e-06,0.0,0.0,7.253093632234245,109.81433766574752,105.62458148501517,216.46600341796875,133.59500122070312,223.71800231933597,133.468994140625,5.912194699702847e-07,0.0,2.6700217475065855e-06,0.0,2.207537810342714e-06,,1.0011826137101712e-06,684821.3893404093
59.25,2.6434067449094803e-06,0.0,0.0,7.253093632234245,109.81433766574752,105.62458148501517,216.46600341796875,133.59500122070312,223.71800231933597,133.468994140625,7.342796513637445e-07,0.0,2.86120362786936e-06,0.0,1.5663654193160796e-06,,1.0014688288860308e-06,675694.4916478648
59.3,4.3254445664561995e-06,0.0,0.0,7.253093632234245,109.81433766574752,105.62458148501517,216.46600341796875,133.59500122070312,223.71800231933597,133.468994140625,1.2015123795711666e-06,0.0,9.344654564148972e-06,0.0,1.9460815490948002e-07,,1.0024037465751415e-06,647510.2099125581
59.35,3.467252319317588e-06,0.0,0.0,7.253093632234245,109.81433766574752,105.62458148501517,216.46600341796875,133.59500122070312,223.71800231933597,133.468994140625,9.631256442548856e-07,0.0,-4.767734706325214e-06,0.0,-1.2955925515044125e-06,,1.0019267150940132e-06,661589.9395475007
59.40000000000001,2.4030296581110357e-07,0.0,0.0,7.253093632234245,109.81433766574752,105.62458148501517,216.46600341796875,133.59500122070312,223.71800231933597,133.468994140625,6.675082383641766e-08,0.0,-1.792749640836528e-05,0.0,-2.02265799786389e-06,,1.000133503875509e-06,720499.9665890316
59.45,6.865844087548291e-07,0.0,0.0,7.253093632234245,109.81433766574752,105.62458148501517,216.46600341796875,133.59500122070312,223.71800231933597,133.468994140625,1.9071789132078586e-07,0.0,2.479341349687857e-06,0.0,-1.5599027117447072e-06,,1.0003814539692985e-06,711735.2977076863
59.5,1.0985228661869064e-06,0.0,0.0,7.253093632234245,109.81433766574752,105.62458148501517,216.46600341796875,133.59500122070312,223.71800231933597,133.468994140625,3.0514524060747397e-07,0.0,2.2885469857338925e-06,0.0,-3.064336324205032e-07,,1.0006103370380239e-06,703832.256885948
59.55,1.5791391398731248e-06,0.0,0.0,7.253093632234245,109.81433766574752,105.62458148501517,216.46600341796875,133.59500122070312,223.71800231933597,133.468994140625,4.38649761075868e-07,0.0,2.6700904093680323e-06,0.0,9.415945561599645e-07,,1.0008773957289581e-06,694830.6340614975
59.6,1.956749672572008e-06,0.0,0.0,7.253093632234245,109.81433766574752,105.62458148501517,216.46600341796875,133.59500122070312,223.71800231933597,133.468994140625,5.435415757144467e-07,0.0,2.0978362927713946e-06,0.0,1.5884757221918705e-06,,1.0010872308701511e-06,687918.1516143226
59.65000000000001,2.4049236790756672e-06,0.0,0.0,7.253093632234245,109.81433766574752,105.62458148501517,216.46600341796875,133.59500122070312,223.71800231933597,133.468994140625,6.680343552987965e-07,0.0,2.48985559168643e-06,0.0,1.3881585695815737e-06,,1.0013362918455478e-06,679890.3519308263
59.7,2.917963416515729e-06,0.0,0.0,7.253093632234245,109.81433766574752,105.62458148501517,216.46600341796875,133.59500122070312,223.71800231933597,133.468994140625,8.105453934765913e-07,0.0,2.850220763556463e-06,0.0,3.9385415436884185e-07,,1.0016214192788705e-06,670927.6329953695
59.75,4.70304274860132e-06,0.0,0.0,7.253093632234245,109.81433766574752,105.62458148501517,216.46600341796875,133.59500122070312,223.71800231933597,133.468994140625,1.3064007635003665e-06,0.0,9.917107400476069e-06,0.0,-9.350625707230656e-07,,1.0026136548684783e-06,641503.3204597594
59.8,1.0298668271361372e-07,0.0,0.0,7.253093632234245,109.81433766574752,105.62458148501517,216.46600341796875,133.59500122070312,223.71800231933597,133.468994140625,2.86074118648927e-08,0.0,-2.555586703271093e-05,0.0,-1.7989201026786285e-06,,1.0000572152329219e-06,723240.3597385889
59.85,6.179429906017729e-07,0.0,0.0,7.253093632234245,109.81433766574752,105.62458148501517,216.46600341796875,133.59500122070312,223.71800231933597,133.468994140625,1.716508307227147e-07,0.0,2.860868377156196e-06,0.0,-1.6289406445518685e-06,,1.0003433163934491e-06,713069.4665930544
59.90000000000001,9.955582964796298e-07,0.0,0.0,7.253093632234245,109.81433766574752,105.62458148501517,216.46600341796875,133.59500122070312,223.71800231933597,133.468994140625,2.765439712443416e-07,0.0,2.097862810432061e-06,0.0,-5.951568047255253e-07,,1.0005531261807727e-06,705791.1348922102
59.95,1.3388329963345035e-06,0.0,0.0,7.253093632234245,109.81433766574752,105.62458148501517,216.46600341796875,133.59500122070312,223.71800231933597,133.468994140625,3.7189805453736207e-07,0.0,1.9070816658607888e-06,0.0,6.22609124697779e-07,,1.000743865263156e-06,699302.4414717667
60.0,1.682115164702801e-06,0.0,0.0,7.253093632234245,109.81433766574752,105.62458148501517,216.46600341796875,133.59500122070312,223.71800231933597,133.468994140625,4.672542124174447e-07,0.0,1.9071231576017614e-06,0.0,1.4455411185775128e-06,2.7906021782471812e-06,1.0009346175880845e-06,692931.8315045604
60.05,2.1308388405297834e-06,0.0,0.0,7.253093632234245,109.81433766574752,105.62458148501517,216.46600341796875,133.59500122070312,223.71800231933597,133.468994140625,5.918996779249399e-07,0.0,2.4929093101500447e-06,0.0,1.6291083168155463e-06,,1.0011839745284642e-06,684777.410359234
60.1,2.6433336755475115e-06,0.0,0.0,7.253093632234245,109.81433766574752,105.62458148501517,216.46600341796875,133.59500122070312,223.71800231933597,133.468994140625,7.342593543187532e-07,0.0,2.8471935278760234e-06,0.0,1.1247761275036887e-06,,1.0014687882770373e-06,675695.7692955389
60.15000000000001,3.158294572383025e-06,0.0,0.0,7.253093632234245,109.81433766574752,105.62458148501517,216.46600341796875,133.59500122070312,223.71800231933597,133.468994140625,8.773040478841736e-07,0.0,2.8608938713077575e-06,0.0,6.492389451365991e-08,,1.0017549929269646e-06,666809.8639428121
60.2,3.605436039669509e-06,0.0,0.0,7.253093632234245,109.81433766574752,105.62458148501517,216.46600341796875,133.59500122070312,223.71800231933597,133.468994140625,1.001510011019308e-06,0.0,2.4841192627031825e-06,0.0,-1.085286761570625e-06,,1.0020035215331897e-06,659281.6463348592
60.25,4.1195839933246203e-07,0.0,0.0,7.253093632234245,109.81433766574752,105.62458148501517,216.46600341796875,133.59500122070312,223.71800231933597,133.468994140625,1.1443288870346168e-07,0.0,-1.7741542446317934e-05,0.0,-1.652390856816469e-06,,1.00022887232485e-06,717103.3425250199
60.3,7.895752036122504e-07,0.0,0.0,7.253093632234245,109.81433766574752,105.62458148501517,216.46600341796875,133.59500122070312,223.71800231933597,133.468994140625,2.1932644544784732e-07,0.0,2.0978711348878324e-06,0.0,-1.263312531462267e-06,,1.0004386769429405e-06,709742.8261003544
60.35,1.1328540306205921e-06,0.0,0.0,7.253093632234245,109.81433766574752,105.62458148501517,216.46600341796875,133.59500122070312,223.71800231933597,133.468994140625,3.146816751723867e-07,0.0,1.9071045944906253e-06,0.0,-1.7825370052794857e-07,,1.0006294128626232e-06,703181.5290715722
60.40000000000001,1.4761406520553576e-06,0.0,0.0,7.253093632234245,109.81433766574752,105.62458148501517,216.46600341796875,133.59500122070312,223.71800231933597,133.468994140625,4.100390700153771e-07,0.0,1.9071478968593738e-06,0.0,9.6185856347934e-07,,1.0008201622060502e-06,696740.28920081
60.45,1.9567455929891744e-06,0.0,0.0,7.253093632234245,109.81433766574752,105.62458148501517,216.46600341796875,133.59500122070312,223.71800231933597,133.468994140625,5.435404424969929e-07,0.0,2.6700274496328473e-06,0.0,1.5933778545623799e-06,,1.0010872286031002e-06,687918.2255516172
60.5,2.471681372559319e-06,0.0,0.0,7.253093632234245,109.81433766574752,105.62458148501517,216.46600341796875,133.59500122070312,223.71800231933597,133.468994140625,6.865781590442552e-07,0.0,2.8607543309454094e-06,0.0,1.411792551853823e-06,,1.0013733920128727e-06,678710.5773512556
60.55,2.9866437490944587e-06,0.0,0.0,7.253093632234245,109.81433766574752,105.62458148501517,216.46600341796875,133.59500122070312,223.71800231933597,133.468994140625,8.296232636373496e-07,0.0,2.8609020918620496e-06,0.0,4.242887248557926e-07,,1.0016595906646543e-06,669745.7017353479
60.6,4.668735024092292e-06,0.0,0.0,7.253093632234245,109.81433766574752,105.62458148501517,216.46600341796875,133.59500122070312,223.71800231933597,133.468994140625,1.2968708400256366e-06,0.0,9.344951527764944e-06,0.0,-9.031371975755233e-07,,1.002594582617039e-06,642044.4860302381
60.65000000000001,1.7164451198018957e-07,0.0,0.0,7.253093632234245,109.81433766574752,105.62458148501517,216.46600341796875,133.59500122070312,223.71800231933597,133.468994140625,4.767903110560821e-08,0.0,-2.498383617839489e-05,0.0,-1.7474159389543186e-06,,1.0000953591988564e-06,721867.5685976945
60.7,5.835897046562877e-07,0.0,0.0,7.253093632234245,109.81433766574752,105.62458148501517,216.46600341796875,133.59500122070312,223.71800231933597,133.468994140625,1.6210825129341327e-07,0.0,2.288584403756556e-06,0.0,-1.535806450354796e-06,,1.0003242296421294e-06,713739.0640678409
60.75,1.0985314680392085e-06,0.0,0.0,7.253093632234245,109.81433766574752,105.62458148501517,216.46600341796875,133.59500122070312,223.71800231933597,133.468994140625,3.0514763001089124e-07,0.0,2.860787574349722e-06,0.0,-4.6508930525175583e-07,,1.0006103418175597e-06,703832.0936918571
60.8,1.4761510649237403e-06,0.0,0.0,7.253093632234245,109.81433766574752,105.62458148501517,216.46600341796875,133.59500122070312,223.71800231933597,133.468994140625,4.100419624788168e-07,0.0,2.09788664935863e-06,0.0,7.388764518416335e-07,,1.000820167992163e-06,696740.0956092932
60.85,1.8194325203337883e-06,0.0,0.0,7.253093632234245,109.81433766574752,105.62458148501517,216.46600341796875,133.59500122070312,223.71800231933597,133.468994140625,5.053979223149412e-07,0.0,1.9071191967223257e-06,0.0,1.4266233920786756e-06,,1.0010109235581597e-06,690415.8877054676
60.90000000000001,2.26574002154228e-06,0.0,0.0,7.253093632234245,109.81433766574752,105.62458148501517,216.46600341796875,133.59500122070312,223.71800231933597,133.468994140625,6.293722282061888e-07,0.0,2.4794861178243884e-06,0.0,1.2861377632017215e-06,,1.0012589425111132e-06,682363.3114463126
60.95,2.780647482779311e-06,0.0,0.0,7.253093632234245,109.81433766574752,105.62458148501517,216.46600341796875,133.59500122070312,223.71800231933597,133.468994140625,7.724020785498086e-07,0.0,2.860597006872965e-06,0.0,3.3996517579771246e-07,,1.001545102459585e-06,673303.2780754376
61.0,4.56573841919797e-06,0.0,0.0,7.253093632234245,109.81433766574752,105.62458148501517,216.46600341796875,133.59500122070312,223.71800231933597,133.468994140625,1.2682606719994361e-06,0.0,9.917171868993114e-06,0.0,-9.553716205962017e-07,-2.4009127391737145e-06,1.002537325586565e-06,643674.640067344
61.05,0.0,0.0,0.0,7.253093632234245,109.81433766574752,105.62458148501517,216.46600341796875,133.59500122070312,223.71800231933597,133.468994140625,0.0,0.0,-2.5365213439990165e-05,0.0,-1.783609357350441e-06,,1e-06,inf
61.1,4.462843788867952e-07,0.0,0.0,7.253093632234245,109.81433766574752,105.62458148501517,216.46600341796875,133.59500122070312,223.71800231933597,133.468994140625,1.2396788302410977e-07,0.0,2.4793576604819843e-06,0.0,-1.5517379861746682e-06,,1.0002479434500662e-06,716427.9575003638
61.15000000000001,7.895634742630793e-07,0.0,0.0,7.253093632234245,109.81433766574752,105.62458148501517,216.46600341796875,133.59500122070312,223.71800231933597,133.468994140625,2.193231872952998e-07,0.0,1.9071060854233668e-06,0.0,-4.3184618547758203e-07,,1.0004386704259209e-06,709743.052382502
61.2,1.2701710666580453e-06,0.0,0.0,7.253093632234245,109.81433766574752,105.62458148501517,216.46600341796875,133.59500122070312,223.71800231933597,133.468994140625,3.528252962939015e-07,0.0,2.670042179972565e-06,0.0,8.476695036494771e-07,,1.0007057128354328e-06,700590.7493513585
61.25,1.7851262929501606e-06,0.0,0.0,7.253093632234245,109.81433766574752,105.62458148501517,216.46600341796875,133.59500122070312,223.71800231933597,133.468994140625,4.95868414708378e-07,0.0,2.8608623682896923e-06,0.0,1.6430537650780167e-06,,1.000991859772159e-06,691042.7365943466
61.3,2.300106278659668e-06,0.0,0.0,7.253093632234245,109.81433766574752,105.62458148501517,216.46600341796875,133.59500122070312,223.71800231933597,133.468994140625,6.389184107387967e-07,0.0,2.8609999206085364e-06,0.0,1.697174269862361e-06,,1.0012780409298453e-06,681751.034476687
61.35,2.678887286478528e-06,0.0,0.0,7.253093632234245,109.81433766574752,105.62458148501517,216.46600341796875,133.59500122070312,223.71800231933597,133.468994140625,7.441353573551467e-07,0.0,2.1043389323268206e-06,0.0,1.0317669669591543e-06,,1.0014885475834252e-06,675074.670133318
61.40000000000001,3.0553066218362993e-06,0.0,0.0,7.253093632234245,109.81433766574752,105.62458148501517,216.46600341796875,133.59500122070312,223.71800231933597,133.468994140625,8.486962838434164e-07,0.0,2.0912185297649196e-06,0.0,-1.1626933647842601e-07,,1.001697752710378e-06,668568.2263071575
61.45,3.432884944142956e-06,0.0,0.0,7.253093632234245,109.81433766574752,105.62458148501517,216.46600341796875,133.59500122070312,223.71800231933597,133.468994140625,9.535791511508211e-07,0.0,2.0976573461485115e-06,0.0,-1.2230837182615136e-06,,1.0019076129589003e-06,662166.5422915403
61.5,2.4030308789035395e-07,0.0,0.0,7.253093632234245,109.81433766574752,105.62458148501517,216.46600341796875,133.59500122070312,223.71800231933597,133.468994140625,6.675085774732054e-08,0.0,-1.773656586807102e-05,0.0,-1.6410732674583953e-06,,1.000133503943333e-06,720499.9641619521
61.55,6.522495472176994e-07,0.0,0.0,7.253093632234245,109.81433766574752,105.62458148501517,216.46600341796875,133.59500122070312,223.71800231933597,133.468994140625,1.8118042978269426e-07,0.0,2.2885914407076044e-06,0.0,-1.0922412531302122e-06,,1.0003623772727395e-06,712402.0325793454
61.6,1.167188759305029e-06,0.0,0.0,7.253093632234245,109.81433766574752,105.62458148501517,216.46600341796875,133.59500122070312,223.71800231933597,133.468994140625,3.242190998069525e-07,0.0,2.8607734004849207e-06,0.0,4.537595960189701e-08,,1.0006484907586261e-06,702531.9360347425
61.65000000000001,1.6821473627080838e-06,0.0,0.0,7.253093632234245,109.81433766574752,105.62458148501517,216.46600341796875,133.59500122070312,223.71800231933597,133.468994140625,4.6726315630780106e-07,0.0,2.8608811300163206e-06,0.0,1.0494350135554604e-06,,1.0009346354800443e-06,692931.2394198643
61.7,2.162801609000548e-06,0.0,0.0,7.253093632234245,109.81433766574752,105.62458148501517,216.46600341796875,133.59500122070312,223.71800231933597,133.468994140625,6.007782247223745e-07,0.0,2.670301368292e-06,0.0,1.3776806761216993e-06,,1.0012017369166826e-06,684203.8837600715
61.75,2.5416605253269738e-06,0.0,0.0,7.253093632234245,109.81433766574752,105.62458148501517,216.46600341796875,133.59500122070312,223.71800231933597,133.468994140625,7.06016812590826e-07,0.0,2.1047717573691498e-06,0.0,8.840435913555051e-07,,1.0014122828550515e-06,677478.2591135326
61.8,2.917982340639092e-06,0.0,0.0,7.253093632234245,109.81433766574752,105.62458148501517,216.46600341796875,133.59500122070312,223.71800231933597,133.468994140625,8.105506501775255e-07,0.0,2.0906767517341097e-06,0.0,-1.987371065717335e-07,,1.0016214297965333e-06,670927.3067524213
61.85,3.296767342743793e-06,0.0,0.0,7.253093632234245,109.81433766574752,105.62458148501517,216.46600341796875,133.59500122070312,223.71800231933597,133.468994140625,9.157687063177202e-07,0.0,2.104361122803714e-06,0.0,-1.2943836616219051e-06,,1.001831956728797e-06,664460.1793400378
61.90000000000001,6.865779098866261e-08,0.0,0.0,7.253093632234245,109.81433766574752,105.62458148501517,216.46600341796875,133.59500122070312,223.71800231933597,133.468994140625,1.9071608607961836e-08,0.0,-1.7933941954191092e-05,0.0,-1.7111913501652997e-06,,1.0000381433990789e-06,723928.7147127179
61.95,4.4627910115400495e-07,0.0,0.0,7.253093632234245,109.81433766574752,105.62458148501517,216.46600341796875,133.59500122070312,223.71800231933597,133.468994140625,1.2396641698722358e-07,0.0,2.097896167585652e-06,0.0,-1.1428619232004564e-06,,1.0002479405178107e-06,716428.0612452567
62.0,9.61209111501657e-07,0.0,0.0,7.253093632234245,109.81433766574752,105.62458148501517,216.46600341796875,133.59500122070312,223.71800231933597,133.468994140625,2.670025309726825e-07,0.0,2.8607222797093414e-06,0.0,5.542560243674866e-08,1.0107972230329503e-06,1.0005340407071211e-06,706447.0482357128
62.05,1.4788782024095729e-06,0.0,0.0,7.253093632234245,109.81433766574752,105.62458148501517,216.46600341796875,133.59500122070312,223.71800231933597,133.468994140625,4.107995006693258e-07,0.0,2.875939393933029e-06,0.0,1.1995620925914027e-06,,1.0008216833794536e-06,696689.3975595181
62.1,1.9911448753093497e-06,0.0,0.0,7.253093632234245,109.81433766574752,105.62458148501517,216.46600341796875,133.59500122070312,223.71800231933597,133.468994140625,5.530957986970416e-07,0.0,2.845925960554073e-06,0.0,1.8042650870763265e-06,,1.0011063445548754e-06,687295.3463693338
62.15000000000001,2.368755318744506e-06,0.0,0.0,7.253093632234245,109.81433766574752,105.62458148501517,216.46600341796875,133.59500122070312,223.71800231933597,133.468994140625,6.579875885401405e-07,0.0,2.0978357968615014e-06,0.0,1.725447290555626e-06,,1.0013161916509135e-06,680531.2515125311
62.2,2.7806807563446615e-06,0.0,0.0,7.253093632234245,109.81433766574752,105.62458148501517,216.46600341796875,133.59500122070312,223.71800231933597,133.468994140625,7.724113212068504e-07,0.0,2.288474653334654e-06,0.0,9.97089016968869e-07,,1.0015451209520384e-06,673302.7003857173
62.25,3.22691065356845e-06,0.0,0.0,7.253093632234245,109.81433766574752,105.62458148501517,216.46600341796875,133.59500122070312,223.71800231933597,133.468994140625,8.963640704356806e-07,0.0,2.479054984576745e-06,0.0,-1.9303577723865065e-07,,1.0017931298751447e-06,665643.4738550578
62.3,3.6045619029926056e-06,0.0,0.0,7.253093632234245,109.81433766574752,105.62458148501517,216.46600341796875,133.59500122070312,223.71800231933597,133.468994140625,1.0012671952757238e-06,0.0,2.098062496800983e-06,0.0,-1.3605327746639512e-06,,1.0020030356585495e-06,659296.1977461053
62.35,3.0896178354678803e-07,0.0,0.0,7.253093632234245,109.81433766574752,105.62458148501517,216.46600341796875,133.59500122070312,223.71800231933597,133.468994140625,8.582271765188556e-08,0.0,-1.8308889552475204e-05,0.0,-1.846915320544462e-06,,1.0001716491180732e-06,719137.529508635
62.40000000000001,6.522563431114231e-07,0.0,0.0,7.253093632234245,109.81433766574752,105.62458148501517,216.46600341796875,133.59500122070312,223.71800231933597,133.468994140625,1.8118231753095085e-07,0.0,1.9071919975808721e-06,0.0,-1.32697067074283e-06,,1.0003623810485782e-06,712401.900489019
62.45,1.0642005782897116e-06,0.0,0.0,7.253093632234245,109.81433766574752,105.62458148501517,216.46600341796875,133.59500122070312,223.71800231933597,133.468994140625,2.9561127174714213e-07,0.0,2.288579084324281e-06,0.0,-1.3970300398269915e-07,,1.0005912662365063e-06,704484.0214721326
62.5,1.5821322912399087e-06,0.0,0.0,7.253093632234245,109.81433766574752,105.62458148501517,216.46600341796875,133.59500122070312,223.71800231933597,133.468994140625,4.3948119201108575e-07,0.0,2.877398405279036e-06,0.0,9.981796593389653e-07,,1.0008790589558812e-06,694775.2957095938
62.55,2.059778813609186e-06,0.0,0.0,7.253093632234245,109.81433766574752,105.62458148501517,216.46600341796875,133.59500122070312,223.71800231933597,133.468994140625,5.721607815581072e-07,0.0,2.6535917909405797e-06,0.0,1.5134652142582961e-06,,1.0011444852470962e-06,686055.9333231495
62.6,2.5060924414714785e-06,0.0,0.0,7.253093632234245,109.81433766574752,105.62458148501517,216.46600341796875,133.59500122070312,223.71800231933597,133.468994140625,6.961367892976329e-07,0.0,2.479520154790303e-06,0.0,1.1913382391953769e-06,,1.00139251588181e-06,678104.0458917432
62.65000000000001,2.9179548621905593e-06,0.0,0.0,7.253093632234245,109.81433766574752,105.62458148501517,216.46600341796875,133.59500122070312,223.71800231933597,133.468994140625,8.105430172751554e-07,0.0,2.288124559549929e-06,0.0,1.636417296710757e-07,,1.0016214145245417e-06,670927.7804679989
62.7,3.913500682947047e-06,0.0,0.0,7.253093632234245,109.81433766574752,105.62458148501517,216.46600341796875,133.59500122070312,223.71800231933597,133.468994140625,1.0870835230408462e-06,0.0,5.530810115314918e-06,0.0,-1.081723193456839e-06,,1.0021747579213746e-06,654193.1083283608
62.75,2.0598748498417045e-07,0.0,0.0,7.253093632234245,109.81433766574752,105.62458148501517,216.46600341796875,133.59500122070312,223.71800231933597,133.468994140625,5.721874582893623e-08,0.0,-2.059729554423937e-05,0.0,-1.8587447135610214e-06,,1.0001144391286503e-06,721182.8454305365
62.8,7.553598346594847e-07,0.0,0.0,7.253093632234245,109.81433766574752,105.62458148501517,216.46600341796875,133.59500122070312,223.71800231933597,133.468994140625,2.098221762943013e-07,0.0,3.052068609307475e-06,0.0,-1.7351263704016798e-06,,1.0004196663652613e-06,710403.5219217486
62.85,1.2358398197465e-06,0.0,0.0,7.253093632234245,109.81433766574752,105.62458148501517,216.46600341796875,133.59500122070312,223.71800231933597,133.468994140625,3.4328883881847223e-07,0.0,2.6693332504831913e-06,0.0,-8.491454657456843e-07,,1.0006866366012503e-06,701236.6903081452
62.90000000000001,4.807061360169307e-07,0.0,0.0,7.253093632234245,109.81433766574752,105.62458148501517,216.46600341796875,133.59500122070312,223.71800231933597,133.468994140625,1.3352948222692521e-07,0.0,-4.1951871318299865e-06,0.0,2.726338656261808e-07,,1.0002670678795152e-06,715751.9643037856
62.95,9.613065118114559e-07,0.0,0.0,7.253093632234245,109.81433766574752,105.62458148501517,216.46600341796875,133.59500122070312,223.71800231933597,133.468994140625,2.670295866142933e-07,0.0,2.6700020877478927e-06,0.0,1.0635332562503965e-06,,1.0005340948256286e-06,706445.1866088428
63.0,2.678518273214773e-06,0.0,0.0,7.253093632234245,109.81433766574752,105.62458148501517,216.46600341796875,133.59500122070312,223.71800231933597,133.468994140625,7.440328536707702e-07,0.0,9.540065341130081e-06,0.0,1.1179400499433097e-06,1.062514447506561e-06,1.0014883424997851e-06,675081.1106982214
63.05,1.8882273519712357e-06,0.0,0.0,7.253093632234245,109.81433766574752,105.62458148501517,216.46600341796875,133.59500122070312,223.71800231933597,133.468994140625,5.245075977697877e-07,0.0,-4.390505118019899e-06,0.0,3.770483028262159e-07,,1.0010491527496498e-06,689162.2781260781
63.1,3.6046861724323305e-06,0.0,0.0,7.253093632234245,109.81433766574752,105.62458148501517,216.46600341796875,133.59500122070312,223.71800231933597,133.468994140625,1.0013017145645362e-06,0.0,9.535882335894156e-06,0.0,-7.050944254288268e-07,,1.002003104731691e-06,659294.1290421961
63.15000000000001,0.0,0.0,0.0,7.253093632234245,109.81433766574752,105.62458148501517,216.46600341796875,133.59500122070312,223.71800231933597,133.468994140625,0.0,0.0,-2.002603429128617e-05,0.0,-1.3587102423292878e-06,,1e-06,inf
63.2,5.150269901163615e-07,0.0,0.0,7.253093632234245,109.81433766574752,105.62458148501517,216.46600341796875,133.59500122070312,223.71800231933597,133.468994140625,1.430630528101004e-07,0.0,2.861261056202577e-06,0.0,-1.096702478868005e-06,,1.0002861363391387e-06,715079.2215794025
63.25,2.403288533404263e-07,0.0,0.0,7.253093632234245,109.81433766574752,105.62458148501517,216.46600341796875,133.59500122070312,223.71800231933597,133.468994140625,6.675801481678509e-08,0.0,-1.526100759866393e-06,0.0,-1.3132901174367313e-07,,1.00013351825795e-06,720499.4519147831
63.3,1.510639858096452e-06,7.184736063139976,0.7184736063139836,7.377068058294742,109.81433766574752,105.74858067784623,216.46600341796875,133.59500122070312,223.8419952392578,133.468994140625,4.1962218280457e-07,1.995760017538882,7.057283359756099e-06,39.91520035077991,8.741020467602807e-07,,0.0,inf
63.35,1.991264020251033e-06,14.282606614919924,2.146734267805976,7.573039368322584,109.81433766574752,105.94458038280683,216.46600341796875,133.59500122070312,224.0379943847656,133.468994140625,5.531288945141758e-07,3.9673907263666455,2.670134234191889e-06,39.43261417655191,1.3923277263283504e-06,,0.0,inf
63.40000000000001,1.2016657346201893e-06,17.115316570113173,3.858265924817293,7.809015415866402,109.81433766574752,106.18059291556101,216.46600341796875,133.59500122070312,224.2740020751953,133.468994140625,3.3379603739449703e-07,4.7542546028092145,-4.386657142392578e-06,15.737277528847804,1.2876418361298795e-06,,0.0,inf
63.45,2.952939832239447e-06,18.243138936533285,5.6825798184706215,8.068977873505991,109.81433766574752,106.44059995646023,216.46600341796875,133.59500122070312,224.53399658203125,133.468994140625,8.202610645109575e-07,5.067538593481468,9.729300542331146e-06,6.265679813446322,6.644996270683259e-07,,0.0,inf
63.5,2.1629317381351947e-06,21.87185628832537,7.869765447303159,8.368947570229237,109.81433766574752,106.74061985362276,216.46600341796875,133.59500122070312,224.83399963378903,133.468994140625,6.008143717042207e-07,6.075515635645936,-4.388933856134985e-06,20.159540843290504,-2.399787553866078e-07,,0.0,inf
63.55,2.609224486821234e-06,21.740950550183538,10.043860502321511,8.676915169821036,109.81433766574752,107.04863204210908,216.46600341796875,133.59500122070312,225.1419982910156,133.468994140625,7.24784579672565e-07,6.039152930606538,2.479404159367027e-06,-0.7272541007880009,-1.0066694871715593e-06,,0.0,inf
63.6,2.4030308789055236e-07,25.074476779220408,12.551308180243554,9.02188412055091,109.81433766574752,107.39364187998443,216.46600341796875,133.59500122070312,225.48699951171875,133.468994140625,6.675085774737565e-08,6.9651324386723354,-1.3160674438502665e-05,18.51959016131437,-1.1702672953111776e-06,,0.0,inf
63.65000000000001,6.865776608078875e-07,24.670838891046447,15.018392069348199,9.37085209824676,109.81433766574752,107.74264407042688,216.46600341796875,133.59500122070312,225.83599853515625,133.468994140625,1.9071601689107986e-07,6.853010803068457,2.47930318287352e-06,-2.2424327120770524,-5.907963182646431e-07,,0.0,inf
63.7,1.201524430806852e-06,27.66324788567597,17.784716857915793,9.751816480537588,109.81433766574752,108.12364164024187,216.46600341796875,133.59500122070312,226.2169952392578,133.468994140625,3.3375678633523667e-07,7.68423552379888,2.8608153888837054e-06,16.62449441461176,3.9032343111561097e-07,,0.0,inf
63.75,1.5448032258456673e-06,27.061012245077425,20.490818082423534,10.132797364729932,109.81433766574752,108.50465360636088,216.46600341796875,133.59500122070312,226.59800720214844,133.468994140625,4.29112007179352e-07,7.51694784585484,1.9071044168824153e-06,-3.345753558880981,1.2215515718366029e-06,,0.0,inf
63.8,1.9592650137724077e-06,29.750907837551843,22.747435259864726,10.542742323402157,109.81433766574752,108.91464348957865,216.46600341796875,133.59500122070312,227.00799560546875,133.47000122070312,5.442402816034466e-07,8.264141065986623,2.302565488482023e-06,14.943864402636496,1.4875415845755307e-06,,0.0,inf
63.85,2.471681719870102e-06,28.999649688016692,24.219139567174395,10.949710968974507,109.81433766574752,109.32164226640009,216.46600341796875,133.59500122070312,227.4149932861328,133.47000122070312,6.865782555194728e-07,8.055458246671304,2.8467594783202815e-06,-4.173656386306027,1.938321126898862e-05,,0.0,inf
63.90000000000001,2.9866354848931487e-06,31.439493232844352,25.65155723344752,11.382696384947105,109.81433766574752,109.75465729297123,216.46600341796875,133.59500122070312,227.84800720214844,133.47000122070312,8.296209680258746e-07,8.733192564678987,2.8608542501273856e-06,13.554686360150585,0.0001045649476644649,,0.0,inf
63.95,3.398580648434338e-06,30.57013275894785,26.884256615688976,11.81066394336039,109.81433766574752,110.18265265379236,216.46600341796875,133.59500122070312,228.2760009765625,133.47000122070312,9.440501801206494e-07,8.49170354415218,2.28858424189595e-06,-4.829780410537092,0.0005133566565488665,,0.0,inf
64.0,6.865779098866261e-08,32.8074789931944,27.977818886175882,12.262634421486402,109.81433766574752,110.63464953688153,216.46600341796875,133.59500122070312,228.72799682617188,133.47000122070312,1.9071608607961836e-08,9.113188609220666,-1.8499571430254803e-05,12.429701301370418,0.0019310000250545606,0.0019298820850046172,0.0,inf
64.05,5.149336186524394e-07,31.8416556111491,28.987889392272443,12.708610344003755,109.81433766574752,111.08064979395655,216.46600341796875,133.59500122070312,229.1739959716797,133.47000122070312,1.4303711629234427e-07,8.844904336430305,2.4793101536877895e-06,-5.365685455807514,0.00556378843770827,,0.0,inf
64.10000000000001,1.0298782693046692e-06,33.916437272714866,29.872085441621884,13.175598486235053,109.81433766574752,111.54766084183916,216.46600341796875,133.59500122070312,229.64100646972656,133.47000122070312,2.860772970290748e-07,9.421232575754129,2.86080361473396e-06,11.526564786473843,0.012185391716470206,,0.0,inf
64.15,1.407488217731557e-06,32.87120117338937,30.69212166985617,13.636576485136814,109.81433766574752,112.00865993964399,216.46600341796875,133.59500122070312,230.1020050048828,133.47000122070312,3.909689493698769e-07,9.13088921483038,2.0978330468161614e-06,-5.806867218475286,0.0200231254824375,,0.0,inf
64.2,1.7507717459383058e-06,34.81528423631764,31.407325304920338,14.115545393802345,109.81433766574752,112.48764880537256,216.46600341796875,133.59500122070312,230.58099365234372,133.47000122070312,4.863254849828627e-07,9.67091228786601,1.9071307122598252e-06,10.80046146071319,0.024088911073193806,,0.0,inf
64.25,0.0493841077698874,33.705147215176154,32.071738801930216,14.587527326293001,109.8143378257022,112.95964919024344,216.46600341796875,133.59500122070312,231.0529937744141,133.47000122070312,0.01371780771385761,9.362540893104487,0.27434642776746815,-6.167427895230797,0.01997995610038216,,0.0,inf
64.3,0.008724837573335342,35.543402808421725,32.6509882990172,15.07750706070621,109.814338015692,113.44965576933069,216.46600341796875,133.59500122070312,231.5429992675781,133.47099304199222,0.0024235659925931504,9.873167446783812,-0.22588483442530202,10.212531073587078,0.009348091871671897,,0.0,inf
64.35000000000001,0.022571435089692317,34.380855011673106,33.18910883138284,15.559485712228456,109.81433804572714,113.93165054135841,216.46600341796875,133.59500122070312,232.0249938964844,133.47099304199222,0.006269843080470088,9.55023750324253,0.07692554175752125,-6.4585988708241855,-0.00048790080332617586,,0.0,inf
64.4,0.009745955284580422,36.1328565803086,33.65844516612926,16.057471382061845,109.81433827564742,114.4296516797872,216.46600341796875,133.59500122070312,232.5229949951172,133.47099304199222,0.0027072098012723396,10.036904605641277,-0.07125266558395901,9.73334204797551,-0.003043820901510487,,0.0,inf
64.45,0.007621943688890491,34.92855214292732,34.094287104527204,16.546455511885142,109.81433827564742,114.91865019673432,216.46600341796875,133.59500122070312,233.01199340820312,133.47099304199222,0.0021172065802473584,9.702375595257589,-0.011800064420500297,-6.690580207674149,0.0026308164930296794,,0.0,inf
64.5,0.023572876247354917,36.61021612865901,34.47456081807368,17.050454761587922,109.81433862570827,115.42266328680643,216.46600341796875,133.59500122070312,233.51600646972656,133.47099304199222,0.00654802117982081,10.16950448018306,0.08861629199147407,9.34257769850994,0.013407805066465592,,0.0,inf
64.55,0.006775964103626552,35.37243119201086,34.82763837615984,17.546428847253495,109.81433877565121,115.91865031730416,216.46600341796875,133.59500122070312,234.01199340820312,133.47099304199222,0.0018822122510073756,9.825675331114127,-0.093316178576274,-6.876582981379045,0.025701188426599852,,0.0,inf
64.60000000000001,0.03957122994721855,36.99649339203467,35.13564398809182,18.05642617571052,109.814338965641,116.42866010828773,216.46600341796875,133.59500122070312,234.5220031738281,133.47099304199222,0.01099200831867182,10.276803720009632,0.18219592135324747,9.022567777908046,0.03723595694598817,,0.0,inf
64.65,0.02447850979526443,35.73217624021576,35.42174149477447,18.55542281635774,109.81533078693614,116.92866019503569,216.4669952392578,133.59500122070312,235.0220031738281,133.47099304199222,0.006799586054240119,9.925604511171043,-0.0838484452886388,-7.023984176772169,0.046966068870521,,0.0,inf
64.7,0.058926267608201924,37.30933067706153,35.671146138848854,19.069403909603434,109.81533094700724,117.44265252726777,216.4669952392578,133.59500122070312,235.53599548339844,133.47099304199222,0.016368407668944977,10.363702965850425,0.19137643229410803,8.761969093588142,0.054784726407383105,,0.0,inf
64.75,0.045618488495021065,36.02377517432769,35.90300893476401,19.573391260519863,109.81633802709135,117.94765748942032,216.46800231933597,133.59500122070312,236.0410003662109,133.47099304199222,0.012671802359728073,10.006604215091025,-0.07393210618434229,-7.141975015188408,0.06116688648099787,,0.0,inf
64.8,0.08208434441692643,37.56276968518721,36.10494562244056,20.090388474244573,109.81732984839178,118.46566385788712,216.468994140625,133.59500122070312,236.5590057373047,133.47200012207028,0.02280120678247956,10.434102690329782,0.20258808845504128,8.549969504775621,0.06664960799935883,,0.0,inf
64.85000000000001,0.07083072496235482,36.25993094982455,36.292853216255715,20.596360614810774,109.81833692847307,118.97265245270212,216.47000122070312,133.59500122070312,237.0659942626953,133.47200012207028,0.019675201378431893,10.07220304161793,-0.06252010808093915,-7.237992974235385,0.07148160350703289,,0.0,inf
64.9,0.10941122556227817,37.76796855436214,36.45636441366106,21.11637107501688,109.81932874978031,119.49366381879,216.4709930419922,133.59500122070312,237.5870056152344,133.47200012207028,0.030392007100632824,10.491102376211705,0.21433611444403078,8.377986691875968,0.07569222315895545,,0.0,inf
64.95,0.09939347991293207,36.45109106568311,36.608618305936645,21.624342963812815,109.82134290993817,120.00365838413877,216.47300720214844,133.59500122070312,238.0970001220703,133.47200012207028,0.027609299975814464,10.125303073800863,-0.05565414249637035,-7.315986048217258,0.079379051815319,,0.0,inf
65.0,0.13860686314286666,37.93392588932557,36.7409892820033,22.146337873499498,109.82233473124545,120.52665338837969,216.4739990234375,133.59500122070312,238.6199951171875,133.47200012207028,0.038501906428574074,10.53720163592377,0.2178521290552046,8.237971242458613,0.08298348127101754,0.08105248124596298,0.0,inf
65.05,0.12923423518861135,36.606247267524985,36.86437088955471,22.65733172370899,109.82433363261305,121.03965392526452,216.4759979248047,133.59500122070312,239.13299560546875,133.47200012207028,0.03589839866350315,10.16840201875694,-0.05207015530142139,-7.375992343337032,0.08736782342331825,,0.0,inf
65.10000000000001,0.16959710715472873,38.06856562301469,36.971578112652715,23.180334431588,109.82633253398585,121.5646630862773,216.47799682617188,133.59500122070312,239.6580047607422,133.47200012207028,0.0471103075429802,10.574601561948525,0.22423817758948994,8.123990863829853,0.0944566722827444,,0.0,inf
65.15,0.16218288032315067,36.7318883456184,37.07154932319297,23.69131369535132,109.82933851543224,122.07865543641016,216.4810028076172,133.59500122070312,240.1719970703125,133.47200012207028,0.04505080008976407,10.203302318227333,-0.04119014906432487,-7.425984874424247,0.10939260464070001,,0.0,inf
65.2,0.20541422805701945,38.17728476702239,37.158344732189065,24.215308852147487,109.83133741680504,122.60465641643015,216.4830017089844,133.59500122070312,240.697998046875,133.47200012207028,0.057059507793616515,10.604801324172886,0.2401741540770625,8.029980118911512,0.1448637027287627,,0.0,inf
65.25,0.20120400725350288,36.8337649158721,37.2393437063435,24.728318098051783,109.83432813946213,123.12066292036062,216.48599243164062,133.59500122070312,241.2140045166016,133.47200012207028,0.05589000201486191,10.231601365520028,-0.023390115575093403,-7.463999173057585,0.2237666479231114,,0.0,inf
65.3,0.2479766627566658,38.265483710243664,37.30961510884914,25.2533056288383,109.83733412091408,123.64866280023186,216.48899841308597,133.59500122070312,241.74200439453125,133.47200012207028,0.06888240632129605,10.62930103062324,0.2598480861286976,7.953993302064707,0.3704380629088229,,0.0,inf
65.35000000000001,0.24634585525068425,36.91620619736524,37.37524263360321,25.765288280393253,109.84133192364996,124.16465502319036,216.4929962158203,133.59500122070312,242.25799560546875,133.47300720214844,0.06842940423630119,10.254501721490344,-0.009060041699895265,-7.4959861826562255,0.5847706682425303,,0.0,inf
65.4,0.4446540288426221,38.33712435610365,37.43215821377736,26.290291664200932,109.84532972650692,124.6936619821989,216.4969940185547,133.59500122070312,242.78700256347656,133.47300720214844,0.12351500801183947,10.649201210028792,1.1017120755108283,7.8939897707694096,0.8165471768126927,,0.0,inf
65.45,0.7278123100271876,36.982803304601866,37.48532943766924,26.797274821967665,109.85533949336084,125.2106602985033,216.5070037841797,133.59500122070312,243.3040008544922,133.47300720214844,0.20217008611866322,10.273000917944962,1.5731015621365643,-7.524005841677026,0.9754163860977583,,0.0,inf
65.5,1.0411489475766402,38.394723217539855,37.53140917049067,27.31426785466277,109.86833998258827,125.74065907823379,216.5200042724609,133.59500122070312,243.83399963378903,133.47300720214844,0.28920804099351116,10.665200893761071,1.740759097497058,7.843999516322617,0.986994165893227,,0.0,inf
65.55,1.2350449626842177,37.037164515849256,37.5745008953231,27.815270017365943,109.88533827401531,126.25866447142091,216.53700256347656,133.59500122070312,244.3520050048828,133.47300720214844,0.34306804519006046,10.288101254402571,1.0772000839310472,-7.541992787170424,0.8503530355523581,,0.0,inf
65.60000000000001,1.242815440687996,38.441521231712095,37.61179645619284,28.3292574715298,109.90233656505531,126.78965507213768,216.5540008544922,133.59500122070312,244.88299560546875,133.47300720214844,0.34522651130222115,10.67820034214225,0.043169322243204085,7.801981754791785,0.6402802231456257,,0.0,inf
65.65,1.3028732626352826,37.08108193992009,37.646715815623004,28.83026419217278,109.91936376703032,127.30766046268991,216.5709991455078,133.59599304199222,245.4010009765625,133.47300720214844,0.3619092396209118,10.300300538866692,0.3336545663738323,-7.557996065511578,0.45429595728850325,,0.0,inf
65.7,1.3400393659160512,38.47968130935228,37.67695546985599,29.342264140506174,109.93838683273695,127.83866632207302,216.58999633789062,133.59500122070312,245.9320068359375,133.47300720214844,0.3722331571989031,10.688800363708966,0.20647835155983738,7.769996496845921,0.3597053364936935,,0.0,inf
65.75,1.3311542646011072,37.116361437058785,37.70521512197465,29.84424351022582,109.95639220396632,128.35865535288588,216.6080017089844,133.59500122070312,246.45199584960938,133.47300720214844,0.3697650735003076,10.310100399182996,-0.049361673971913295,-7.5739992905198195,0.37768239417206684,,0.0,inf
65.8,1.4012503932567504,38.510281472294224,37.729694898179716,30.355240899418483,109.97639647645588,128.88966121228438,216.6280059814453,133.59500122070312,246.9830017089844,133.47300720214844,0.38923622034909733,10.697300408970618,0.38942293697581726,7.744000195752868,0.48989723485808306,,0.0,inf
65.85000000000001,1.500385394334824,37.14516249944014,37.752590528387216,30.85524827427757,109.99638549013588,129.40966644587616,216.6479949951172,133.59500122070312,247.5030059814453,133.4739990234375,0.4167737206485622,10.318100694288928,0.5507500059891726,-7.583994293632069,0.6464293007741866,,0.0,inf
65.9,1.7374324658636773,38.535120721572405,37.772390164934095,31.363224778173088,110.01939574404409,129.94065704659806,216.67100524902344,133.59500122070312,248.03399658203125,133.4739990234375,0.482620129406577,10.704200200436778,1.3169281751603705,7.721990122957449,0.7819528261007931,,0.0,inf
65.95,1.9343774213087173,37.168563142593406,37.79096614873325,31.858231522453934,110.04438964058764,130.46066133270563,216.6959991455078,133.59500122070312,248.5540008544922,133.4739990234375,0.5373270614746437,10.324600872942613,1.0941386413613963,-7.591986549883748,0.8466576747130639,,0.0,inf
66.0,2.095707611071961,38.555280516097945,37.80702187858905,32.36121867384646,110.0733965986774,130.99265901368088,216.7250061035156,133.59500122070312,249.08599853515625,133.4739990234375,0.5821410030755447,10.70980014336054,0.8962788320180713,7.703985408359,0.8315822365290422,0.7485987552580247,0.0,inf
66.05,2.2217548896748487,37.18764139697669,37.82206956670178,32.85122078861617,110.10339537800373,131.5126632984758,216.7550048828125,133.59500122070312,249.6060028076172,133.4739990234375,0.6171541360207913,10.32990038804908,0.7002626589049709,-7.597995106229659,0.7643339095282337,,0.0,inf
66.10000000000001,2.3295102962938667,38.57148182324264,37.83506562585485,33.351217448233875,110.13539305867172,132.04466097967756,216.78700256347656,133.59500122070312,250.13800048828125,133.4739990234375,0.647086193414963,10.71430050645629,0.598641147883298,7.688002368142463,0.6813923789863643,,0.0,inf
66.15,2.4342553399106506,37.20276117157668,37.84723354902051,33.839205612238146,110.16839781941499,132.56565708460454,216.82000732421875,133.59500122070312,250.65899658203125,133.4739990234375,0.6761820388640696,10.334100325437968,0.581916908982165,-7.604003620366881,0.6049986235894035,,0.0,inf
66.2,2.542960990631008,38.584442185968584,37.85770963668214,34.33621175871368,110.20338622273736,133.09765476604616,216.85499572753903,133.59500122070312,251.1909942626953,133.4739990234375,0.7063780529530577,10.717900607213496,0.6039202817797961,7.676005635510999,0.5411740213816809,,0.0,inf
66.25,2.620649572602689,37.2153609877484,37.867609591751105,34.82120939638658,110.23939696493076,133.6186661288488,216.89100646972656,133.59500122070312,251.7120056152344,133.4739990234375,0.7279582146118581,10.337600274374555,0.43160323317603233,-7.606006656779242,0.4914453126716991,,0.0,inf
66.3,2.6894812782736395,38.59523962989243,37.876105407510906,35.31621682621408,110.27638426962872,134.1506638105504,216.9279937744141,133.59500122070312,252.24400329589844,133.4739990234375,0.7470781328537888,10.720899897192343,0.382398364838636,7.6659924563561885,0.4614059984576464,,0.0,inf
66.35000000000001,2.75497982104838,37.225440833405465,37.88413324090745,35.79919708729618,110.31439391319849,134.67166088708507,216.96600341796875,133.59500122070312,252.76499938964844,133.47500610351562,0.7652721725134388,10.340400231501517,0.36388079319291833,-7.60999331381478,0.4587469549054485,,0.0,inf
66.4,2.8320627978433417,38.60388101975317,37.89100927072552,36.293197646563726,110.3533953780538,135.2046656491249,217.0050048828125,133.59500122070312,253.29800415039062,133.47500610351562,0.7866841105120393,10.723300283264768,0.4282387599720349,7.6580010352654515,0.48648512576174685,,0.0,inf
66.45,2.9230350787648582,37.23372168683757,37.89752512514993,36.77419785726871,110.39338866419122,135.72566175163126,217.0449981689453,133.59500122070312,253.81900024414062,133.47500610351562,0.8119541885457939,10.342700468565992,0.5054015606751204,-7.611996293975955,0.5393558939952778,,0.0,inf
66.5,3.0337349691280173,38.61108046547695,37.903105120087844,37.265192592994964,110.43438903040285,136.25765943383206,217.08599853515625,133.59500122070312,254.3509979248047,133.47500610351562,0.8427041580911159,10.725300129299153,0.6149993909064738,7.651993214663664,0.6054938301232436,,0.0,inf
66.55,3.1609627463674848,37.24020011020527,37.908360991410696,37.743186970493795,110.47738829798156,136.77865553573378,217.1289978027344,133.59500122070312,254.8719940185547,133.47500610351562,0.8780452073243012,10.344500030612576,0.7068209846637477,-7.616001973731989,0.6705968743277961,,0.0,inf
66.60000000000001,3.302777380901212,38.616480906203115,37.91286089970674,38.23018717906531,110.52340423704186,137.31166029825621,217.1750030517578,133.59599304199222,255.40499877929688,133.47500610351562,0.9174381613614478,10.726800251723088,0.7878590807427528,7.6460044222085015,0.7220212529202995,,0.0,inf
66.65,3.4485488380749474,37.245600513400895,37.91714483388917,38.704183856214364,110.5704013073626,137.83265639964642,217.2220001220703,133.59599304199222,255.92599487304688,133.47500610351562,0.9579302327985965,10.34600014261136,0.8098414287430183,-7.6160021822349995,0.7517130748037586,,0.0,inf
66.7,3.594258723371252,38.621160375247094,37.920816652817024,39.18820556921564,110.61939727905073,138.36567642118945,217.27099609375,133.59599304199222,256.45901489257807,133.47500610351562,0.9984052009364589,10.728100104235304,0.8094993627572948,7.641999232479336,0.7575069998820673,,0.0,inf
66.75,3.7328770031294662,37.24992289293106,37.92427284333529,39.65818931626421,110.67040741089359,138.88667252214208,217.32200622558597,133.59599304199222,256.98001098632807,133.47500610351562,1.0369102786470739,10.347200803591962,0.7701015542123428,-7.617986012867284,0.7426424113104231,,0.0,inf
66.8,3.8632689247915217,38.624761815628865,37.927225061908935,40.13818283758953,110.72340118531072,139.41966202631792,217.375,133.59599304199222,257.51300048828125,133.47500610351562,1.0731302568865337,10.729100504341352,0.7243995647892388,7.637994014988231,0.7140062446935362,,0.0,inf
66.85000000000001,3.9836168263810894,37.253520872717594,37.930033065840135,40.60517303522548,110.7774020398036,139.94065907100963,217.4290008544922,133.59599304199222,258.03399658203125,133.47599792480472,1.1065602295503025,10.348200242421553,0.6685994532752239,-7.618005238394234,0.6799673346563868,,0.0,inf
66.9,4.0965130390303495,38.6279993373147,37.93244489759629,41.08116890638408,110.83439361695223,140.47364857539569,217.48599243164062,133.59599304199222,258.56698608398443,133.47599792480472,1.1379202886195414,10.729999815920749,0.6272011813848134,7.635991469984348,0.6485122216073942,,0.0,inf
66.95,4.202928880255636,37.256401312106476,37.934712860123184,41.54518672314203,110.89140045289021,140.9946751932693,217.5429992675781,133.59599304199222,259.0880126953125,133.47599792480472,1.1674802445154546,10.349000364474021,0.5911991179182977,-7.619989028934995,0.6258880766948706,,0.0,inf
67.0,4.307832977503511,38.63016226189823,37.93662103976531,42.01817671648428,110.95139801148451,141.52766469783347,217.60299682617188,133.59599304199222,259.62100219726557,133.47599792480472,1.196620271528753,10.730600628305064,0.5828005402660017,7.6320052766212925,0.6156882834924925,-0.21589395303654968,0.0,inf
67.05,4.414212764866826,37.25856077917248,37.93845710666204,42.4801804670942,111.01139557007951,142.04966787792014,217.6629943847656,133.59599304199222,260.1430053710937,133.47599792480472,1.2261702124630072,10.3496002164368,0.590998818685116,-7.620008237365717,0.6183604987678444,,0.0,inf
67.10000000000001,4.525597084579841,38.63232175539016,37.940041191580725,42.949157499016145,111.07439911011913,142.58165030258016,217.7259979248047,133.59599304199222,260.67498779296875,133.47599792480472,1.257110301272178,10.731200487608378,0.6188017761832768,7.632005423429829,0.6312907535483856,,0.0,inf
67.15,4.642776886760803,37.26072025142005,37.94155316538264,43.40716354175873,111.13839447144743,143.10365348242124,217.7899932861328,133.59599304199222,261.19699096679693,133.47599792480472,1.2896602463224454,10.350200069838902,0.6509989010053833,-7.620008355389956,0.6495930060297209,,0.0,inf
67.2,4.766292953450992,38.63376027281264,37.94281315513921,43.87517935132966,111.20339691285368,143.63667350488612,217.85499572753903,133.59599304199222,261.73001098632807,133.47599792480472,1.3239702648474978,10.731600075781287,0.6862003705010878,7.628000118848142,0.6675302215060565,,0.0,inf
67.25,4.893049015593198,37.26216218334761,37.94403708418085,44.3291724208316,111.27039825562728,144.15766960445367,217.9219970703125,133.59599304199222,262.25100708007807,133.47599792480472,1.3591802821092218,10.350600606485449,0.7042003452345204,-7.619989385917208,0.6802150113698069,,0.0,inf
67.3,5.0203810541711595,38.635202225219786,37.94508112513995,44.79315999697625,111.33939849976817,144.69065910945793,217.99099731445312,133.59599304199222,262.78399658203125,133.47599792480472,1.3945502928253222,10.732000618116606,0.7074002143220472,7.6280002326235845,0.6850193680426592,,0.0,inf
67.35000000000001,5.1453372151575305,37.2632401963046,37.94605305749865,45.243152685915696,111.41039764527649,145.2116561821701,218.0619964599609,133.59599304199222,263.30499267578125,133.47700500488278,1.4292603375437585,10.350900054529056,0.6942008943685682,-7.622011271749266,0.6821286173364991,,0.0,inf
67.4,5.267017320416581,38.63591976728342,37.94684510049552,45.70317308427439,111.48339569215165,145.74467620488002,218.13499450683597,133.59599304199222,263.8380126953125,133.47700500488278,1.4630603667823836,10.732199935356505,0.676000584772541,7.625997616549405,0.6740648175012571,,0.0,inf
67.45,5.385421202721329,37.264321645283815,37.94763713381326,46.15113910926407,111.5574008191048,146.26664886658918,218.20899963378903,133.59599304199222,264.3599853515625,133.47700500488278,1.495950334089258,10.351200457023282,0.6577993461375239,-7.619989566664891,0.6644565031431576,,0.0,inf
67.5,5.500945503920544,38.63700123217382,37.94832103084081,46.60916067380745,111.63239776734699,146.7996688894042,218.28399658203125,133.59599304199222,264.8930053710937,133.47700500488278,1.5280404177557068,10.732500342270507,0.6418016733290132,7.625997704944936,0.6565266419369493,,0.0,inf
67.55,5.616037193722731,37.265042608015634,37.948969213725135,47.05215240712757,111.71040069703452,147.3206649884809,218.36199951171875,133.59599304199222,265.4140014648437,133.47700500488278,1.5600103315896474,10.351400724448787,0.6393982766788494,-7.621992356434831,0.6517866163165221,,0.0,inf
67.60000000000001,5.732749374251821,38.63772220887903,37.94950925907403,47.506145720877456,111.78939544801113,147.85365449382462,218.4409942626953,133.59599304199222,265.94699096679693,133.47700500488278,1.5924303817366168,10.732700613577508,0.6484010029392397,7.625997782572689,0.6496109029496747,,0.0,inf
67.65,5.851369561596376,37.26576013997735,37.95001324792976,47.94814568925489,111.86939727906582,148.37565767284462,218.52099609375,133.59599304199222,266.468994140625,133.47700500488278,1.625380433776771,10.351600038882598,0.6590010408031218,-7.62201149389864,0.6483970885851502,,0.0,inf
67.7,5.97189734993991,38.63807926400149,37.95044514704864,48.39815901047255,111.9524112004665,148.90867769586154,218.60400390625,133.59700012207028,267.00201416015625,133.47700500488278,1.6588603749833084,10.73279979555597,0.6695988241307863,7.623995133467865,0.6479313243740543,,0.0,inf
67.75,6.082777331872934,37.266481106743576,37.95087703938824,48.8351541386274,112.03641083425558,149.42967379470088,218.68800354003903,133.59700012207028,267.52301025390625,133.47700500488278,1.6896603699647037,10.351800307428771,0.6159998996279409,-7.6199897625443995,0.6507295378710991,,0.0,inf
67.8,6.192361691578501,38.63843975264553,37.95120079213081,49.283150845924474,112.12140228933386,149.9626633002189,218.7729949951172,133.59700012207028,268.05599975585943,133.47700500488278,1.720100469882917,10.732899931290426,0.6088019983643003,7.621992477233526,0.6602111365595844,,0.0,inf
67.85000000000001,6.3136095377468004,37.26684158634553,37.95156093113491,49.718147125740344,112.20840790456828,150.48466647903132,218.8600006103516,133.59700012207028,268.5780029296875,133.47700500488278,1.7537804271518889,10.351900440651535,0.6735991453792844,-7.619989812776077,0.6769560791692344,,0.0,inf
67.9,6.442453471229613,38.63880024163321,37.95184897856989,50.16212846717618,112.29741242116991,151.01765690744654,218.94900512695312,133.59700012207028,269.11099243164057,133.47799682617188,1.7895704086748925,10.733000067120336,0.7157996304601129,7.621992529376456,0.6970692056639841,,0.0,inf
67.95,6.575761454173873,37.26720206709589,37.952137020751096,50.59312701987352,112.38740875906082,151.53865300611662,219.03900146484372,133.59700012207028,269.63198852539057,133.47799682617188,1.8266004039371868,10.352000574193301,0.7405999052459288,-7.619989858541139,0.7144877691082887,,0.0,inf
68.0,6.710293819536414,38.639160730840366,37.95235297061775,51.03314351384026,112.48041107839727,152.0716730293552,219.1320037841797,133.59700012207028,270.16500854492193,133.47799682617188,1.8639705054267817,10.733100203011213,0.7474020297919396,7.621992576358679,0.7247273241236465,0.109039040631154,0.0,inf
68.05,6.8436378608363135,37.26756254923951,37.95260496474013,51.4611513924347,112.57440521902276,152.5936762080211,219.2259979248047,133.59700012207028,270.68701171875,133.47799682617188,1.901010516898976,10.352100708122085,0.7408002294439274,-7.619989897782993,0.7267869820956561,,0.0,inf
68.10000000000001,6.974533590248084,38.639521220174615,37.952784865869695,51.897124358113906,112.67041351980438,153.125658633674,219.32200622558597,133.59700012207028,271.218994140625,133.47799682617188,1.9373704417355788,10.733200338937392,0.7271984967318924,7.621992616304397,0.7226007503759985,,0.0,inf
68.15,7.1027299180830825,37.26756254329759,37.952965106201724,52.321134482286396,112.76840546316393,153.6476618122777,219.4199981689453,133.59700012207028,271.74099731445307,133.47799682617188,1.9729805328008563,10.352100706471553,0.7122018213055897,-7.621992649317207,0.715422917797802,,0.0,inf
68.2,7.228801512077163,38.63952122076847,37.953109301878406,52.75411677043671,112.86841156667965,154.18065131804718,219.5200042724609,133.59700012207028,272.27398681640625,133.47799682617188,2.008000420021434,10.733200339102353,0.700397744411596,7.621992652616434,0.7084087759660829,,0.0,inf
68.25,7.3537581658675375,37.267919594007566,37.95325315060481,53.17414439614955,112.96940949148431,154.70167793410332,219.6210021972656,133.59700012207028,272.79501342773443,133.47799682617188,2.0427106016298713,10.352199887224323,0.6942036321687833,-7.62000903756104,0.7037987345615299,,0.0,inf
68.3,7.478677912752633,38.63988171036993,37.95339734637726,53.604136004210545,113.07240631765623,155.23466743991858,219.7239990234375,133.59700012207028,273.3280029296875,133.47799682617188,2.077410531320176,10.733300475102757,0.6939985938061305,7.622011757569112,0.7026480338084459,,0.0,inf
68.35000000000001,7.6044980087454395,37.26791958928879,37.953505146671574,54.02114243026889,113.1774020451953,155.75667061842492,219.82899475097656,133.59700012207028,273.85000610351557,133.47799682617188,2.1123605579848443,10.352199885913551,0.6990005332932112,-7.622011783782384,0.7049292470551834,,0.0,inf
68.4,7.73175833493138,38.639881711117184,37.95361329361997,54.447118827656276,113.28441193289059,156.2896610757163,219.93600463867188,133.59700012207028,274.38299560546875,133.47900390625,2.14771064859205,10.733300475310328,0.7070018121441504,7.622011787935968,0.7098439206207572,,0.0,inf
68.45,7.860746388116356,37.26828007485093,37.953721094395476,54.859120430368755,113.39340546316404,156.81065717410243,220.0449981689453,133.59700012207028,274.90399169921875,133.47900390625,2.183540663365654,10.352300020791924,0.7166002954721281,-7.620009090368505,0.71619872236552,,0.0,inf
68.5,7.991282026894134,38.639881711967675,37.95379319250822,55.282141027693825,113.5034106834402,157.343677197574,220.15499877929688,133.59800720214844,275.43701171875,133.47900390625,2.219800563026148,10.733300475546576,0.7251979932099196,7.620009095093472,0.7226800248074072,,0.0,inf
68.55,8.12307764972166,37.26828007189314,37.95386494477357,55.69214374633317,113.615410195159,157.8656803759939,220.2669982910156,133.59800720214844,275.95901489257807,133.47900390625,2.2564104582560165,10.352300019970317,0.7321979045974086,-7.620009111525626,0.7277984635998075,,0.0,inf
68.60000000000001,8.255774499260419,38.64024220169604,37.95393704292572,56.11113388624469,113.729408608245,158.39866988192009,220.3809967041016,133.59800720214844,276.49200439453125,133.47900390625,2.293270694239005,10.733400611582233,0.7372047196596043,7.622011832236603,0.7292902887562442,,0.0,inf
68.65,8.389046396606258,37.26828006899484,37.95400879549544,56.51613176073761,113.84540592269819,158.9196659802403,220.4969940185547,133.59800720214844,277.01300048828125,133.47900390625,2.3302906657239606,10.352300019165233,0.7403994296991522,-7.622011848340449,0.7231891744795546,,0.0,inf
68.7,8.522677930351886,38.64024220264189,37.95408089368279,56.93211595314328,113.96241031722948,159.4526554861898,220.61399841308597,133.59800720214844,277.54598999023443,133.47900390625,2.3674105362088573,10.73340061184497,0.7423974096979769,7.622011853595197,0.7038039616996474,,0.0,inf
68.75,8.656454517319112,37.26828006689557,37.95411694097158,57.33412313723717,114.08240543441704,159.9746586645491,220.73399353027344,133.59800720214844,278.0679931640625,133.47900390625,2.404570699255309,10.352300018582103,0.743203260929073,-7.622011865257797,0.6664017200530347,,0.0,inf
68.8,8.778278318206409,38.640242203521744,37.95415299028676,57.746140078744354,114.20340763168268,160.50767868810468,220.85499572753903,133.59800720214844,278.6010131835937,133.47900390625,2.4384106439462245,10.733400612089373,0.6767988938183519,7.622011870145833,0.6124085592036702,,0.0,inf
68.85000000000001,8.870006415444397,37.2682800651462,37.95418903787249,58.14413423405842,114.32640873031583,161.0286747863694,220.97799682617188,133.59800720214844,279.1220092773437,133.47900390625,2.463890670956777,10.352300018096166,0.5096005402109323,-7.6220118798623995,0.5529619807726207,,0.0,inf
68.9,8.940961770791208,38.6402422045087,37.95422508721165,58.553112699718284,114.45041690902964,161.56166521519225,221.1020050048828,133.59800720214844,279.65499877929693,133.47999572753906,2.4836004918864467,10.733400612363528,0.3941964185934179,7.622011885347682,0.5059029240104451,,0.0,inf
68.95,9.010910339290536,37.26864055242295,37.95426113496885,58.951122150250384,114.57440982895578,162.08366839350143,221.2259979248047,133.59800720214844,280.177001953125,133.47999572753906,2.5030306498029264,10.35240015345082,0.38860315832961667,-7.620009178254612,0.48692390598584356,,0.0,inf
69.0,9.089066032702878,38.64024220546696,37.95429718431877,59.358105742799815,114.70042081236731,162.6166578995214,221.3520050048828,133.5989990234375,280.70999145507807,133.47999572753906,2.5247405646396883,10.733400612629712,0.4341982967352623,7.620009183578283,0.5016441929868368,-0.22308313113680966,0.0,inf
69.05,9.181945991822632,37.26864055148318,37.95433323227779,59.752102148151074,114.8274197137368,163.13765399773612,221.47900390625,133.5989990234375,281.23098754882807,133.47999572753906,2.550540553284064,10.352400153189771,0.5159997728875458,-7.620009188799244,0.5442028272904025,,0.0,inf
69.10000000000001,9.291998102806764,38.64024220640822,37.95433323274901,60.156123569444844,114.95641751647163,163.67067402135746,221.6080017089844,133.5989990234375,281.7640075683594,133.47999572753906,2.5811105841129898,10.733400612891172,0.6114006165783734,7.620009194026282,0.6016735880790527,,0.0,inf
69.15,9.417170141493731,37.26864055050947,37.954369280900465,60.54812109796882,115.08642239928415,164.1926771996267,221.73800659179688,133.5989990234375,282.2860107421875,133.47999572753906,2.6158805948593695,10.352400152919296,0.6954002149276346,-7.620009199437952,0.6599716150195355,,0.0,inf
69.2,9.552422152935595,38.640242207419185,37.954369281378206,60.94912130550675,115.21841092467558,164.72566670568443,221.8699951171875,133.5989990234375,282.8190002441406,133.47999572753906,2.653450598037665,10.733400613171996,0.7514000635659529,7.620009205054437,0.7080306784661976,,0.0,inf
69.25,9.693326104462553,37.26864054980664,37.954405329669314,61.33710579970927,115.351421788935,165.2466628038742,222.0030059814453,133.5989990234375,283.3399963378906,133.47999572753906,2.6925905845729314,10.352400152724067,0.7827997307053726,-7.6200092089590115,0.7394912833696421,,0.0,inf
69.3,9.835742399534476,38.64024220837285,37.95440533015442,61.73409297277975,115.48742337585115,165.77965230994135,222.13900756835938,133.5989990234375,283.87298583984375,133.47999572753906,2.7321506665373545,10.7334006134369,0.7912016392885063,7.620009214257102,0.7525989014192477,,0.0,inf
69.35000000000001,9.975529702800042,37.26864054909551,37.95444137854936,62.118110207624596,115.62540860534523,166.30165548818582,222.2769927978516,133.5989990234375,284.3949890136719,133.47999572753906,2.770980473000012,10.35240015252653,0.77659612925297,-7.620009218205696,0.74949057780532,,0.0,inf
69.4,10.110349966740477,38.64024220933384,37.95444137903187,62.511112953371786,115.76542325378406,166.83467646322538,222.41700744628903,133.5989990234375,284.9280090332031,133.48100280761722,2.8084305463167993,10.733400613703845,0.7490014663357928,7.620009223546738,0.7357596309536113,,0.0,inf
69.45,10.23901445975324,37.26864054874875,37.954441378664455,62.8911171628814,115.906414464722,167.35567256139018,222.55799865722656,133.5989990234375,285.4490051269531,133.48100280761722,2.8441706832647893,10.352400152430208,0.7148027389598395,-7.6200092254731615,0.7200276115604511,,0.0,inf
69.5,10.355834301811518,38.640242210330726,37.95444137915082,63.28010879239314,116.05041165710492,167.8886620674811,222.70199584960938,133.5989990234375,285.98199462890625,133.48100280761722,2.876620639392088,10.733400613980757,0.6489991225460137,7.620009231011416,0.7120778705441371,,0.0,inf
69.55,10.472726242287779,37.268640548684736,37.95444137887098,63.65811599486296,116.19441237107681,168.41066524570078,222.8459930419922,133.60000610351562,286.5039978027344,133.48100280761722,2.9090906228577165,10.352400152412427,0.6493996693126038,-7.6200092313670424,0.7188582998892942,,0.0,inf
69.60000000000001,10.603765666921747,38.640242211301214,37.95444137936028,64.04410165297533,116.34141554490496,168.94365475180118,222.9929962158203,133.60000610351562,287.0369873046875,133.48100280761722,2.945490463033819,10.733400614250337,0.7279968035218808,7.6200092367564745,0.7405693604071518,,0.0,inf
69.65,10.745569992118218,37.268640548565905,37.95444137916592,64.41711736977467,116.48942579881128,169.46468136752415,223.14100646972656,133.60000610351562,287.5580139160156,133.48100280761722,2.9848805533661715,10.352400152379419,0.7878018066470996,-7.620009237418806,0.7704129000946771,,0.0,inf
69.7,10.895221805192255,38.64024221222593,37.9544413796466,64.79910524754985,116.64042677537417,169.9976708736389,223.29200744628903,133.60000610351562,288.09100341796875,133.48100280761722,3.026450501442293,10.733400614507202,0.8313989615224788,7.620009242556101,0.7985792145110255,,0.0,inf
69.75,11.048869892170934,37.268640548625406,37.95444137952847,65.16911500271314,116.79241957322657,170.51967405183888,223.44400024414062,133.60000610351562,288.6130065917969,133.48100280761722,3.069130525603037,10.352400152395946,0.8536004832149265,-7.6200092422255565,0.8171835877197142,,0.0,inf
69.8,11.202301684983924,38.64024221324674,37.95444138001586,65.54710509916411,116.94741835252421,171.05266355795362,223.5989990234375,133.60000610351562,289.14599609375,133.48100280761722,3.11175046805109,10.73340061479076,0.8523988489611107,7.620009247896718,0.8228721991008126,,0.0,inf
69.85000000000001,11.352494234559543,37.26864054890194,37.9544413799965,65.91110291527964,117.10441603318894,171.57365965607892,223.7559967041016,133.60000610351562,289.6669921875,133.48100280761722,3.1534706207109844,10.352400152472761,0.8344030531976955,-7.620009246358252,0.8166555120025951,,0.0,inf
69.9,11.497754083921768,38.64024221415187,37.95444138047829,66.28512574695128,117.26341261522056,172.10667967978102,223.9149932861328,133.60000610351562,290.20001220703125,133.48100280761722,3.1938205788671574,10.733400615042186,0.8069991631235066,7.620009251388929,0.8023332004978952,,0.0,inf
69.95,11.63786585149569,37.26864054898103,37.954441380501535,66.6460853184457,117.42442335740816,172.62865328268722,224.0760040283203,133.60000610351562,290.72198486328125,133.48199462890622,3.232740514304358,10.352400152494731,0.7783987087440546,-7.620009250949529,0.7847416501653113,,0.0,inf
70.0,11.773910048914695,38.64024221510046,37.9544413809785,67.01710219642878,117.58642592088474,173.1616733063941,224.23800659179688,133.60000610351562,291.2550048828125,133.48199462890622,3.270530569142971,10.733400615305682,0.7558010967723024,7.620009256219447,0.7683887908167963,0.2667445978299595,0.0,inf
70.05,11.907217960068113,37.26864054939446,37.95444138104947,67.37310619922296,117.7514221880497,173.6826694045046,224.4029998779297,133.60099792480472,291.7760009765625,133.48199462890622,3.3075605444633647,10.352400152609572,0.7405995064079173,-7.620009253922618,0.7566437205427143,,0.0,inf
70.10000000000001,12.039374038604928,38.64059927173716,37.954477087093075,67.73908768740806,117.91842963433884,174.21565891064327,224.57000732421875,133.60099792480472,292.3089904785156,133.48199462890622,3.3442705662791465,10.733499797704766,0.7342004363154704,7.621992901902147,0.7514141371216423,,0.0,inf
70.15,12.172286267231913,37.26864054998728,37.95447708723521,68.09309104984604,118.08642890191703,174.73766208881855,224.73800659179688,133.60099792480472,292.83099365234375,133.48199462890622,3.3811906297866425,10.352400152774244,0.7384012701499618,-7.621992898610877,0.7531285015960412,,0.0,inf
70.2,12.307502198198126,38.640242217026476,37.95447708771526,68.456112349334,118.25642707086243,175.27068211253498,224.9080047607422,133.60099792480472,293.364013671875,133.48199462890622,3.4187506106105903,10.733400615840688,0.7511996164789975,7.620009261329315,0.7608894972514725,,0.0,inf
70.25,12.445994297857807,37.268640550127,37.95447708786543,68.80511084774587,118.42842414117493,175.7916782106355,225.0800018310547,133.60099792480472,293.885009765625,133.48199462890622,3.457220638293835,10.352400152813056,0.76940055366494,-7.620009260553083,0.7727806264447366,,0.0,inf
70.3,12.588158228070435,38.64059927365211,37.95451279390596,69.16410384420516,118.60242011285463,176.32466771677898,225.2539978027344,133.60099792480472,294.4179992675781,133.48199462890622,3.496710618908454,10.733499798236696,0.7897996122924238,7.621992908473246,0.7863453028500077,,0.0,inf
70.35000000000001,12.733418088959393,37.26864055068521,37.95451279408429,69.51011163500847,118.7784149859015,176.8466708949493,225.42999267578125,133.60099792480472,294.94000244140625,133.48199462890622,3.537060580266498,10.352400152968114,0.8069992271606926,-7.621992905369916,0.7991688993940693,,0.0,inf
70.4,12.880766188311727,38.64059927460333,37.95454850012944,69.8650915865161,118.95642401910472,177.37966040110229,225.6080017089844,133.60099792480472,295.4729919433594,133.48199462890622,3.5779906078643684,10.733499798500926,0.8186005519574578,7.621992910656672,0.8093928901681212,,0.0,inf
70.45,13.029266148965034,37.268640551211426,37.954548500352466,70.20609281201635,119.13641669488608,177.90065747253956,225.7879943847656,133.60099792480472,295.9939880371094,133.48300170898438,3.6192405969347314,10.352400153114285,0.8249997814073076,-7.621992907733251,0.8159973072503812,,0.0,inf
70.5,13.17801758645201,38.64059927555487,37.954584206397904,70.55611368274718,119.31941535211271,178.4336774962703,225.9709930419922,133.60099792480472,296.5270080566406,133.48300170898438,3.6605604406811136,10.73349979876524,0.826396874927691,7.621992913019547,0.8188155498395693,,0.0,inf
70.55,13.326230006029705,37.26864055194866,37.95458420665333,70.8941123318497,119.50342384531713,178.95568067443563,226.15499877929688,133.60200500488278,297.04901123046875,133.48300170898438,3.7017305572304737,10.35240015331907,0.8234023309872487,-7.621992908923836,0.8183752584914928,,0.0,inf
70.60000000000002,13.47343392266114,38.64059927652526,37.954584207132136,71.24109670899833,119.68942848398912,179.4886701805886,226.34100341796875,133.60200500488278,297.5820007324219,133.48300170898438,3.7426205340725387,10.733499799034794,0.817799536840881,7.621992914310569,0.8156795667776412,,0.0,inf
70.65,13.619413895306602,37.26864055238378,37.954584207371795,71.57309698002423,119.87842384531729,180.0096662786793,226.52999877929688,133.60200500488278,298.1029968261719,133.48300170898438,3.783170526474056,10.35240015343994,0.8109998480306236,-7.621992911899695,0.8119799712650426,,0.0,inf
70.7,13.764278060253346,38.640599277476156,37.95461991341677,71.91608356907172,120.06842628672352,180.54265578483228,226.72000122070312,133.60200500488278,298.635986328125,133.48300170898438,3.823410572292596,10.733499799298931,0.8048009163708438,7.621992917180272,0.8085411261444746,,0.0,inf
70.75,13.908458161566632,37.2686405530253,37.954619913706594,72.24608495003973,120.26042762949696,181.06465896298783,226.91200256347656,133.60200500488278,299.1579895019531,133.48300170898438,3.8634606004351753,10.352400153618138,0.8010005628516315,-7.621992913616296,0.8064051381284932,,0.0,inf
70.8,14.052638255445125,38.64059927843475,37.95461991418485,72.58411244803212,120.45541969492665,181.59767898671853,227.10699462890625,133.60200500488278,299.6910095214844,133.48300170898438,3.9035106265125346,10.733499799565207,0.8010005215472316,7.621992918941814,0.8062034424305897,,0.0,inf
70.85000000000002,14.197358257639374,37.26864055376815,37.95461991449315,72.90910896107928,120.65141884043446,182.11867508479932,227.3029937744141,133.60200500488278,300.2120056152344,133.48300170898438,3.9437106271220483,10.352400153824487,0.8040000121898644,-7.621992914810507,0.8080782057789693,,0.0,inf
70.9,14.342977722689811,38.64059927939131,37.95461991497195,73.24408471352919,120.84943214609852,182.6516645909618,227.5010070800781,133.60200500488278,300.7449951171875,133.48300170898438,3.9841604785249474,10.73349979983092,0.8089970280582565,7.6219929201312615,0.8117343479833898,,0.0,inf
70.95,14.489822003187747,37.26864055464058,37.954619915314865,73.56509709788581,121.05042091562977,183.17366871135638,227.70199584960938,133.60200500488278,301.2669982910156,133.48399353027344,4.02495055644104,10.352400154066826,0.8158015583219067,-7.621992915282306,0.8165622029897219,,0.0,inf
71.0,14.637890221850476,38.64059928034694,37.95461991579407,73.89607506780688,121.25243202402821,183.70665821751885,227.9040069580078,133.60200500488278,301.79998779296875,133.48399353027344,4.066080617180687,10.733499800096372,0.8226012147929863,7.621992920591339,0.8217551764856532,0.053366385668856875,0.0,inf
71.05,14.787146353656068,37.26864055541272,37.95461991614047,74.21211628905345,121.45742099572836,184.2276848331776,228.10899353027344,133.60299682617188,302.3210144042969,133.48399353027344,4.107540653793352,10.352400154281312,0.8292007322533418,-7.621992916301615,0.8264559049900795,,0.0,inf
71.10000000000002,14.937374093733569,38.64059928130545,37.95461991661849,74.53810464161923,121.66442172815027,184.76067433934014,228.3159942626953,133.60299682617188,302.85400390625,133.48399353027344,4.149270581592658,10.733499800362624,0.8345985559856921,7.621992921622338,0.8301706341731174,,0.0,inf
71.15,15.088321095969643,37.26864055618551,37.954619916998666,74.85209960411619,121.87242954065027,185.2826775174908,228.5240020751953,133.60299682617188,303.3760070800781,133.48399353027344,4.191200304436012,10.352400154495975,0.8385944568673604,-7.621992917335596,0.8337097109257645,,0.0,inf
71.2,15.239594248513301,38.64059928231165,37.95461991748222,75.17409016604373,122.08342807580657,185.8156670236533,228.7350006103516,133.60299682617188,303.90899658203125,133.48399353027344,4.233220624587028,10.733499800642123,0.8404064030203651,7.621992922923411,0.8401530644808046,,0.0,inf
71.25,15.38434941416806,37.268640556874146,37.954619917867106,75.48208843859405,122.29642551233,186.3366631217341,228.947998046875,133.60299682617188,304.42999267578125,133.48399353027344,4.273430392824461,10.352400154687263,0.8041953647487179,-7.621992919097636,0.8542070454893076,,0.0,inf
71.3,15.532273446570914,38.640599283263114,37.95461991834994,75.80011172697246,122.51142185022064,186.86968314547929,229.1629943847656,133.60299682617188,304.9630126953125,133.48399353027344,4.314520401825254,10.73349980090642,0.8218001800158993,7.6219929243835765,0.8789367961993315,,0.0,inf
71.35000000000002,15.69744262542315,37.268640557599284,37.95461991873305,76.10507351052442,122.72843234826756,187.39165580605209,229.3800048828125,133.60299682617188,305.4849853515625,133.48399353027344,4.360400729284208,10.35240015488869,0.9176065491786214,-7.621992920350715,0.9119363499364679,,0.0,inf
71.4,15.874382584753757,38.640599284187296,37.95461991921265,76.41909900741894,122.94742648889287,187.92467582979717,229.5989990234375,133.60299682617188,306.01800537109375,133.48399353027344,4.4095507179871545,10.733499801163138,0.9829997740592566,7.62199292549156,0.9448196636592342,,0.0,inf
71.45,16.057945253509956,37.268640558518136,37.9546199196004,76.71809306210763,123.16942661096391,188.44567290120983,229.8209991455078,133.60299682617188,306.53900146484375,133.48500061035156,4.46054034819721,10.352400155143927,1.019792604201162,-7.621992920384642,0.9671314370353812,,0.0,inf
71.5,16.242266678037883,38.64059928514115,37.95461992007983,77.02607609803731,123.39443271448047,188.97866240738196,230.04600524902344,133.60299682617188,307.0719909667969,133.48500061035156,4.511740743899412,10.733499801428097,1.0240079140441032,7.621992925683834,0.9717231605025702,,0.0,inf
71.55,16.421869120271815,37.26864055930493,37.95461992046904,77.32109072403523,123.62142469460835,189.5006655855228,230.2729949951172,133.60400390625,307.593994140625,133.48500061035156,4.561630311186615,10.35240015536248,0.9977913457441224,-7.621992921312788,0.9583479324350741,,0.0,inf
71.60000000000002,16.592869621704395,38.640599286108134,37.95461992094931,77.62409940007585,123.85143568093693,190.0336856092681,230.5030059814453,133.60400390625,308.12701416015625,133.48500061035156,4.609130450473443,10.733499801696704,0.9500027857360684,7.621992926680585,0.9343301317480832,,0.0,inf
71.65,16.74612204457201,37.26864056024522,37.95461992135528,77.91410760514255,124.08242322976507,190.55468170733926,230.73399353027344,133.60400390625,308.64801025390625,133.48500061035156,4.65170056793667,10.352400155623672,0.8514023492648333,-7.621992921463245,0.911923347090982,,0.0,inf
71.7,16.893002387530448,38.64059928704306,37.95461992182841,78.21308797093873,124.31643201882765,191.08767121351138,230.96800231933597,133.60400390625,309.1809997558594,133.48500061035156,4.692500663202902,10.733499801956405,0.8160019053246901,7.6219929266551105,0.9025171646434713,,0.0,inf
71.75,17.052158233665896,37.26864056113363,37.954619922254366,78.49909838295117,124.55242445046835,191.6096743916523,231.20399475097656,133.60400390625,309.7030029296875,133.48500061035156,4.736710620462749,10.352400155870452,0.8841991451969881,-7.621992921719503,0.9105302635006882,,0.0,inf
71.8,17.220422448658432,38.640599288012716,37.95461992272933,78.79408095571877,124.79043104226524,192.1426638978196,231.44200134277344,133.60400390625,310.2359924316406,133.48500061035156,4.783450680182898,10.733499802225754,0.9348011944030253,7.621992927106483,0.9314896240136629,,0.0,inf
71.85000000000002,17.396857745428598,37.26864056197349,37.95461992316675,79.07407941648992,125.03142835671837,192.66365999589055,231.68299865722656,133.60400390625,310.7569885253906,133.48500061035156,4.832460484841277,10.352400156103748,0.9801960931670765,-7.621992922436229,0.9555782393774275,,0.0,inf
71.9,17.578909817306823,38.64059928898926,37.95461992364696,79.36410289327084,125.27442457253885,193.19668001964047,231.92599487304688,133.60400390625,311.2900085449219,133.48500061035156,4.883030504807451,10.733499802497017,1.011400399323826,7.621992927867971,0.9732309009956376,,0.0,inf
71.95,17.761322381019834,37.26864056279041,37.95461992407417,79.64010356032044,125.52042676980473,193.7186831977812,232.1719970703125,133.60400390625,311.81201171875,133.48500061035156,4.933700661394398,10.352400156330669,1.013403131739001,-7.62199292332739,0.9787908685339007,,0.0,inf
72.0,17.940061384552454,38.64059928987539,37.9546199245476,79.92509017631349,125.76842786843777,194.25167362677502,232.4199981689453,133.60400390625,312.3450012207031,133.48599243164062,4.9833503845979035,10.733499802743163,0.992994464070168,7.6219929282503145,0.9711087393951885,0.14935356290953528,0.0,inf
72.05,18.11394754550279,37.26864056369587,37.95461992498669,80.19508036267256,126.01943694295215,194.7726697248461,232.67100524902344,133.60499572753906,312.8659973144531,133.48599243164062,5.031652095972997,10.352400156582185,0.9660342275019235,-7.621992923219992,0.9522329577781236,,0.0,inf
72.10000000000002,18.282099507508672,38.6405992908685,37.954619925462744,80.47507883607719,126.27242769541157,195.30565923101838,232.9239959716797,133.60499572753906,313.39898681640625,133.48599243164062,5.078360974307964,10.733499803019027,0.9341775666988655,7.621992928732952,0.9257466987341223,,0.0,inf
72.15,18.443305805079028,37.268640564525214,37.954619925890725,80.74207683597666,126.52743258290684,195.82766240915925,233.1790008544922,133.60499572753906,313.9209899902344,133.48599243164062,5.123140501410841,10.352400156812559,0.8955905420578459,-7.621992924131972,0.895710578375076,,0.0,inf
72.2,18.59742155924449,38.64059929179029,37.95461992636545,81.01809277318625,126.7844363672662,196.36068243290933,233.43600463867188,133.60499572753906,314.4540100097656,133.48599243164062,5.16595043312347,10.73349980327508,0.8561986342526271,7.621992929250865,0.8662537229921938,,0.0,inf
72.25,18.74527351728797,37.26864056550023,37.95461992680212,81.27909407879703,127.04443087428987,196.88167853098042,233.6959991455078,133.60499572753906,314.9750061035156,133.48599243164062,5.20702042146888,10.352400157083396,0.8213997669082508,-7.621992923834114,0.8411990997021088,,0.0,inf
72.3,18.8892030159508,38.6405992927762,37.95461992727847,81.55108170366874,127.30543246183572,197.4146680371525,233.95700073242188,133.60499572753906,315.50799560546875,133.48599243164062,5.247000837764111,10.733499803548945,0.799608325904667,7.6219929293114035,0.8231615313716671,,0.0,inf
72.35000000000002,19.032087065898406,37.26864056632696,37.954619927713814,81.80909229339224,127.56942477219192,197.93667121529325,234.2209930419922,133.60499572753906,316.0299987792969,133.48599243164062,5.286690851638446,10.352400157313044,0.7938002774862898,-7.621992924714123,0.8120737823865933,,0.0,inf
72.4,19.1763014782803,38.64059929369537,37.954619928184414,82.07610702832619,127.83442607617069,198.46868415897305,234.48599243164062,133.60600280761722,316.56201171875,133.48599243164062,5.326750410633417,10.733499803804268,0.8011911798996852,7.621992929827079,0.8036967744546863,,0.0,inf
72.45,19.323614384666293,37.268640567242095,37.954619928629576,82.33010455974983,128.10243144782604,198.9906873371138,234.7539978027344,133.60600280761722,317.0840148925781,133.48599243164062,5.367670662407304,10.352400157567248,0.8184050354777849,-7.621992924740837,0.7894909861329804,,0.0,inf
72.5,19.475029995819654,38.640599294681074,37.95461992911015,82.59308805392122,128.37243572068877,199.52367779472053,235.0240020751953,133.60600280761722,317.61700439453125,133.48699951171878,5.409730554394348,10.733499804078075,0.8411978397409338,7.62199293021699,0.7597191310656453,,0.0,inf
72.55,19.619462489659327,37.26864056805325,37.95461992954589,82.84308779464644,128.64343181471023,200.04467389279148,235.2949981689453,133.60600280761722,318.13800048828125,133.48699951171878,5.449850691572035,10.35240015779257,0.802402743553784,-7.6219929257105505,0.7098857496533167,,0.0,inf
72.60000000000002,19.735057502405613,38.64059929561618,37.954619930020655,83.10207495540722,128.9174338900877,200.57766339896355,235.56900024414062,133.60600280761722,318.6709899902344,133.48699951171878,5.481960417334893,10.733499804337827,0.642194515256831,7.621992930901245,0.6464688059045514,,0.0,inf
72.65,19.823689647336952,37.26864056908649,37.95461993047679,83.34908397972589,129.19242778670716,201.0996665771043,235.843994140625,133.60600280761722,319.1929931640625,133.48699951171878,5.506580457593597,10.35240015807958,0.49240080517425705,-7.621992925167517,0.5861707675130484,,0.0,inf
72.7,19.904293191233663,38.64059929662774,37.95461993096053,83.60610276191525,129.46842876336487,201.63268660085427,236.1199951171875,133.60600280761722,319.72601318359375,133.48699951171878,5.52897033089824,10.733499804618816,0.4477974660928729,7.62199293078514,0.5478556164901149,,0.0,inf
72.75,19.986446844924274,37.26864056990685,37.95461993140118,83.85009196560333,129.7454385956635,202.15368269892537,236.3970031738281,133.60699462890622,320.24700927734375,133.48699951171878,5.551790790256742,10.352400158307459,0.45640918717007856,-7.621992926227577,0.5432604271292452,,0.0,inf
72.8,20.079037502800773,38.640599297546956,37.95461993187827,84.10508132970567,130.02343847363346,202.68667220509758,236.6750030517578,133.60699462890622,320.7799987792969,133.48699951171878,5.5775104174446595,10.733499804874155,0.5143925437583733,7.621992931334354,0.5730032276160019,,0.0,inf
72.85000000000002,20.18782958306955,37.268640570792215,37.954619932324796,84.34708547818792,130.30343725295322,203.2086753832385,236.9550018310547,133.60699462890622,321.302001953125,133.48699951171878,5.607730439741542,10.352400158553392,0.6044004459373403,-7.621992926411361,0.6286730444851127,,0.0,inf
72.9,20.314838369395762,38.64059929853453,37.95461993280871,84.59908412570371,130.58442785354916,203.7416648894107,237.23599243164062,133.60699462890622,321.8349914550781,133.48699951171878,5.6430106581654895,10.733499805148481,0.7056043684791922,7.621992931904386,0.6974742619795543,,0.0,inf
72.95,20.458117259809168,37.268640571629255,37.95461993324743,84.83606672200976,130.86843969437314,204.26266196081852,237.5200042724609,133.60699462890622,322.3559875488281,133.48800659179688,5.682810349946991,10.352400158785905,0.7959938356300809,-7.621992927251966,0.7662783036455905,,0.0,inf
73.0,20.614466467210725,38.64059929949297,37.954619933728615,85.08409809537393,131.15342809769422,204.7956819845685,237.80499267578125,133.60699462890622,322.8890075683594,133.48800659179688,5.726240685336313,10.733499805414713,0.8686067077864795,7.621992932576596,0.8241047292610315,-0.14700401013415698,0.0,inf
73.05,20.779778136316093,37.26864057258335,37.95461993418164,85.31809139704326,131.4414377412489,205.31768516270924,238.09300231933597,133.60699462890622,323.4110107421875,133.48800659179688,5.772160593421137,10.35240015905093,0.9183981616965287,-7.621992927276089,0.8633572692169205,,0.0,inf
73.10000000000002,20.947934221831268,38.64059930045854,37.954619934665864,85.5610887840781,131.7314327760555,205.8506746688813,238.38299560546875,133.60800170898438,323.9440002441406,133.48800659179688,5.818870617175352,10.733499805682927,0.9342004750838323,7.621992932636035,0.8803616335292233,,0.0,inf
73.15,21.1130295939724,37.2686405734056,37.95461993509778,85.7900772065333,132.02344022234482,206.37167076695223,238.6750030517578,133.60800170898438,324.4649963378906,133.48800659179688,5.864730442770111,10.352400159279332,0.9171965118954903,-7.62199292807449,0.8753957562949386,,0.0,inf
73.2,21.270853369074786,38.64059930136248,37.95461993557126,86.02806830779079,132.31843839129033,206.9046602731244,238.97000122070312,133.60800170898438,324.99798583984375,133.48800659179688,5.908570380298552,10.733499805934022,0.8767987505688667,7.621992933094226,0.8520562544077744,,0.0,inf
73.25,21.41931815859104,37.268640574284355,37.95461993600901,86.25406601291228,132.61444364031377,207.4266634512651,239.26600646972656,133.60800170898438,325.5199890136719,133.48800659179688,5.949810599608622,10.352400159523432,0.8248043862014434,-7.621992928212229,0.8160761276364472,,0.0,inf
73.3,21.55842225654543,38.64059930237924,37.95461993649224,86.48808983531531,132.91343961199345,207.95968347501503,239.56500244140625,133.60800170898438,326.0530090332031,133.48800659179688,5.988450626818175,10.733499806216455,0.7728005441911185,7.621992933860902,0.7744055988580272,,0.0,inf
73.35000000000002,21.690038468712974,37.26864057521547,37.95461993693456,86.70809084440079,133.21443448504044,208.4806795730861,239.86599731445312,133.60800170898438,326.5740051269531,133.48800659179688,6.025010685753603,10.352400159782075,0.7312011787081819,-7.621992928683712,0.7351769846940508,,0.0,inf
73.4,21.80797326244319,38.64059930332727,37.954619937413845,86.93907680974822,133.51643643816593,209.0136700020849,240.1679992675781,133.60800170898438,327.10699462890625,133.48899841308594,6.057770350678664,10.733499806479797,0.6551932985014478,7.621992933957038,0.7075742671870503,,0.0,inf
73.45,21.91723400274568,37.26864057619174,37.95461993787009,87.15708028481858,133.82043891059342,209.53567318022573,240.4720001220703,133.60899353027344,327.6289978027344,133.48899841308594,6.088120556318244,10.352400160053262,0.6070041127916238,-7.621992928531121,0.6996979692880543,,0.0,inf
73.5,22.037438155139565,38.640599304268214,37.95461993834761,87.3850768958643,134.12543158637536,210.06866268639797,240.7769927978516,133.60899353027344,328.1619873046875,133.48899841308594,6.121510598649879,10.73349980674117,0.6678008466327359,7.621992933758584,0.7146819123478939,,0.0,inf
73.55,22.169773627279238,37.26864057699948,37.95461993878922,87.59909646956274,134.43243842231306,210.58968930204688,241.08399963378903,133.60899353027344,328.6830139160156,133.48899841308594,6.15827045202201,10.352400160277634,0.7351970674426651,-7.621992929271151,0.7483263894972954,,0.0,inf
73.60000000000002,22.31463866843195,38.640599305290884,37.95461993927246,87.8230800249984,134.74144415961777,211.12267880822392,241.39300537109372,133.60899353027344,329.21600341796875,133.48899841308594,6.198510741231097,10.733499807025245,0.8048057841813229,7.621992934948318,0.790673353663762,,0.0,inf
73.65,22.46997851102268,37.26864057804504,37.954619939736396,88.0340936220496,135.05243353950064,211.64468198636482,241.70399475097656,133.60899353027344,329.7380065917969,133.48899841308594,6.2416606975063,10.352400160568065,0.8629991255043657,-7.621992929146201,0.8301280283117849,,0.0,inf
73.7,22.63230152294566,38.64059930624683,37.954619940224845,88.25307230136428,135.36644415961814,212.17767149254172,242.01800537109372,133.60899353027344,330.27099609375,133.48899841308594,6.286750423040461,10.733499807290785,0.901794510683265,7.621992934454845,0.8573319573380259,,0.0,inf
73.75,22.79747070138506,37.26864057908315,37.95461994070472,88.45807394296742,135.682438422314,212.69866759061287,242.33399963378903,133.60899353027344,330.7919921875,133.48899841308594,6.332630750384738,10.35240016085643,0.9176065468855998,-7.621992928687547,0.8681463235392668,,0.0,inf
73.8,22.961630512409986,38.64059930722584,37.954619941189364,88.67310197000103,136.00043318107754,213.2316876143677,242.6519927978516,133.61000061035156,331.32501220703125,133.48899841308594,6.378230697891663,10.733499807562733,0.9119989501385447,7.621992934126503,0.8662992620050647,,0.0,inf
73.85000000000002,23.110454095551816,37.26864057998526,37.95461994166635,88.87506574860329,136.32044050529655,213.75366124644648,242.9720001220703,133.61000061035156,331.84698486328125,133.49000549316406,6.419570582097727,10.352400161107017,0.8267976841208513,-7.621992929110428,0.8639585191308117,,0.0,inf
73.9,23.2436187140142,38.64059930819115,37.954619942152746,89.08607935106484,136.64244673088248,214.28668127020137,243.29400634765625,133.61000061035156,332.3800048828125,133.49000549316406,6.456560753892833,10.733499807830874,0.7398034359023812,7.621992934479748,0.8767822892222825,,0.0,inf
73.95,23.39276675255711,37.26864058095942,37.954619942629506,89.28308539793386,136.96643659904655,214.80767736827246,243.6179962158203,133.61000061035156,332.9010009765625,133.49000549316406,6.497990764599198,10.352400161377616,0.8286002141273423,-7.621992929065591,0.9141643049237329,,0.0,inf
74.0,23.569202041360487,38.64059930916103,37.954619943118786,89.49007068545126,137.29244062736697,215.34066687444943,243.94400024414062,133.61000061035156,333.4339904785156,133.49000549316406,6.54700056704458,10.733499808100287,0.9801960489076957,7.62199293445385,0.9720074059937892,0.1479026767327577,0.0,inf
74.05,23.765582703559154,37.26864058184595,37.95461994360343,89.68307893477457,137.62143537834422,215.86267005259037,244.2729949951172,133.61000061035156,333.95599365234375,133.49000549316406,6.601550750988654,10.352400161623875,1.0910036788815434,-7.6219929295286875,1.0346438829502398,,0.0,inf
74.10000000000002,23.973986543465287,38.64059931012663,37.95461994408701,89.88409804274673,137.95343611076763,216.39569007634518,244.60499572753903,133.61000061035156,334.489013671875,133.49000549316406,6.659440706518135,10.733499808368508,1.1577991105890222,7.621992934888775,1.0838119682942737,,0.0,inf
74.15,24.186494819736772,37.268640582768896,37.95461994455939,90.07008858365238,138.28844429282722,216.91668617441633,244.94000244140625,133.61099243164062,335.010009765625,133.49000549316406,6.718470783260214,10.352400161880249,1.180601534841988,-7.621992929767784,1.1068666810508097,,0.0,inf
74.2,24.39590633925625,38.64059931110441,37.954619945045145,90.26508047394236,138.6264417293525,217.4496756805933,245.2779998779297,133.61099243164062,335.5429992675781,133.49000549316406,6.776640649793403,10.733499808640113,1.1633973306638397,7.621992935197717,1.0996012822769554,,0.0,inf
74.25,24.59563447488718,37.26864058371685,37.95461994550853,90.44708714632723,138.96643806724424,217.97167885873418,245.6179962158203,133.61099243164062,336.06500244140625,133.49000549316406,6.832120687468661,10.352400162143569,1.1096007535052363,-7.6219929299313165,1.064914728824962,,0.0,inf
74.3,24.781430512581533,38.64059931206439,37.954619945992384,90.63707284121172,139.30944038658052,218.5046692877329,245.96099853515625,133.61099243164062,336.5979919433594,133.49099731445312,6.883730697939314,10.733499808906775,1.0322002094131175,7.621992935264544,1.010375277756927,,0.0,inf
74.35000000000002,24.95117106505889,37.26864058463222,37.95461994645708,90.81206048072931,139.6554486873618,219.025665385804,246.3070068359375,133.61099243164062,337.1189880371094,133.49099731445312,6.930880851405247,10.35240016239784,0.9430030693181707,-7.621992930174786,0.9461488774765534,,0.0,inf
74.4,25.10467415185985,38.640599313034855,37.95461994694145,90.9970883960868,140.00344063072134,219.55868540955888,246.65499877929688,133.61099243164062,337.6520080566406,133.49099731445312,6.9735205977388475,10.73349980917635,0.8527949266723023,7.621992935572776,0.8832103406104793,,0.0,inf
74.45,25.245579001164412,37.268640585581096,37.954619947403614,91.16908531674326,140.35344673423762,220.08068858769974,247.0050048828125,133.61099243164062,338.17401123046875,133.49099731445312,7.012660833656781,10.352400162661416,0.7828047183587207,-7.621992930299093,0.8314980040505138,,0.0,inf
74.5,25.379679178064556,38.64059931398747,37.95461994788626,91.35107806536145,140.704446103793,220.6136780938768,247.3560028076172,133.61199951171878,338.7070007324219,133.49099731445312,7.04991088279571,10.733499809440964,0.7450009827786165,7.621992935591393,0.7981658119548414,,0.0,inf
74.55,25.512483311754647,37.268640586481006,37.95461994834977,91.51807010623828,141.05845001004417,221.13467419194785,247.7100067138672,133.61199951171878,339.2279968261719,133.49099731445312,7.0868009199318465,10.35240016291139,0.7378007427227715,-7.621992930591908,0.7864922335641226,,0.0,inf
74.60000000000002,25.64870693221613,38.64589297591189,37.95514931492829,91.7030833167852,141.4134457375843,221.67478654383962,248.06500244140625,133.61199951171878,339.76800537109375,133.49099731445312,7.12464081450448,10.734970271086636,0.7567978914522869,7.651402163501005,0.7957969639641433,,0.0,inf
74.65,25.79245448094508,37.271725587628886,37.95545781541429,91.87608776782112,141.77144744656928,222.20580396484303,248.42300415039062,133.61199951171878,340.29901123046875,133.49099731445312,7.164570689151411,10.35325710767469,0.7985974929388876,-7.634263268241536,0.8221728270573352,,0.0,inf
74.7,25.945706915861177,38.65183949908684,37.956581834212535,92.05609792613336,142.1304409768429,222.7449252819914,248.7819976806641,133.61199951171878,340.8380126953125,133.49099731445312,7.207140809961437,10.736622083079677,0.8514024162005769,7.667299508100181,0.8595607368779014,,0.0,inf
74.75,26.109291649403573,37.31903754146369,37.96162152998722,92.22010489577517,142.49244188940378,223.27116587579624,249.1439971923828,133.61300659179688,341.364013671875,133.49200439453122,7.252581013723215,10.366399317073247,0.9088040752355991,-7.404455320129019,0.9008438277187703,,0.0,inf
74.8,26.282631905127424,38.546097888665116,37.95217138764729,92.3901126613174,142.8564403024898,223.8054686012233,249.50799560546875,133.61300659179688,341.89801025390625,133.49200439453122,7.300731084757618,10.707249413518088,0.9630014206881136,6.817001928897209,0.9389174377116981,,0.0,inf
74.85000000000002,26.46295536455245,36.65344337851063,37.89065166703513,92.5381118928882,143.22344469702128,224.32107870045434,249.875,133.61300659179688,342.4129943847656,133.49200439453122,7.350820934597903,10.181512049586287,1.0017969968051892,-10.51474727863065,0.9677748668243019,,0.0,inf
74.9,26.646339533417997,38.475392013571785,37.87413093708883,92.69012519537435,143.59244799292014,224.84247056317642,250.24400329589844,133.61300659179688,342.9339904785156,133.49200439453122,7.401760981504999,10.68760889265883,1.0188009381422802,10.121936861454307,0.9834742403845995,,0.0,inf
74.95,26.829110883887548,37.33926145457604,37.88119302398833,92.83314546231131,143.9634501901861,225.3566336220163,250.6150054931641,133.61300659179688,343.447998046875,133.49200439453122,7.452530801079874,10.372017070715566,1.0153963914975472,-6.3118364388656225,0.9846773991173201,,0.0,inf
75.0,27.008282492771283,38.21202218422852,37.83833531101244,92.9791404088986,144.33744311010838,225.8766231355458,250.98899841308597,133.61300659179688,343.9679870605469,133.49200439453122,7.502300692436467,10.614450606730145,0.9953978271319242,4.848670720291848,0.9725667890449896,0.0005593830512004017,0.0,inf
75.05,27.181514614816926,8.679592986304128,34.97943055099474,92.99514647989339,144.71444331613168,226.26973108450662,251.36599731445312,133.61399841308594,344.3609924316406,133.49899291992188,7.550420726338035,2.4109980517511467,0.962400678031409,-164.0690510995893,0.9502672038103388,,26.581891211960894,18.094438115656107
75.10000000000002,27.347871697976398,8.881746992501347,32.00301595265369,92.58311541285484,145.0934411188661,226.31884369049732,251.7449951171875,133.61399841308594,344.3280029296875,133.53500366210938,7.596631027215666,2.467151942361485,0.9242060175521406,1.123077812206195,0.9220845559036812,,26.840649508316286,18.049188502267135
75.15,27.507099671848305,8.368674794788793,29.11271087336968,92.11524697009163,145.47445308175674,226.43591893435584,252.1260070800781,133.61399841308594,344.2409973144531,133.51100158691406,7.640861019957862,2.3246318874413316,0.8845998548442321,-2.8504010984040424,0.892785195297195,,27.405356814492652,17.32714512533362
75.2,27.659883466096264,7.594381871072847,26.00696511056828,91.77040320801777,145.85744868722554,226.50546925839345,252.50900268554688,133.61399841308594,344.27899169921875,133.48199462890622,7.683300962804518,2.1095505197424576,0.8487988569331634,-4.301627353977726,0.8669381299929179,,28.048523312660137,16.464719670944778
75.25,27.80824010658959,10.137238031500956,23.288785159572004,91.41084916878138,146.24345027413975,226.6307134662128,252.8950042724609,133.61399841308594,344.30499267578125,133.40400695800778,7.72451114071933,2.81589945319471,0.8242035582962906,14.126978669045855,0.8482591272055109,,27.206389626995875,18.62250851417298
75.3,27.95490416296537,10.380713125656207,20.472246683271113,91.05749507621792,146.6304449927124,226.76309614002895,253.2819976806641,133.61500549316406,344.3380126953125,133.302001953125,7.76525115637927,2.8835314237933907,0.8148003131988376,1.3526394119736875,0.8390086356756163,,27.393509772469574,18.65271124462359
75.35000000000002,28.102395622110038,10.614343386105187,17.868336684030567,90.8380848767272,147.02044438236103,226.96148482396129,253.6719970703125,133.61500549316406,344.50799560546875,133.21499633789062,7.806221006141677,2.948428718362552,0.8193969952477325,1.2979458913825614,0.8396113084934429,,27.58641267128773,18.699419921895643
75.4,28.252731503943075,9.994011593202442,15.02019864199363,90.38432795195021,147.41145085208774,227.13625510403625,254.06300354003903,133.61500549316406,344.4440002441406,133.08799743652344,7.8479809733175205,2.7761143314451227,0.8351993435171507,-3.446287738349761,0.8485873960846855,,28.242162713638546,17.82068735776326
75.45,28.40735205426188,7.0552872317229065,11.991801219708314,90.17259155797493,147.8054480444706,227.3205950351009,254.45700073242188,133.61500549316406,344.6260070800781,133.07499694824222,7.8909311261838555,1.9598020088119184,0.8590030573267482,-16.326246452665014,0.862787513211519,,29.868905243426564,15.203250130125092
75.5,28.566652105963016,6.562974911043089,8.826896492389773,89.8318045282914,148.2014441382206,227.38170772759148,254.85299682617188,133.61500549316406,344.6809997558594,133.07099914550778,7.935181140545282,1.8230485864008579,0.8850002872285826,-2.735068448221365,0.8781561624420604,,30.39158584612113,14.697269203477541
75.55,28.730559557809205,6.363941007420678,8.595331294501428,89.48895324383506,148.59945562790904,227.44183560122138,255.2510070800781,133.61599731445312,344.7359924316406,133.07499694824222,7.980710988280334,1.7677613909501884,0.9105969547010935,-1.105743909013453,0.8916980798338401,,30.82017624942775,14.403594911882342
75.60000000000002,28.89857143695496,6.1911572371456245,8.326272318965854,89.14410287329895,148.99944952439344,227.50227323977956,255.6510009765625,133.61599731445312,344.7909851074219,133.08200073242188,8.027380954709711,1.7197658992071179,0.9333993285870633,-0.9599098348609189,0.90468514848977,,31.24961334190229,14.132752357487098
75.65,29.05851866779303,5.907280757254788,8.080132915212454,88.80132347623993,149.40243414353412,227.5682186898918,256.05398559570307,133.61599731445312,344.85101318359375,133.08900451660156,8.07181074105362,1.6409113214596633,0.8885957268784683,-1.5770915549496283,0.924614038983624,,31.695678952878232,13.808517222412814
75.7,29.208962721233775,6.252295653835755,7.945924293488746,88.4687476841993,149.80746344040912,227.6540193015672,256.45901489257807,133.61599731445312,344.9230041503906,133.07499694824222,8.11360075589827,1.736748792732154,0.8358002968930598,1.9167494254499242,0.961889784324774,,31.926054691549417,13.873398576793798
75.75,29.379422510224053,5.9593166451935025,7.528132154858001,88.14837226957954,150.21444586228412,227.75694386526183,256.86599731445307,133.61599731445312,345.0090026855469,133.05299377441406,8.16095069728446,1.655365734775973,0.9469988277238356,-1.627661159123716,1.0213017106519116,,32.40346913785829,13.549625019321907
75.8,29.58073670252881,6.110583642941518,7.1011192065865325,87.83919927375902,150.62445076122262,227.87941608910245,257.2760009765625,133.61700439453122,345.1090087890625,133.02299499511722,8.216871306258003,1.6973843452615327,1.1184121794709436,0.8403722097112432,1.0942718327422534,,32.81455056923593,13.473309336481886
75.85000000000002,29.804439008432013,5.853270274355588,6.625011895411572,87.54322235137613,151.03643806591134,228.02115341772918,257.68798828125,133.61700439453122,345.2239990234375,132.99299621582028,8.279010835675559,1.6259084095432188,1.2427905883504702,-1.4295187143655466,1.1577291739216486,,33.40637651154689,13.158235836737202
75.9,30.04128374491089,9.587753278711102,6.5843860639624365,87.28007463201763,151.45245369091336,228.22508734847176,258.10400390625,133.61700439453122,345.375,132.93800354003906,8.344801040253024,2.6632647996419725,1.3158040915497662,20.74712780198215,1.1783570786103557,,32.470216338447145,15.362028387298777
75.95,30.281726527869917,9.251506177359142,6.8040079585260616,87.06178828075657,151.87243660107222,228.46290182085755,258.52398681640625,133.61700439453122,345.57501220703125,132.93800354003906,8.411590702186087,2.569862827044206,1.3357932386613363,-1.868039451955434,1.1201368053925749,,33.19285493534821,14.903405483362613
76.0,30.51731130706639,24.83053960849288,8.630764428271041,87.03115414787148,152.2944641889651,228.90952638261817,258.94601440429693,133.61700439453122,345.9670104980469,133.14500427246094,8.477030918629552,6.897372113470245,1.3088043288693674,86.55018572852569,0.9596049055863727,-0.01296188345861693,20.089067635645627,55.09455770957919
76.05,30.7406188710242,23.738544792956535,10.368224806824626,86.99983253599112,152.72046021661419,229.41323177839843,259.3720092773437,133.61799621582028,346.3630065917969,133.45599365234378,8.539060797506721,6.594040220265704,1.2405975775434537,-6.066637864091156,0.7082257986553318,,21.98106996452581,44.72928783433238
76.10000000000002,30.710090673190823,37.33954596382063,13.483063679492128,87.02418562974512,153.14746216974183,230.0524562724149,259.79901123046875,133.61799621582028,346.8139953613281,133.90899658203122,8.530580742553006,10.372096101061286,-0.16960109907421234,75.56111761587299,0.4208055004951906,,0.5423402208762838,inf
76.15,30.683991180909445,37.17683090943406,16.610018694710053,86.98160124643243,153.57345704280414,230.69751718119042,260.22500610351557,133.61799621582028,347.1929931640625,134.42500305175778,8.523330883585956,10.326897474842793,-0.14499717934105377,-0.903972524370171,0.169071281710866,,0.7923618520074243,inf
76.2,30.657929338745397,37.27748069664878,19.71253719899136,86.83592262701714,153.9994519158724,231.32623073055217,260.6510009765625,133.61799621582028,347.4639892578125,134.97000122070312,8.516091482984832,10.354855749069106,-0.14478801202248917,0.5591654845262857,-0.0014979305704237583,,0.5379277282395236,inf
76.25,30.6318983564683,37.678217368569456,22.884427271328956,86.52745667263432,154.4244409020827,231.88472784845538,261.07598876953125,133.61900329589844,347.5669860839844,135.46699523925778,8.508860654574528,10.466171491269293,-0.14461656820608337,2.226314844003865,-0.08926693085727028,,0.0,inf
76.3,30.60587080717235,37.19169637330903,25.99253854436571,86.25276835645892,154.85046629272375,232.42988035157452,261.50201416015625,133.61900329589844,347.7019958496094,135.94900512695312,8.501630779770098,10.33102677036362,-0.14459749608861583,-2.70289441811362,-0.11370088454197524,,0.5791625093367756,inf
76.35000000000002,30.579877602678376,37.30465376304407,29.137676893234566,85.96677257718567,155.27444700562646,232.97534685080072,261.92599487304693,133.61900329589844,347.82000732421875,136.42999267578122,8.494410445188437,10.362403823067798,-0.14440669163313374,0.6275410540832369,-0.0753305096024078,,0.30135656244355147,inf
76.4,30.553922184567018,36.964324474895186,31.87533401285297,85.65816436166563,155.69946531618132,233.51297155882642,262.3510131835937,133.61900329589844,347.9129943847656,136.90199279785156,8.487200606824171,10.267867909693107,-0.14419676728537867,-1.8907182674944476,0.07769336599672744,,0.890225334483425,inf
76.45,30.52796681246409,37.38445003377925,34.688628398494984,85.34231763643879,156.12344602907726,234.05241919392208,262.77499389648443,133.61900329589844,347.9939880371094,137.375,8.479990781240025,10.38456945382757,-0.1441965116829362,2.334030882689388,0.4551072236882918,,0.025655226064166925,inf
76.5,30.50204574883433,36.89483044466458,35.89505748211216,85.0148129166393,156.5474584195519,234.5866021535548,263.19900512695307,133.6199951171875,348.05999755859375,137.843994140625,8.472790485787314,10.248564012406828,-0.14400590905421604,-2.7201088284150057,1.1679891317879079,,0.9000144501954779,inf
76.55,30.476162475091314,37.31169201491271,37.252372204307775,84.67715147616909,156.97046256994466,235.1219835440991,263.6220092773437,133.6199951171875,348.1109924316406,138.31399536132812,8.465600687525365,10.364358893031307,-0.14379596523899457,2.3158976124897173,2.209186039114353,,0.043484613837634356,inf
76.60000000000002,31.43531010077263,36.9457992485773,37.21299753278344,84.324847620872,157.4004552457753,235.65080990639495,264.052001953125,133.6199951171875,348.1510009765625,138.7760009765625,8.732030583547953,10.262722013493695,5.328597920449037,-2.0327375907511938,3.369508946614854,,3.0338230750927977,inf
76.65,32.585187698708125,37.12900463327781,37.20821490516782,83.95246742036221,157.8464391328589,236.18121771068925,264.4979858398437,133.6199951171875,348.1830139160156,139.23800659179688,9.051441027418923,10.313612398132724,6.388208877421573,1.017807692780926,4.311480889151602,,5.525529318837073,inf
76.7,33.659967528952606,36.98210954453951,37.178677789956886,83.55995847377837,158.30844474855797,236.71208365083942,264.95999145507807,133.6199951171875,348.2070007324219,139.69999694824222,9.349990980264613,10.272808206816531,5.9709990569141365,-0.816083826323901,4.763099701726117,,8.553003829462973,inf
76.75,34.650616701021804,37.10872923497698,37.121728976597645,83.14651386981035,158.78445793253368,237.2435917600428,265.43600463867193,133.6199951171875,348.2200012207031,140.16099548339844,9.62517130583939,10.30798034304916,5.503606511495846,0.7034427246526009,4.649085260385023,,10.923059758426021,inf
76.80000000000003,35.48722430590311,36.99299672969188,37.101859012235934,82.7160335336333,159.27246556369676,237.774826175093,265.92401123046875,133.62100219726562,348.2239990234375,140.6199951171875,9.857562307195309,10.27583242491441,4.647820027116015,-0.6429583626946475,4.064780042315384,,13.40790610309245,inf
76.85000000000002,36.11161063212217,37.056845577454794,37.077078193677,82.27090363584392,159.77145848369923,238.30700026949555,266.42300415039057,133.62100219726562,348.2200012207031,141.07699584960938,10.03100295336727,10.293568215959665,3.468812923439428,0.35471582090510506,3.1767412148803356,,15.011390925599834,inf
76.9,36.49105315895451,36.95751968959154,37.07639771514664,81.81694446628656,160.2764633665166,238.83875288538752,266.92800903320307,133.62100219726562,348.2090148925781,141.52999877929688,10.136403655265141,10.265977691553205,2.1080140379581365,-0.55181048812938,2.157803435658151,,16.26351401739076,inf
76.95,36.619574149971434,37.02957175520982,37.040909887289686,81.35450059061651,160.7844599402314,239.37355492321632,267.43600463867193,133.62199401855472,348.18798828125,141.98199462890625,10.172103930547621,10.285992154224951,0.7140055056496359,0.4002892534349428,1.1687361174788662,,16.48898286253319,inf
77.0,36.552613036819636,36.98845760610342,37.050272603433584,80.88340334714907,161.29245554580297,239.90724119254918,267.94400024414057,133.62199401855472,348.15399169921875,142.4290008544922,10.153503621338787,10.27457155725095,-0.37200618417669756,-0.2284119394800529,0.34800875354350835,-0.6115961520428643,16.37818567315587,inf
77.05000000000003,36.37909385559657,36.97468287241677,37.016571689183976,80.40653720559834,161.79846851103952,240.44076436266565,268.45001220703125,133.62300109863278,348.1080017089844,142.8719940185547,10.105303848776826,10.270745242337991,-0.9639954512387348,-0.07652629825912165,-0.20656007646885088,,15.916058601413248,inf
77.10000000000002,36.178214588174846,36.96137790569075,37.01812955489533,79.92520264226242,162.30246631399237,240.97429882087812,268.95401000976557,133.62300109863278,348.0509948730469,143.31100463867188,10.049504052270791,10.267049418247431,-1.1159959301207603,-0.07391648181120013,-0.4522699715114281,,15.378931270829753,inf
77.15,36.008652861891925,36.94857481597451,37.000086573165,79.43826896748627,162.8034438584704,241.50827894873728,269.45498657226557,133.62399291992188,347.9809875488281,143.74600219726562,10.002403572747756,10.263493004437363,-0.9420095904610208,-0.07112827620139522,-0.40138302647579915,,14.9309482058258,inf
77.2,35.926497621478795,36.9363339814154,36.99550901685258,78.94686387948381,163.3024672960965,242.0418788784881,269.95401000976557,133.62399291992188,347.8999938964844,144.17599487304688,9.979582672632999,10.260092772615389,-0.45641800229517066,-0.0680046364394865,-0.10835721905819645,,14.726160757745475,inf
77.25,35.964945002115456,36.92454257966148,36.97709035132103,78.44790342000198,163.80246729614848,242.57453323311958,270.45401000976557,133.62399291992188,347.8080139160156,144.60000610351562,9.990262500587626,10.2568173832393,0.21359655909255584,-0.06550778752178504,0.3460907348613084,,14.855219662618204,inf
77.30000000000003,36.13320646723891,37.04510984909254,36.982301663261104,77.94615984323832,164.30246831036746,243.13169539112354,270.95401000976557,133.625,347.70599365234375,144.99400329589844,10.037001796455252,10.290308291414595,0.9347859173520426,0.6698181635055659,0.8691289604473962,,15.093962623830556,inf
77.35000000000002,36.42768747124785,36.671828722072895,36.94379997772292,77.42515317608618,164.8064661131025,243.664059817332,271.4580078125,133.625,347.5870056152344,145.39500427246094,10.118802075346625,10.186619089464694,1.6360055778275615,-2.0737840389981455,1.3684776698249055,,16.626246832888107,inf
77.4,36.818285444462475,36.80187309156802,36.92823531792057,76.88538431969177,165.31644536116502,244.19517977480163,271.96798706054693,133.625,347.45098876953125,145.78700256347656,10.227301512350687,10.22274252543556,2.1699887400819704,0.7224687194175748,1.764773284608415,,17.484482134840484,16827.665683423853
77.45,37.25892644193925,36.707354511596826,36.89601359355925,76.3414904796173,165.83146099427861,244.73304537126373,272.48300170898443,133.62600708007812,347.3110046386719,146.15199279785156,10.34970178942757,10.196487364332452,2.4480055415378,-0.5251032220622008,2.0025118918150335,,18.922745778288522,498.2331663651285
77.5,37.7020876654891,37.03183744846389,36.90035157779531,75.77904464077041,166.35245708807042,245.27333009887369,273.00399780273443,133.62600708007812,347.15399169921875,146.4980010986328,10.472802129302528,10.286621513462192,2.46200679749929,1.8026829825949122,2.056461659440628,,19.58921143694598,406.9971211962338
77.55000000000003,38.110326259387584,36.33146608554464,36.8360298991081,75.21474842694387,166.8794651447446,245.79948972596344,273.531005859375,133.62600708007812,346.99798583984375,146.843994140625,10.586201738718772,10.092073912651289,2.267992188323736,-3.890952016216075,1.9314865403005097,,22.10502174376471,152.21410800611716
77.60000000000002,38.44872620491529,27.192068851600155,35.85909899369903,74.1728942040223,167.41144849120644,246.39597786793513,274.06298828125,133.62699890136722,346.49700927734375,146.5540008544922,10.68020172358758,7.5533524587778205,1.8799996973762492,-50.774429077472256,1.6570793242473154,,38.03700470953373,23.721212860066167
77.65,38.69748795344558,36.71440355693358,35.835681867794946,73.68589319929957,167.9474592333979,246.82299285423238,274.5989990234375,133.62699890136722,346.4410095214844,146.83799743652344,10.74930220929044,10.19844543248155,1.3820097140576688,52.901859474092646,1.2798476673000225,,23.125818851312133,133.76354556387287
77.7,38.84580703538504,36.72223130847203,35.81427160050061,73.26689921133256,168.48646069824184,247.24952350446125,275.13800048828125,133.62699890136722,346.4530029296875,147.125,10.790501954273623,10.200619807908899,0.8239948996637139,0.0434875085469624,0.8560406629878947,,23.554833394665515,124.20388991928095
77.75,38.896567270377176,36.75514496446583,35.797331838981044,72.91608533249547,169.02647018223962,247.6768610905376,275.67800903320307,133.62800598144528,346.53399658203125,147.40699768066406,10.804602019549215,10.209762490129396,0.2820013055118569,0.18285364440996305,0.44391989686634903,,23.644905902844833,122.57904180173692
77.80000000000003,38.86668757321464,36.812151109360975,35.77403596500788,72.62950583352406,169.5664482096061,248.10439614430703,276.21798706054693,133.62800598144528,346.6820068359375,147.67300415039062,10.796302103670733,10.225597530378048,-0.1659983175695462,0.3167008049728693,0.09495534523641697,,23.447381543312005,127.2606469719089
77.85000000000002,38.78532637961234,36.89161000937195,35.79601409373779,72.39977112835422,170.10544967448715,248.53211817631092,276.75698852539057,133.62800598144528,346.8919982910156,147.91400146484375,10.77370177211454,10.247669447047764,-0.4520066311238837,0.4414383333943557,-0.1557591804573097,,23.05296364212414,137.63107582486595
77.9,38.68776704419877,36.99118461033783,35.81494524561477,72.2187036493935,170.64347549105725,248.96074125666001,277.29501342773443,133.62899780273438,347.15899658203125,148.1219940185547,10.74660195672188,10.275329058427175,-0.5419963078533813,0.5531922275884081,-0.29696260018871956,,22.57209192570341,153.23854082274232
77.95,38.60100513186649,37.691093554323146,35.9133191498874,72.0830694371194,171.18046279578076,249.39978312616725,277.83200073242193,133.62899780273438,347.4809875488281,148.28700256347656,10.72250142551847,10.469748209534208,-0.4820106240682439,3.8883830221408724,-0.34250519356595865,,20.968921889292254,285.1802195838797
78.0,38.538365096455735,37.490714148980274,35.95920681993904,71.99601891390586,171.71546645791452,249.86263631478593,278.36700439453125,133.62899780273438,347.8529968261719,148.47000122070312,10.70510141568215,10.414087263605632,-0.3480001967264299,-1.1132189185715824,-0.3243383501859124,-0.6723471037294207,21.169938184853656,247.38846724644478
78.05000000000003,38.49984356282963,36.784387494961685,36.004498960880746,71.95292357734894,172.25047012003756,250.34904148048284,278.90200805664057,133.62899780273438,348.2799987792969,148.63900756835938,10.694400989674898,10.217885415267135,-0.21400852014490532,-3.9240369667679253,-0.27934087292676046,,22.40476861278279,150.99488346826647
78.10000000000002,38.472123066792356,37.60569483451779,37.04586155917251,71.9225769416937,172.78547473000614,251.0101589122633,279.43701171875,133.6300048828125,348.7099914550781,148.5800018310547,10.686700851886766,10.44602634292161,-0.15400275576266317,4.562818553089738,-0.23598514779413007,,20.751006498225017,298.825118620766
78.15,38.43828470345123,32.359388666619026,36.610360070141056,71.83291590292792,173.31947131204083,251.46170938236733,279.97100830078125,133.6300048828125,349.09600830078125,148.6479949951172,10.67730130651423,8.98871907406084,-0.18799090745076102,-29.14614537722531,-0.20745576176117939,,30.091380333529877,42.540119824287245
78.2,38.40408243240741,29.062156608180302,35.84435260011188,71.6686823160269,173.8534678940739,251.89539508265037,280.5050048828125,133.6300048828125,349.385009765625,148.7239990234375,10.667800675668724,8.072821280050084,-0.19001261691014207,-18.31795588021618,-0.19401561327651035,,35.198841089373886,27.618102192260107
78.25,38.37024072877871,36.978582007698535,35.866696304435145,71.5946363100899,174.3864573960281,252.3816503492936,281.03799438476557,133.6300048828125,349.7879943847656,148.73199462890625,10.65840020243853,10.271828335471815,-0.1880094646038906,43.980141108437124,-0.19137694231462488,,21.65191278694183,185.19915812878568
78.30000000000003,38.33640252093228,37.00074587581851,35.885555781080896,71.45786119431119,174.9184712599975,252.80268099882164,281.57000732421875,133.63099670410156,350.1059875488281,148.83299255371094,10.649000700258966,10.27798496550514,-0.18799004359118118,0.12313260066645267,-0.20126488243310584,,21.50958197474192,192.5954307232172
78.35000000000002,38.30256093119503,36.25911491547754,35.82230627169146,71.3332530403942,175.45045368187283,253.2515532701419,282.10198974609375,133.63099670410156,350.4570007324219,148.81500244140625,10.639600258665286,10.071976365410427,-0.18800883187361353,-4.120172001894517,-0.2467174639236947,,22.806924397483797,125.66771274238654
78.4,38.26872281432774,35.627624913918794,35.68595030204956,71.23258123809745,175.9824666213261,253.71641784236172,282.6340026855469,133.63099670410156,350.8450012207031,148.76300048828125,10.630200781757704,9.896562476088553,-0.18798953815170466,-3.508277786438671,-0.39557446018343145,,23.874529450763234,97.0936355848694
78.45,38.23524179218454,37.136872812206285,35.63052822783787,71.13279335910718,176.51347248070118,254.20419693010598,283.1650085449219,133.63099670410156,351.23699951171875,148.66600036621094,10.620900497829039,10.315798003390634,-0.18600567857331277,8.384710546042108,-0.7767720773416196,,20.951110344468816,233.13628466784172
78.5,38.201400311991975,37.08100708790075,35.58955752172992,71.02198315127006,177.04447834007627,254.69218451254588,283.6960144042969,133.63099670410156,351.6199951171875,148.5469970703125,10.611500086664437,10.300279746639097,-0.18800822329205505,-0.3103651350307678,-1.5398411599865742,,20.95793675847181,228.1974923957849
78.55000000000003,38.16791935107691,37.120292357947825,35.623148008028544,70.90258555313214,177.57447711937314,255.18053624732056,284.22601318359375,133.63099670410156,351.9960021972656,148.40699768066406,10.602199819743586,10.311192321652173,-0.18600533841693057,0.21825150026141873,-2.7247134965067334,,20.78429687715869,243.63684664370516
78.60000000000002,37.41336104842011,37.01908938847035,35.564487463423795,70.77431763224257,178.10145465844948,255.66969024461457,284.75299072265625,133.63099670410156,352.3599853515625,148.25,10.392600291227808,10.283080385686208,-4.191990570315792,-0.5622387193193354,-4.124008422368274,,18.776609201035136,646.1643263753421
78.65,35.74440024747905,37.09047172811345,36.03759576957324,70.65611197667026,178.60746762397991,256.16065759261085,285.2590026855469,133.63200378417972,352.7149963378906,148.0749969482422,9.92900006874418,10.302908813364846,-9.272004449675713,0.39656855357289117,-5.3103936729229595,,13.929070177194781,inf
78.7,34.324633196396235,37.07783413626887,36.839163522382094,70.54875085400718,179.09147641380218,256.6522359879043,285.7430114746094,133.63200378417972,353.0610046386719,147.8820037841797,9.534620332332286,10.299398371185797,-7.887594728238327,-0.07020884358098956,-5.872211687129506,,10.114360412065231,inf
78.75,33.07553904407945,37.05868675739128,36.84717399735136,70.44483734163659,179.55747983240818,257.1433622904786,286.2090148925781,133.63200378417972,353.3940124511719,147.67100524902344,9.187649734466513,10.294079654830911,-6.9394119573158655,-0.10637432709771738,-5.656517493310485,,6.902138141088983,inf
78.80000000000003,32.12891984402956,37.03334053697999,36.850433463467525,70.34276924339326,180.00846860227819,257.63402285445903,286.6600036621094,133.63200378417972,353.7139892578125,147.4459991455078,8.924699956674878,10.287039038049997,-5.25899555583,-0.14081233561821352,-4.805160507601456,,4.568594334794774,inf
78.85000000000002,31.498885938598004,37.0022292834309,36.92474490026285,70.23642141420984,180.44947812384368,258.12463461789747,287.10101318359375,133.63200378417972,354.0190124511719,147.20700073242188,8.749690538499445,10.27839702317525,-3.5001883635088618,-0.17284029749494595,-3.608133863591756,,3.0808941854910685,inf
78.9,31.152134441813487,18.71826282341231,35.233808691212204,70.10873476785424,180.8834686023595,258.4463525280893,287.5350036621094,133.63200378417972,354.3320007324219,147.13299560546875,8.653370678281524,5.199517450947864,-1.9263972043590802,-101.57759144458237,-2.3485377154223945,,28.446059214990655,20.298642463030397
78.95,31.047411273521035,15.419873785431808,33.06210878853476,69.89942977918206,181.31547543836558,258.88572861409256,287.9670104980469,133.63200378417972,354.54998779296875,146.8249969482422,8.624280909311398,4.283298273731058,-0.5817953794025474,-18.32438354433717,-1.2365190032910658,,31.090812129259316,16.10217654051314
79.0,31.12531463599577,143.16481860628005,43.67048994037269,70.08044894256618,181.7474529308394,260.07727512345315,288.39898681640625,133.63099670410156,354.802001953125,147.28799438476562,8.645920732221047,39.76800516841112,0.43279645819299234,709.6941378936417,-0.4086793910762416,-0.08434104089032923,0.0,inf
79.05000000000003,31.29793348594625,19.800510474219703,41.93851175199988,69.9652969126999,182.1804668471473,260.4433065334998,288.8320007324219,133.63099670410156,355.01800537109375,147.5330047607422,8.693870412762847,5.5001417983943615,0.9589936108355058,-685.3572673999846,0.058599452609957775,,27.725226850300544,21.90702037979226
79.10000000000002,31.471599227096373,10.595001422670805,39.29610295541993,69.55477892373659,182.61647148612045,260.6159214935538,289.26800537109375,133.63099670410156,354.9960021972656,147.69900512695312,8.742110896415658,2.9430559507418903,0.9648096730562921,-51.14171695305233,0.14352065707508002,,35.34254390800844,11.994136912645892
79.15,31.56314557935483,10.710286694029618,36.658084452011536,69.12813256670142,183.05445976759682,260.73776098944387,289.70599365234375,133.63099670410156,355.0220031738281,147.65499877929688,8.767540438709675,2.9750796372304493,0.508590845880508,0.6404737297713989,-0.122131835867802,,35.502052470461045,11.934135697161933
79.2,31.50731044379671,33.660261274356856,36.31632716582035,68.70674995129825,183.49345512904202,261.2248328825546,290.1449890136719,133.63099670410156,355.10400390625,147.177001953125,8.75203067883242,9.350072576210238,-0.3101951975451377,127.49985877960302,-0.6579531698359982,,9.175239836170004,inf
79.25,31.270571852021714,20.28475449665127,34.638933939746344,68.26170907224771,183.9284538183712,261.6885816577215,290.5799865722656,133.6300048828125,355.14599609375,146.718994140625,8.68626995889492,5.634654026847575,-1.3152143987500546,-74.30837098725748,-1.3484501793209736,,27.159907771894765,22.368963494307025
79.30000000000003,30.847646045864373,20.84400594393524,33.02000048044186,67.73999915944479,184.35945357423057,262.1670212976785,291.010986328125,133.6300048828125,355.0710144042969,146.2729949951172,8.56879056829566,5.790001651093122,-2.3495878119840143,3.106952484909345,-2.063696927625483,,25.554518109572548,24.377438302602968
79.35000000000002,30.275749175952807,23.82052807654837,31.701830359753608,67.4586942250683,184.78346480472698,262.6787474527378,291.43499755859375,133.6300048828125,355.2359924316406,145.8209991455078,8.409930326653557,6.616813354596769,-3.1772048328422318,16.536234070073892,-2.6826937143480487,,20.786211920380183,37.62070130911617
79.4,29.613132775778784,24.740860325529237,32.30409010996531,67.17599283705927,185.19847334972482,263.10908103897145,291.8500061035156,133.6300048828125,355.38299560546875,145.44200134277344,8.225870215494107,6.872461201535899,-3.6812022231902595,5.112956938784328,-3.1117005023682154,,18.105348819302094,49.63429074385206
79.45,28.916929158715874,11.286559487794936,31.89075868020161,66.75365709598334,185.60447920920632,263.477407444403,292.2560119628906,133.6300048828125,355.23199462890625,145.70899963378906,8.03248032186552,3.135155413276371,-3.867797872571941,-74.7461157651948,-3.2909593848162713,,29.00003619942342,13.63060896221494
79.5,28.236240319618343,2.6608970954527056,17.840366529118885,66.4510609669951,186.0004753030595,263.557375182408,292.6520080566406,133.6300048828125,355.28900146484375,145.75599670410156,7.8434000887828725,0.7391380820701959,-3.7816046616531747,-47.920346624126225,-3.191103219782117,,30.593041908415017,9.353676337872043
79.55000000000003,27.623196367804013,11.894357926570752,17.04975127435399,66.24401002364904,186.38746871133492,263.80845505038604,293.03900146484375,133.6300048828125,355.45599365234375,145.5989990234375,7.673110102167781,3.30398831293632,-3.405799732300084,51.29700461729623,-2.8103023391944504,,25.814876949525704,15.161824641435569
79.60000000000002,27.12560496104118,4.907989654652863,16.481050097552195,65.90689036202389,186.76646651409828,263.884307688151,293.4179992675781,133.6300048828125,355.45001220703125,145.64199829101562,7.534890266955883,1.3633304596257954,-2.764396704238121,-38.813157066212696,-2.1828806662274123,,27.782799800686004,10.679112838316284
79.65,26.8413491238227,0.2118023249668983,15.431201660645925,65.55024942294709,187.1404594340208,263.9128237451181,293.7919921875,133.6300048828125,355.4360046386719,145.65699768066406,7.455930312172971,0.058833979157471746,-1.5791990956587711,-26.08992960937537,-1.3945575783034447,,27.809207458246387,8.861607021975162
79.7,26.812080756296,2.0525797342714487,12.270433506637385,65.2012007662576,187.51246871139224,263.93443344865636,294.16400146484375,133.6300048828125,355.4440002441406,145.64500427246094,7.447800210082223,0.5701610372976246,-0.16260204181498353,10.226541162803636,-0.5828407302884229,,27.641399382253134,9.48015799123106
79.75,26.966987863883187,0.5407274022597593,10.296030797198236,64.85065417344208,187.88646163142897,263.946815140953,294.5379943847656,133.6300048828125,355.4490051269531,145.63800048828125,7.490829962189774,0.15020205618326649,0.8605950421510712,-8.399179622287638,0.09347604443238158,,28.063729201917177,8.834471200435832
79.80000000000003,27.216252136845924,0.5787769216071768,8.269507894965429,64.49707191666994,188.26246871170892,263.95700269996007,294.91400146484375,133.6300048828125,355.44500732421875,145.6439971923828,7.560070038012756,0.16077136711310466,1.3848015164589376,0.2113862185966554,0.504390634111305,,28.58383481907732,8.716634862163144
79.85000000000002,27.45655236842261,0.5732239200523079,5.944777479315822,64.13351693037046,188.64247359473904,263.96977358856583,295.29400634765625,133.6300048828125,355.4360046386719,145.6529998779297,7.626820102339614,0.15922886668119665,1.3350012865372256,-0.030850008638161983,0.5880073700833233,,29.090995799602307,8.588235352488773
79.9,27.614340257287502,0.7229249854031957,3.542983945303219,63.77282022684642,189.0254692003698,263.97231310634146,295.677001953125,133.6300048828125,355.43499755859375,145.6510009765625,7.67065007146875,0.20081249594533213,0.8765993825830313,0.8316725852829931,0.3589810573572453,,29.42133667342878,8.537365666712123
79.95,27.645121142963372,0.5321434647624209,2.4675423429999666,63.41304537568866,189.4094718859955,263.97545230552987,296.0610046386719,133.6300048828125,355.4360046386719,145.6490020751953,7.679200317489825,0.14781762910067248,0.17100492042151222,-1.0598973368932532,-0.10942623414730272,,29.493134808211916,8.419829903896796
80.0,27.52048842819044,0.3073669180362744,2.2321893252583243,63.05480030885328,189.79246749148098,263.976449265184,296.4440002441406,133.6300048828125,355.4360046386719,145.64999389648438,7.644580118941788,0.08537969945452067,-0.6924039709607793,-1.248758592923107,-0.712343301097892,-0.3036639100216504,29.23266286000493,8.341453248384402
80.05000000000003,27.24199386404172,0.3491541637397161,1.07766894897522,62.69891439426938,190.17247237429424,263.97808239339844,296.8240051269531,133.6300048828125,355.43499755859375,145.6510009765625,7.567220517789367,0.09698726770547669,-1.54719202304764,0.2321513650190016,-1.3368144545448253,,28.643413113429443,8.393155657088581
80.10000000000002,26.829036862669856,0.4359391268424712,0.6304638961941809,62.34837357317297,190.54747237432304,263.9791091937686,297.1990051269531,133.6300048828125,355.43499755859375,145.64999389648438,7.452510239630516,0.12109420190068644,-2.2942055631771536,0.4821386839042224,-1.8795260780835945,,27.779972521133452,8.504262779479545
80.15,26.329250009363776,0.4343559448321767,0.6527192581807088,62.00377512203862,190.91646041150528,263.979408647504,297.5679931640625,133.6300048828125,355.43499755859375,145.64999389648438,7.313680558156604,0.12065442912004909,-2.7765936294791747,-0.008795455612750027,-2.260659828143094,,26.754737517406504,8.61997270828994
80.2,25.798644723348346,0.3986846142126928,0.4873297461748331,61.66697585619804,191.27745284324783,263.97950973698147,297.9289855957031,133.6300048828125,355.43499755859375,145.64999389648438,7.166290200930096,0.11074572617019245,-2.9478071445303375,-0.19817405899714413,-2.4338105683158346,,25.688102997086897,8.740202641309283
80.25,25.289388928415452,0.3983520406740474,0.4730922100162619,61.33702470998736,191.6314567495947,263.979610826459,298.2829895019531,133.6300048828125,355.43499755859375,145.64999389648438,7.024830257893181,0.11065334463167983,-2.829198860738452,-0.0018476307702523448,-2.389819154392075,,24.684089349062184,8.871184056702624
80.30000000000003,24.84388989969121,0.4110083202053291,0.4563153498760771,61.01288094295927,191.97947921059608,263.979610826459,298.6310119628906,133.6300048828125,355.43499755859375,145.64999389648438,6.901080527692002,0.11416897783481364,-2.4749946040223088,0.07031266406264014,-2.1538202502136685,,23.82191453406697,8.989772534536385
80.35000000000002,24.49623789013602,0.4111210909596104,0.44010506696680735,60.69442511579778,192.3214606293431,263.979610826459,298.9729919433594,133.63099670410156,355.43499755859375,145.64999389648438,6.804510525037783,0.11420030304433622,-1.9314000530845052,0.0006265041904516067,-1.7776063036987808,,23.159944527319922,9.071976094099915
80.4,24.25910499722089,0.4077060175883731,0.4085831701853251,60.38011049441585,192.65947332465774,263.979610826459,299.3110046386719,133.63099670410156,355.43499755859375,145.64999389648438,6.738640277005803,0.11325167155232586,-1.3174049606400349,-0.01897262984021356,-1.3300873458404612,,22.713839358293306,9.11343061604112
80.45,24.131449234663087,0.4087033228192705,0.39623915599101,60.06885861224468,192.9944647797405,263.979610826459,299.64599609375,133.63099670410156,355.43499755859375,145.64999389648438,6.703180342961969,0.1135287007831307,-0.7091986808767329,0.005540584616096948,-0.8871139173879115,,22.475424460521293,9.115621085574164
80.5,24.09872573846359,0.4093988918187298,0.4064423533692555,59.75786286070533,193.32945623484542,263.979610826459,299.9809875488281,133.63099670410156,355.43499755859375,145.64999389648438,6.694090482906552,0.1137219143940916,-0.18179720110834163,0.0038642722192183095,-0.5203174777639261,,22.4145019863647,9.08121960439337
80.55000000000003,24.121874650103052,0.4070147502155373,0.4122284120168375,59.4470989639024,193.6644782075545,263.979610826459,300.3160095214844,133.63099670410156,355.43499755859375,145.64999389648438,6.700520736139737,0.11305965283764924,0.1286050646636258,-0.013245231128840459,-0.2849601400091368,,22.457630280824993,9.024267159910398
80.60000000000002,24.153519123740896,0.4076246046554396,0.4093969597981344,59.13662824309817,193.99946966269607,263.979610826459,300.6510009765625,133.63099670410156,355.43499755859375,145.64999389648438,6.709310867705804,0.11322905684873322,0.17580263132136342,0.0033880802216797717,-0.2092711579784308,,22.516572175054733,8.965404051192882
80.65,24.153627696563905,0.40721339736166706,0.4066827050510834,58.82549443267211,194.3354681979036,263.979610826459,300.98699951171875,133.63099670410156,355.43499755859375,145.64999389648438,6.7093410268233065,0.11311483260046307,0.0006031823500409597,-0.00228448496540379,-0.28958192733882104,,22.516783200709447,8.918039424390688
80.7,24.092535522999874,0.40743479961220297,0.4075577235910345,58.51556691866875,194.67045965301,263.979610826459,301.3219909667969,133.63099670410156,355.43499755859375,145.64999389648438,6.692370978611076,0.11317633322561194,-0.3394009642446265,0.0012300125029774543,-0.4938368975125205,,22.403030772167646,8.894018361278748
80.75,23.95555506365784,0.4098031363804536,0.4087028331616751,58.20661267342503,195.004476063804,263.979610826459,301.656005859375,133.63200378417972,355.43499755859375,145.64999389648438,6.654320851016067,0.11383420455012601,-0.7610025519002306,0.013157426490282202,-0.7718146843426369,,22.14898322712711,8.89941786070269
80.80000000000003,23.746360212607705,0.4071476083182083,0.4083167619729631,57.90093527697318,195.33546971614768,263.979610826459,301.98699951171875,133.63200378417972,355.43499755859375,145.64999389648438,6.596211170168806,0.11309655786616897,-1.1621936169446117,-0.01475293367913322,-1.0674741643729428,,21.76393071260315,8.931023038967668
80.85000000000002,23.47535166008157,0.4094760227352615,0.4081522551505282,57.599225313194935,195.6624655657614,263.979610826459,302.3139953613281,133.63200378417972,355.43499755859375,145.64999389648438,6.5209310166893255,0.11374333964868374,-1.5056030695897038,0.01293563565029622,-1.3292886738850016,,21.270001008472345,8.989768728315385
80.9,23.158372100511823,0.4085203574049921,0.40823368913219016,57.30054908025343,195.9864706927296,263.979610826459,302.63800048828125,133.63200378417972,355.43499755859375,145.64999389648438,6.432881139031061,0.11347787705694225,-1.7609975531658828,-0.005309251834831753,-1.5171935373288545,,20.69955422720173,9.067384376497216
80.95,22.82256466570724,0.40715778532725394,0.4080791353829884,57.006756785150735,196.30547093689307,263.979610826459,302.9570007324219,133.63200378417972,355.43499755859375,145.64999389648438,6.339601296029789,0.11309938481312609,-1.8655968600255508,-0.007569844876323548,-1.6069902970734677,,20.103688675288314,9.15548827305007
81.0,22.4962964267332,0.41065287919923105,0.4082045341210386,56.71762972570672,196.61946786468042,263.979610826459,303.27099609375,133.63299560546878,355.43499755859375,145.64999389648438,6.24897122964811,0.11407024422200862,-1.8126013276336792,0.019417188177651694,-1.5927527590653645,-0.8804094579674725,19.532982316738583,9.24506156005251
81.05000000000003,22.20260765961887,0.4075617168306915,0.40825923078255394,56.43265247617203,196.92946542329,263.979610826459,303.58099365234375,133.63299560546878,355.43499755859375,145.64999389648438,6.1673910165607975,0.1132115880085254,-1.6316042617454232,-0.017173124269655546,-1.4863396802465725,,19.026419469724065,9.321256485637694
81.10000000000002,21.954999928809986,0.4076012911804179,0.40825689943505183,56.15161037570139,197.23546517915557,263.979610826459,303.8869934082031,133.63299560546878,355.43499755859375,145.64999389648438,6.098611091336107,0.11322258088344941,-1.3755985044938939,0.00021985749848020403,-1.313436008327646,,18.604453726259262,9.381432210009157
81.15,21.75700064080721,0.4087092246626042,0.4084064821651456,55.873573466938154,197.5384742123592,263.979610826459,304.19000244140625,133.63299560546878,355.43499755859375,145.64999389648438,6.043611289113113,0.11353034018405671,-1.099996044460243,0.006155186012147974,-1.1075444209491314,,18.270410550145193,9.422043261752778
81.2,21.60871622434896,0.4085573757604367,0.40851873977996894,55.597641827427225,197.8394690854071,263.979610826459,304.4909973144531,133.63299560546878,355.43499755859375,145.64999389648438,6.002421173430267,0.11348815993345464,-0.8238023136569808,-0.0008436050120414409,-0.904124723993833,,18.02224262648716,9.441022217400223
81.25,21.50374027618991,0.4086787402178063,0.4084063001637042,55.323568697590495,198.13848201181744,263.979610826459,304.7900085449219,133.63400268554688,355.43499755859375,145.64999389648438,5.97326118783053,0.11352187228272398,-0.5831997119947706,0.0006742469853868554,-0.735581416040559,,17.847576392901434,9.441285918289921
81.30000000000003,21.4245049763952,0.40853826149301975,0.40854536548118536,55.05089603772746,198.43648616222043,263.979610826459,305.0880126953125,133.63400268554688,355.43499755859375,145.64999389648438,5.951251382331999,0.1134828504147277,-0.440196109970389,-0.0007804373599250462,-0.6264763775974334,,17.716307224839515,9.430110398457918
81.35000000000002,21.34958866588689,0.40860723361350376,0.4084584865690096,54.77940675830488,198.73348323254746,263.979610826459,305.385009765625,133.63400268554688,355.43499755859375,145.64999389648438,5.9304412960796915,0.11350200933708438,-0.4162017250461739,0.0003831784471333917,-0.5892197985240252,,17.592634630341326,9.417205490024209
81.4,21.26088449620749,0.408704769172828,0.4084769277457932,54.50910339164599,199.02947322279425,263.979610826459,305.6809997558594,133.63400268554688,355.43499755859375,145.64999389648438,5.905801248946524,0.11352910254800777,-0.4928009426635154,0.0005418642184680983,-0.6220070573826444,,17.446760512818603,9.410643683084098
81.45,21.14546977989434,0.40830501181622897,0.4085916503946908,54.240877006499645,199.32347957045715,263.979610826459,305.9750061035156,133.63400268554688,355.43499755859375,145.64999389648438,5.873741605526206,0.11341805883784138,-0.6411928684064003,-0.002220874203327909,-0.7103856381471272,,17.25788082209899,9.416273652709384
81.5,20.99671666167553,0.40898098757295576,0.4084244612320632,53.97361576276507,199.61648051672188,263.979610826459,306.26800537109375,133.63499450683594,355.43499755859375,145.64999389648438,5.83242129490987,0.1136058298813766,-0.8264062123267671,0.00375542087070462,-0.8318158256924281,,17.015932828387875,9.437884770714218
81.55000000000003,20.816140746003658,0.4088457087018103,0.4085528604191751,53.70956719000598,199.90648906164375,263.979610826459,306.5580139160156,133.63499450683594,355.43499755859375,145.64999389648438,5.782261318334349,0.11356825241716953,-1.0031995315099016,-0.0007515492841410662,-0.9611426677689667,,16.72453925007048,9.474754024943081
81.60000000000002,20.60820562351646,0.4085606942654444,0.4086488007276777,53.448534328427954,200.19347636633225,263.979610826459,306.8450012207031,133.63499450683594,355.43499755859375,145.64999389648438,5.724501562087906,0.11348908174040122,-1.1551951249289285,-0.0015834135353663193,-1.0751694215367464,,16.392115813072856,9.525631828357557
81.65,20.38018091276939,0.4087311553612413,0.4086509937975415,53.189571032835225,200.47848002844466,263.979610826459,307.1300048828125,133.63499450683594,355.43499755859375,145.64999389648438,5.661161364658164,0.11353643204478925,-1.2668039485952733,0.0009470060877609276,-1.1558257095771611,,16.03140048061131,9.587792217570945
81.7,20.144596192686837,0.4083846988580155,0.40863372610729937,52.93450226932281,200.75948588782447,263.979610826459,307.4110107421875,133.63499450683594,355.43499755859375,145.64999389648438,5.595721164635233,0.11344019412722652,-1.3088040004586998,-0.0019247583512547724,-1.192338590047778,,15.662950559288074,9.655544106302287
81.75,19.914269439411235,0.4090124516315837,0.4086670972486771,52.6824355747598,201.0374705069699,263.979610826459,307.6889953613281,133.63499450683594,355.43499755859375,145.64999389648438,5.531741510947565,0.11361456989766212,-1.2795930737534196,0.00348751540871237,-1.1825762082573428,,15.306843798161113,9.723348846282802
81.80000000000003,19.699241151706826,0.4084770965304188,0.40866098075241697,52.43310780175325,201.312466247511,263.979610826459,307.9639892578125,133.63600158691406,355.43499755859375,145.64999389648438,5.4720114310296735,0.11346586014733856,-1.1946015983572273,-0.002974195006469759,-1.133033778854962,,14.978108073048778,9.78493310523225
81.85000000000002,19.505957223526174,0.4087865002871045,0.4086789074197771,52.186973945914716,201.5844694213403,263.979610826459,308.2359924316406,133.63600158691406,355.43499755859375,145.64999389648438,5.418321450979493,0.1135518056353068,-1.0737996010036788,0.0017189097593648818,-1.0569617963471312,,14.685643311786537,9.837726999973949
81.9,19.3356398870637,0.4084984576698013,0.4086582762694744,51.943800180640594,201.85348187251216,263.979610826459,308.5050048828125,133.63600158691406,355.43499755859375,145.64999389648438,5.371011079739916,0.11347179379716703,-0.9462074247918503,-0.0016002367627959608,-0.9709917438988193,,14.430331082174769,9.879850355283237
81.95,19.184296258158238,0.40894950983034734,0.4087227260708862,51.702700215850456,202.12048016352813,263.979610826459,308.7720031738281,133.63600158691406,355.43499755859375,145.64999389648438,5.328971182821733,0.11359708606398537,-0.8407979383637121,0.0025058453363670276,-0.8914060038276188,,14.2053244433838,9.913498077350146
82.0,19.046524252850766,0.4087770253256229,0.40870232984615296,51.4627632046784,202.38647137446702,263.979610826459,309.0379943847656,133.63600158691406,355.43499755859375,145.64999389648438,5.290701181347435,0.11354917370156191,-0.7654000294859999,-0.0009582472484693228,-0.8312211093603719,0.7615316497049927,14.002044092568832,9.940342436391946
82.05000000000003,18.916131940610594,0.40862283588344017,0.4086800425643159,51.22554505767276,202.64947373291042,263.979610826459,309.3009948730469,133.63699340820312,355.43499755859375,145.64999389648438,5.254481094614054,0.1135063433009556,-0.7244017346672595,-0.0008566080121256761,-0.798546163758314,,13.811001185694296,9.964150359440156
82.10000000000002,18.784876156237786,0.4085455748052297,0.4086785306182944,50.989718829362886,202.91146714111585,263.979610826459,309.56298828125,133.63699340820312,355.43499755859375,145.64999389648438,5.218021154510496,0.11348488189034157,-0.7291988020711907,-0.0004292282122806101,-0.7959573432381291,,13.620016487295995,9.989079558914442
82.15,18.64566383126659,0.4091243804386842,0.40871785312603853,50.756837583719474,203.17046982666452,263.979610826459,309.8219909667969,133.63699340820312,355.43499755859375,145.64999389648438,5.179351064240719,0.11364566123296783,-0.7734018053958076,0.0032155868525263064,-0.820564008253001,,13.418893313348526,10.019678080135094
82.2,18.493635289735803,0.40876441051024254,0.4087558242912613,50.52511396541212,203.4284654321341,263.979610826459,310.0799865722656,133.63699340820312,355.43499755859375,145.64999389648438,5.137120913815501,0.11354566958617848,-0.844603008504409,-0.0019998329357871518,-0.8648283819701164,,13.200983343714013,10.057580693679117
82.25,18.326560591586986,0.4083710059245426,0.4086916797205572,50.29542556300677,203.6844773950248,263.979610826459,310.33599853515625,133.63699340820312,355.43499755859375,145.64999389648438,5.090711275440829,0.11343639053459517,-0.9281927674934914,-0.0021855810316663412,-0.9183070652747314,,12.96356379593524,10.104992325339698
82.30000000000003,18.14605508555148,0.40908593409663097,0.4087525634771785,50.068456987098656,203.93747012211483,263.979610826459,310.5889892578125,133.63800048828122,355.43499755859375,145.64999389648438,5.0405708570976335,0.1136349816935086,-1.002808366863397,0.003971823178266409,-0.9700762501128692,,12.709455121403689,10.16216907050798
82.35000000000002,17.956486559020764,0.40838369577373296,0.4087122830258413,49.844675429193295,204.18747012637627,263.979610826459,310.8389892578125,133.63800048828122,355.43499755859375,145.64999389648438,4.987912933061323,0.1134399154927036,-1.0531584807262706,-0.003901324016100049,-1.0111115037225171,,12.445325001624,10.225633210648809
82.4,17.76226154559657,0.4086631235391046,0.4087287496127717,49.622958048166815,204.43548653412552,263.979610826459,311.0870056152344,133.63800048828122,355.43499755859375,145.64999389648438,4.933961540443492,0.11351753431641795,-1.0790278523569923,0.0015523764742874945,-1.0358299944035794,,12.177561754169552,10.294249874616206
82.45,17.567679817526148,0.4082869835629466,0.4086624969860316,49.40415737042193,204.68048166309788,263.979610826459,311.3320007324219,133.63800048828122,355.43499755859375,145.64999389648438,4.87991106042393,0.11341305098970739,-1.0810096003913021,-0.002089666534211395,-1.0424855118008571,,11.912239294233153,10.364853530642893
82.5,17.376771318652178,0.4087669097157152,0.4086614854250408,49.188252318717964,204.92248605927543,263.979610826459,311.5740051269531,133.63800048828122,355.43499755859375,145.64999389648438,4.8268809218478275,0.11354636380992089,-1.060602771522106,0.0026662564042702467,-1.0327096805399167,,11.654746886448146,10.4359551297464
82.55000000000003,17.192163155582634,0.4089270014794632,0.4086919019846431,48.974375067838224,205.162476293658,263.979610826459,311.8139953613281,133.63800048828122,355.43499755859375,145.64999389648438,4.775600876550731,0.11359083374429534,-1.0256009059413966,0.0008893986874884298,-1.0106902424732152,,11.40843310863892,10.504968794247548
82.60000000000002,17.015475487695962,0.4085083947119892,0.4086881839753192,48.76339652394,205.39947580566243,263.979610826459,312.0509948730469,133.63800048828122,355.43499755859375,145.64999389648438,4.726520968804434,0.11347455408666365,-0.981598154926007,-0.002325593152633775,-0.9822388579906312,,11.175162118069888,10.570734918472352
82.65,16.846778627788893,0.4089762649211725,0.408673372423568,48.55416952394597,205.634493833191,263.979610826459,312.2860107421875,133.63900756835938,355.43499755859375,145.64999389648438,4.679660729941359,0.11360451803365902,-0.9372047772618152,0.0025992789399082433,-0.9537253436646014,,10.954670599631644,10.633698082897505
82.7,16.684022949488153,0.4083625840098765,0.4086331897735313,48.347216853914325,205.86749554294997,263.979610826459,312.5190124511719,133.63900756835938,355.43499755859375,145.64999389648438,4.634450819302264,0.11343405111385459,-0.904198212781944,-0.0034093383960888952,-0.9308669536191831,,10.744048005253621,10.69385768606878
82.75,16.52393143084328,0.40901392352126426,0.4086974815332035,48.143180998908704,206.09747601241935,263.979610826459,312.7489929199219,133.63900756835938,355.43499755859375,145.64999389648438,4.589980953012022,0.11361497875590673,-0.8893973258049009,0.0036185528410431047,-0.9176134438450697,,10.538840748613366,10.754945803431793
82.80000000000003,16.363515504136682,0.40849208695854405,0.4086380968193949,47.94113828445678,206.32547283917322,263.979610826459,312.97698974609375,133.63900756835938,355.43499755859375,145.64999389648438,4.545420973371301,0.11347002415515112,-0.8911995928139641,-0.002899092015110809,-0.9155212072812878,,10.335225939068005,10.817139147612705
82.85000000000002,16.200435398024574,0.4088750250795313,0.4086872297499747,47.741084098097886,206.5514860231913,263.979610826459,313.2030029296875,133.63900756835938,355.43499755859375,145.64999389648438,4.500120943895715,0.11357639585542535,-0.9060005895117644,0.0021274340054848284,-0.9238149497935255,,10.130245630833722,10.883504029244637
82.9,16.03281825014276,0.4084210539904772,0.408663022795112,47.5430437210011,206.7754850469209,263.979610826459,313.427001953125,133.63900756835938,355.43499755859375,145.64999389648438,4.453560625039656,0.11345029277513255,-0.931206377121503,-0.002522061605856912,-0.9399713207247935,,9.921718918724967,10.954314645970841
82.95,15.860018636619875,0.40879292238915377,0.4087136166777327,47.34787570136279,206.99649334789365,263.979610826459,313.64801025390625,133.63900756835938,355.43499755859375,145.64999389648438,4.4055607323944095,0.11355358955254272,-0.9599978529049848,0.0020659355482034523,-0.9604914066959276,,9.708996665639152,11.03161383694111
83.0,15.681998818113222,0.4085851882888866,0.40869544453504975,47.15445864983204,207.21548973459664,263.979610826459,313.86700439453125,133.63999938964844,355.43499755859375,145.64999389648438,4.356110782809228,0.11349588563580183,-0.9889989917036808,-0.0011540783348177421,-0.9816378684457951,-0.1504167590854233,9.492270025600282,11.114453856443415
83.05000000000003,15.499441983267735,0.4089720935752544,0.4086999537446289,46.9641539506847,207.43149315263514,263.979610826459,314.0830078125,133.63999938964844,355.43499755859375,145.64999389648438,4.305400550907704,0.11360335932645954,-1.0142046380299659,0.002149473813153068,-1.0000803897645132,,9.272546845229913,11.203796311291875
83.10000000000002,15.314150582123885,0.4084363860002109,0.40869275287345097,46.775844636920965,207.64548241048885,263.979610826459,314.2969970703125,133.63999938964844,355.43499755859375,145.64999389648438,4.253930717256635,0.11345455166672526,-1.0293966730214397,-0.002976153194685807,-1.0134291563069617,,9.052181489946324,11.297186553998944
83.15,15.127885859675514,0.4087841671725459,0.4086735430985883,46.59038423511481,207.8564809456683,263.979610826459,314.50799560546875,133.63999938964844,355.43499755859375,145.64999389648438,4.202190516576532,0.11355115754792941,-1.0348040136024192,0.0019321176240836774,-1.0205656334451993,,8.833309994709198,11.395054978787408
83.2,14.942017739854359,0.4084929309160073,0.4086865777892014,46.406883250848786,208.06549583825927,263.979610826459,314.7170104980469,133.63999938964844,355.43499755859375,145.64999389648438,4.150560483292877,0.1134702585877798,-1.0326006656731455,-0.0016179792029922622,-1.0216709393294345,,8.617586450508131,11.495103085838977
83.25,14.7576259121067,0.4089525869890709,0.4086804441359821,46.22624666995859,208.27148949061092,263.979610826459,314.9230041503906,133.63999938964844,355.43499755859375,145.64999389648438,4.09934053114075,0.11359794083029746,-1.024399043042608,0.002553644850353399,-1.0179728439533977,,8.406194578801983,11.597871574451641
83.30000000000003,14.575393572471846,0.4084320162053183,0.4086744370606595,46.048440941829426,208.47449242030282,263.979610826459,315.1260070800781,133.63999938964844,355.43499755859375,145.64999389648438,4.048720436797735,0.11345333783481064,-1.0124018868597744,-0.002892059909735031,-1.0113489043212365,,8.199876475256799,11.701448153159204
83.35000000000002,14.395285541773443,0.4086192039354367,0.40864885494625003,45.87260621399204,208.6754811898367,263.979610826459,315.3269958496094,133.63999938964844,355.43499755859375,145.64999389648438,3.9986904282704008,0.1135053344265102,-1.000600170546745,0.001039931833991318,-1.0039199294520347,,7.998466464446109,11.80702773116269
83.4,14.216942200132614,0.4087398700586416,0.4086807365530664,45.698710446260975,208.8744863167916,263.979610826459,315.5260009765625,133.63999938964844,355.43499755859375,145.64999389648438,3.949150611147948,0.11353885279406711,-0.9907963424493897,0.0006703673511384633,-0.9976966504258529,,7.8014975522894705,11.914290126947582
83.45,14.03971378936923,0.4085888146204943,0.4086603257762005,45.52739083855421,209.07047279097822,263.979610826459,315.72198486328125,133.64100646972656,355.43499755859375,145.64999389648438,3.8999204970470083,0.1134968929501373,-0.9846022820188542,-0.00083919687859623,-0.9942907900440077,,7.60819693440134,12.02381861107882
83.5,13.862485383764731,0.4087478542856399,0.40867659237587584,45.35911673378532,209.26349647261947,263.979610826459,315.9150085449219,133.64100646972656,355.43499755859375,145.64999389648438,3.850690384379092,0.11354107063489997,-0.9846022533583847,0.000883553695253442,-0.9946932245389786,,7.417313407369917,12.13732488389446
83.55000000000003,13.684142042887595,0.4083388905430772,0.4086132720726581,45.192819867504,209.4544754765261,263.979610826459,316.1059875488281,133.64100646972656,355.43499755859375,145.64999389648438,3.801150567468776,0.11342746959529922,-0.9907963382058054,-0.002272020792013999,-0.9991407179128835,,7.227687522466106,12.254905294953243
83.60000000000002,13.503925877292671,0.4089478360301687,0.4086644170756539,45.028415755863335,209.64350135543256,263.979610826459,316.2950134277344,133.64100646972656,355.43499755859375,145.64999389648438,3.751090521470186,0.1135966211194913,-1.0012009199718577,0.00338303048384189,-1.0070974046593424,,7.038541833731421,12.378932638813694
83.65,13.32115363926495,0.4085186115679702,0.4086378615151964,44.8668559580441,209.82947547652637,263.979610826459,316.4809875488281,133.64100646972656,355.43499755859375,145.64999389648438,3.700320455351375,0.11347739210221394,-1.0154013223765723,-0.0023845803455479846,-1.017364129156261,,6.849295004217166,12.508696388416126
83.7,13.135501818221956,0.4089188513463171,0.40868045355822735,44.708053030975684,210.012489392542,263.979610826459,316.66400146484375,133.64100646972656,355.43499755859375,145.64999389648438,3.6487505050616544,0.11358856981842141,-1.0313990057944675,0.002223554324149572,-1.0282701701717403,,6.6596878373728305,12.64664176168269
83.75,12.9474373002142,0.4083794196899718,0.4086231368283174,44.551180512724564,210.19348914840137,263.979610826459,316.8450012207031,133.64100646972656,355.43499755859375,145.64999389648438,3.5965103611706106,0.11343872769165883,-1.0448028778209355,-0.0029968425352518463,-1.0378451780964817,,6.470347961412685,12.790736824685387
83.80000000000003,12.757753143640961,0.4090124728164947,0.4086811824894351,44.397079142826854,210.37149818160447,263.979610826459,317.02301025390625,133.64100646972656,355.43499755859375,145.64999389648438,3.543820317678045,0.11361457578235964,-1.0538008698507744,0.0035169618140144846,-1.0439020677993514,,6.28211710535248,12.942940760423165
83.85000000000002,12.567133430292461,0.408519007029392,0.4086711627988307,44.24489784089727,210.54749305465145,263.979610826459,317.1990051269531,133.64100646972656,355.43499755859375,145.64999389648438,3.4908703973034614,0.11347750195260888,-1.0589984074917316,-0.0027414765950155465,-1.044310405741962,,6.095778425029619,13.100272372538784
83.9,12.376189284485084,0.4090206022019112,0.4086992360131577,44.09547614128906,210.72049720504228,263.979610826459,317.37200927734375,133.64100646972656,355.43499755859375,145.64999389648438,3.4378303568014124,0.11361683394497533,-1.0608008100413422,0.002786639847330137,-1.038220043381764,,5.911912513467706,13.264895046347162
83.95,12.185029684590145,0.40848504955379816,0.408688859506488,43.94856055352766,210.89048300872795,263.979610826459,317.5419921875,133.64199829101562,355.43499755859375,145.64999389648438,3.384730467941707,0.11346806932049949,-1.0619977771941684,-0.0029752924895170034,-1.0282120706324211,,5.730678963657218,13.434699162335527
84.0,12.009781410962734,0.4089811037922257,0.4087121844571466,43.803792121044026,211.05848227630605,263.979610826459,317.7099914550781,133.64199829101562,355.43499755859375,145.64999389648438,3.336050391934093,0.11360586216450713,-0.973601520152336,0.0027558568801529415,-1.0210218302720682,-0.03938396182627302,5.566987112239628,13.593300298383454
84.05000000000003,11.84144508174804,0.4086294409300692,0.4087412394958457,43.66176203230299,211.2234908212281,263.979610826459,317.875,133.64199829101562,355.43499755859375,145.64999389648438,3.2892903004855665,0.11350817803613034,-0.9352018289700504,-0.0019536825675349197,-1.0240157880978034,,5.412000218874824,13.748306044234214
84.10000000000002,11.657412884464586,0.4085820183174451,0.4087046577245734,43.52162558484227,211.38648520599378,263.979610826459,318.0379943847656,133.64199829101562,355.43499755859375,145.64999389648438,3.238170245684607,0.1134950050881792,-1.0224010960192458,-0.00026345895902281477,-1.0391726113494781,,5.245056905116601,13.928323089763444
84.15,11.460601349097068,0.40868424486171506,0.4087212210539478,43.383351409648895,211.54749594818128,263.979610826459,318.1990051269531,133.64199829101562,355.43499755859375,145.64999389648438,3.1835003747491855,0.11352340135047641,-1.0933974187088056,0.0005679252459444278,-1.0611133514126325,,5.069409464545539,14.131444786431853
84.2,11.253961344920961,0.4085379236109389,0.4086831282804101,43.24868902033503,211.70447837005642,263.979610826459,318.3559875488281,133.64199829101562,355.43499755859375,145.64999389648438,3.1261003735891557,0.11348275655859413,-1.1480000232006602,-0.0008128958376455349,-1.0824558372554953,,4.888212194945595,14.355803145349807
84.25,11.058876731718572,0.40897049425695375,0.4087422357371082,43.115875545106704,211.85947714935367,263.979610826459,318.510986328125,133.64199829101562,355.43499755859375,145.64999389648438,3.071910203255159,0.11360291507137604,-1.0838034066799989,0.002403170255638324,-1.100881572967745,,4.720159094733847,14.574459513630158
84.30000000000003,10.869085321745038,0.4084379161143552,0.40868478006689424,42.98576899497522,212.01148520599446,263.979610826459,318.6629943847656,133.64199829101562,355.43499755859375,145.64999389648438,3.019190367151399,0.11345497669843199,-1.0543967220746555,-0.002958767458879504,-1.1198196609614623,,4.559503940038321,14.79337079436072
84.35000000000002,10.664137069748199,0.4087669864187322,0.40870957800582813,42.85836220037746,212.16050253997898,263.979610826459,318.81201171875,133.64199829101562,355.43499755859375,145.64999389648438,2.962260297152277,0.1135463851163145,-1.1386013999825042,0.0018281683576502545,-1.142592873098145,,4.389120960778992,15.044758117590584
84.4,10.449865025549071,0.4085307760065568,0.4086605953862928,42.73367407104117,212.30649863372952,263.979610826459,318.9580078125,133.64199829101562,355.43499755859375,145.64999389648438,2.902740284874742,0.11348077111293244,-1.190400245551106,-0.001312280067641728,-1.1675832942245175,,4.214464432816303,15.320740380303898
84.45,10.230372757208416,0.4087950869040192,0.4086915991213149,42.61083870773413,212.45048056732398,263.979610826459,319.10198974609375,133.64199829101562,355.43499755859375,145.64999389648438,2.841770210335671,0.113554190806672,-1.2194014907814914,0.0014683938747915017,-1.1894941264339147,,4.039215319846373,15.618514889426377
84.5,10.009728635074929,0.4083253176559119,0.4086260205076836,42.49151614565772,212.59049521576264,263.979610826459,319.24200439453125,133.64199829101562,355.43499755859375,145.64999389648438,2.7804801764097022,0.11342369934886441,-1.225800678519445,-0.0026098291561520255,-1.2039376654560796,,3.86680865419849,15.931929897931994
84.55000000000003,9.789948814151675,0.4088394509917401,0.4086470215138507,42.374890071566526,212.72748862396665,263.979610826459,319.3789978027344,133.64199829101562,355.43499755859375,145.64999389648438,2.719430226153243,0.11356651416437226,-1.220999005128564,0.002856296310155475,-1.2101383441938252,,3.6987911201970958,16.261298418496615
84.60000000000002,9.571465058896212,0.4085618847998743,0.4086450081620936,42.260928334601886,212.86149130951432,263.979610826459,319.51300048828125,133.64199829101562,355.43499755859375,145.64999389648438,2.6587402941378366,0.11348941244440953,-1.2137986403081926,-0.0015420343992545759,-1.210360417475019,,3.5354751741786914,16.603770811298766
84.65,9.354528840362784,0.4091733644949302,0.4086939201254151,42.14962402136596,212.99250327240551,263.979610826459,319.6440124511719,133.64199829101562,355.43499755859375,145.64999389648438,2.5984802334341066,0.11365926791525838,-1.2052012140750115,0.00339710941697801,-1.2080500442150628,,3.376941579179742,16.96277316496048
84.7,9.13878051011182,0.4072233005767769,0.40856245782199896,42.04099701696091,213.120493995062,263.979610826459,319.7720031738281,133.64199829101562,355.43499755859375,145.64999389648438,2.5385501416977276,0.11311758349354914,-1.1986018347276477,-0.010833688434185368,-1.2065404592890592,,3.2229313153416985,17.33333031316498
84.75,8.923536863726898,0.4086329168402063,0.4085287000803242,41.93387107546497,213.24650509949382,263.979610826459,319.89801025390625,133.64300537109378,355.43499755859375,145.64999389648438,2.478760239924138,0.11350914356672397,-1.195798035471857,0.007831201463496975,-1.2085990869605339,,3.0727899087698165,17.72906641894403
84.80000000000003,8.707609146192341,0.4087081209881929,0.408555720567708,41.83054992367524,213.3684838592596,263.979610826459,320.0199890136719,133.64300537109378,355.43499755859375,145.64999389648438,2.4187803183867613,0.11353003360783137,-1.1995984307469234,0.0004178008221478818,-1.2163137646093272,,2.925791318767356,18.145694956822073
84.85000000000002,8.489088477649327,0.4083473829512473,0.4085137602209595,41.729833285922936,213.48750241394714,263.979610826459,320.1390075683594,133.64300537109378,355.43499755859375,145.64999389648438,2.3580801326803686,0.11342982859756869,-1.2140037141279227,-0.0020041002052538256,-1.2309574640245757,,2.7806993409977347,18.590712015542298
84.9,8.266248807488573,0.4089375689478135,0.4085544395150851,41.631766253045505,213.60349972840038,263.979610826459,320.2550048828125,133.64300537109378,355.43499755859375,145.64999389648438,2.2961802243023812,0.11359376915217043,-1.2379981675601708,0.0032788110920359353,-1.2526568523794088,,2.6365139902238726,19.074422188677254
84.95,8.03797260826339,0.40848732150008826,0.408523662974692,41.536316515725744,213.71650632019745,263.979610826459,320.3680114746094,133.64300537109378,355.43499755859375,145.64999389648438,2.2327701689620527,0.11346870041669119,-1.2682011068066423,-0.0025013747095849227,-1.27985816310709,,2.49280613871659,19.598967462878473
85.0,7.802352757728269,0.4086900835524793,0.4085601395643487,41.443503434033424,213.82649167176038,263.979610826459,320.4779968261719,133.64300537109378,355.43499755859375,145.64999389648438,2.167320210480075,0.11352502320902202,-1.308999169639632,0.0011264558466168113,-1.3094683709164936,-0.28844654064442543,2.348678110833788,20.178887311654197
85.05000000000003,7.558092332666697,0.40840357686144013,0.4085165521513187,41.35411792635793,213.9325097381676,263.979610826459,320.5840148925781,133.64300537109378,355.43499755859375,145.64999389648438,2.0994700924074157,0.1134454380170667,-1.357002361452489,-0.0015917038391055811,-1.3401197347459308,,2.2037973188391216,20.822455355922457
85.10000000000002,7.305841062070124,0.408785672120212,0.4085389308833525,41.267355962257405,214.0355065643407,263.979610826459,320.68701171875,133.64300537109378,355.43499755859375,145.64999389648438,2.029400295019479,0.11355157558894777,-1.4013959477588143,0.0021227514376213714,-1.3807903915994946,,2.058994592529702,21.53987428390528
85.15,7.046208774840697,0.4084375025195846,0.4084653446858179,41.18403131789279,214.13450558778047,263.979610826459,320.7860107421875,133.64300537109378,355.43499755859375,145.64999389648438,1.957280215233527,0.11345486181099572,-1.4424015957195326,-0.0019342755590416251,-1.458999525194643,,1.9150978123465834,22.336067719629572
85.2,6.844788589036978,0.4089193281488149,0.4086349474430217,41.10331594212682,214.23048337098385,263.979610826459,320.8819885253906,133.64300537109378,355.43499755859375,145.64999389648438,1.9013301636213826,0.11358870226355969,-1.1190010322429491,0.002676809051279524,-1.6129114618689193,,1.8070310581148594,22.9916276566253
85.25,6.605568562524708,0.40842025223819056,0.40861368098282014,41.02515276356368,214.32350094910888,263.979610826459,320.9750061035156,133.64300537109378,355.43499755859375,145.64999389648438,1.834880156256863,0.11345007006616405,-1.3290001472904667,-0.0027726439479129803,-1.8614783028296356,,1.6827730480924463,23.831879536595714
85.30000000000003,6.162444408207794,0.40862444317749136,0.4086053132017501,40.95127887454768,214.4114831268623,263.979610826459,321.06298828125,133.64300537109378,355.43499755859375,145.64999389648438,1.7117901133910538,0.11350678977152537,-2.461800857314926,0.0011343941072258527,-2.179806185071979,,1.4642426792703813,25.62187945690004
85.35000000000002,5.657724254890123,0.40868718745762783,0.4086392936523881,40.882478505210365,214.49348385937316,263.979610826459,321.1449890136719,133.64300537109378,355.43499755859375,145.64999389648438,1.5715900708028119,0.11352421873822995,-2.804000851764998,0.0003485793340915676,-2.5214464707193702,,1.2337959393845572,28.038650010781176
85.4,5.116068178584065,0.4086423466240375,0.4086097714200105,40.82042953161052,214.56748898649997,263.979610826459,321.218994140625,133.64300537109378,355.43499755859375,145.64999389648438,1.4211300496066848,0.11351176295112152,-3.0092004239235686,-0.00024911574216865574,-2.8796371651348327,,1.008353595604005,31.21715088927474
85.45,4.586148166317441,0.40857508417143396,0.4086185476871451,40.764274706689456,214.63450558827202,263.979610826459,321.2860107421875,133.64300537109378,355.43499755859375,145.64999389648438,1.2739300461992893,0.11349307893650942,-2.944000068148077,-0.00037368029224190595,-3.3188520233448022,,0.8097041817415639,35.12808069363371
85.5,4.0691164966385545,0.4086758880075509,0.4086171281326522,40.7148717928949,214.69349606698702,263.979610826459,321.3450012207031,133.64300537109378,355.43499755859375,145.64999389648438,1.130310137955154,0.11352108000209747,-2.8723981648828714,0.0005600213117610039,-3.8970427256142237,,0.6367664457230622,40.04220054536539
85.55000000000003,3.531236848013832,0.40839073484889415,0.4086158439313977,40.67134297697774,214.7454980202721,263.979610826459,321.3970031738281,133.64300537109378,355.43499755859375,145.64999389648438,0.9808991244482866,0.11344187079135948,-2.9882202701358165,-0.0015841842147590545,-4.501391496234631,,0.47875465840438974,46.88516229923622
85.60000000000002,2.306824583415085,0.4090281605762632,0.4086400927770028,40.63620958269229,214.78749020829704,263.979610826459,321.4389953613281,133.64300537109378,355.43499755859375,145.64999389648438,0.6407846065041902,0.11361893349340643,-6.802290358882315,0.0035412540409392804,-4.788859010747299,,0.20228193782998033,77.08286186768153
85.65,0.0005531055478356462,0.4084192500708923,0.4086382675321336,40.627848165399975,214.79750001044445,263.979610826459,321.4490051269531,133.64300537109378,355.43499755859375,145.64999389648438,0.00015364042995434616,0.11344979168635896,-12.812619321489088,-0.003382836140950517,-4.414546526185009,,0.0,inf
85.7,1.4347358017091567e-05,0.4090267220980722,0.4086490069270593,40.62785344574825,214.79751226036308,263.979610826459,321.4490051269531,133.64300537109378,355.43499755859375,145.64999389648438,3.98537722696988e-06,0.11361853391613116,-0.002993101054547696,0.003374844595444207,-3.383986556651349,,0.0,inf
85.75,9.036663142133831e-06,0.408523954212072,0.40865937712444733,40.627852565690034,214.79751516038516,263.979610826459,321.4490051269531,133.64300537109378,355.43499755859375,145.64999389648438,2.5101842061482865e-06,0.11347887617001999,-2.9503860416433548e-05,-0.002793154922223643,-2.105076000579229,,0.0,inf
85.80000000000003,1.6292755828626208e-05,0.4087846920183852,0.4086754020085368,40.62784728534218,214.7975252703574,263.979610826459,321.4490051269531,133.64300537109378,355.43499755859375,145.64999389648438,4.525765507951724e-06,0.11355130333844032,4.031162603604813e-05,0.0014485433684059217,-1.0477779243612915,,0.0,inf
85.85000000000002,1.879190184123672e-05,0.408530153237665,0.40865969858654055,40.62784200499686,214.797538050315,263.979610826459,321.4490051269531,133.64300537109378,355.43499755859375,145.64999389648438,5.219972733676867e-06,0.11348059812157361,1.3884144514503643e-05,-0.0014141043373342682,-0.41376974264170074,,0.0,inf
85.9,1.8633209615169558e-05,0.4088339299021079,0.4086788569143476,40.6278358445972,214.7975510603093,263.979610826459,321.4490051269531,133.64300537109378,355.43499755859375,145.64999389648438,5.175891559769321e-06,0.1135649805283633,-8.816234781512072e-07,0.0016876481357941601,-0.12894630562752996,,0.0,inf
85.95,1.7248187688062634e-05,0.4085621848527515,0.4086775669824793,40.62783056425738,214.79756307029598,263.979610826459,321.4490051269531,133.64300537109378,355.43499755859375,145.64999389648438,4.7911632466840645e-06,0.11348949579243096,-7.694566261705574e-06,-0.0015096947186466784,-0.031595048175929896,,0.0,inf
86.0,1.5576553551570356e-05,0.4087216275498776,0.408682140936712,40.6278252839201,214.79757349028216,263.979610826459,321.4490051269531,133.64300537109378,355.43499755859375,145.64999389648438,4.326820430991766e-06,0.11353378543052156,-9.2868563138465e-06,0.0008857927618119935,-0.0060657590253537915,1.3034026118911397,0.0,inf
86.05000000000003,0.0,0.4084004897301699,0.4086831164248396,40.6278252839201,214.79757349028216,263.979610826459,321.4490051269531,133.64300537109378,355.43499755859375,145.64999389648438,0.0,0.11344458048060274,-8.653640861979105e-05,-0.0017840989983754806,-0.0008724759334512102,,0.0,inf
86.10000000000002,4.788796434510908e-06,0.40898718954194496,0.4086790193214077,40.627820883640965,214.79758321037949,263.979610826459,321.4490051269531,133.64300537109378,355.43499755859375,145.64999389648438,1.3302212318085855e-06,0.11360755265054026,2.6604424636173224e-05,0.0032594433987505798,-1.0663251705399724e-05,,0.0,inf
86.15,6.155514974098118e-06,0.4084118723203627,0.40867828154635466,40.62781912352982,214.79758722030525,263.979610826459,321.4490051269531,133.64300537109378,355.43499755859375,145.64999389648438,1.7098652705828105e-06,0.11344774231121185,7.592880775487089e-06,-0.003196206786569269,-5.8970826898238565e-06,,0.0,inf
86.2,5.949448190128534e-06,0.408978247287492,0.4086734340652967,40.627817363418934,214.7975916802926,263.979610826459,321.4490051269531,133.64300537109378,355.43499755859375,145.64999389648438,1.652624497257926e-06,0.11360506869096999,-1.1448154664977532e-06,0.0031465275951629967,-2.8215458136996815e-06,,0.0,inf
86.25,5.535995249542176e-06,0.4083942755282304,0.4086604661969126,40.62781472325315,214.79759592037152,263.979610826459,321.4490051269531,133.64300537109378,355.43499755859375,145.64999389648438,1.5377764582061598e-06,0.11344285431339732,-2.2969607810354552e-06,-0.0032442875514536906,-1.9640360048376045e-06,,0.0,inf
86.30000000000003,4.910448213907777e-06,0.4089931252318412,0.4086813095182582,40.627812963142986,214.7975996603301,263.979610826459,321.4490051269531,133.64300537109378,355.43499755859375,145.64999389648438,1.3640133927521602e-06,0.11360920145328923,-3.475261309078214e-06,0.0033269427978365926,-2.435516507561652e-06,,0.0,inf
86.35000000000002,4.2445317449459255e-06,0.4083920129636695,0.4086674954908586,40.627812083088,214.79760290028491,263.979610826459,321.4490051269531,133.64300537109378,355.43499755859375,145.64999389648438,1.1790365958183125e-06,0.11344222582324152,-3.6995359386771648e-06,-0.003339512600954354,-3.162906284156997e-06,,0.0,inf
86.4,3.4544941390025324e-06,0.4089878431016885,0.4086828868108167,40.627810322978256,214.79760557038682,263.979610826459,321.4490051269531,133.64300537109378,355.43499755859375,145.64999389648438,9.595817052784813e-07,0.11360773419491348,-4.389097810798122e-06,0.0033101674334401663,-3.581926457178226e-06,,0.0,inf
86.45,2.7322281330360927e-06,0.4084036832147701,0.4086670366470185,40.62780944292349,214.79760774036842,263.979610826459,321.4490051269531,133.64300537109378,355.43499755859375,145.64999389648438,7.589522591766923e-07,0.11344546755965836,-4.012588922036006e-06,-0.003245332705102595,-3.5207074727197108e-06,,0.0,inf
86.5,1.5020937353214969e-06,0.4090425737176234,0.4086991312637931,40.62780944292349,214.79760774036842,263.979610826459,321.4490051269531,133.64300537109378,355.43499755859375,145.64999389648438,4.172482598115269e-07,0.11362293714378428,-6.834079987303697e-06,0.003549391682518756,-2.984774010728365e-06,,0.0,inf
86.55000000000003,1.5264913137664044e-06,0.40871931292932895,0.40873101358370906,40.62780944292349,214.79760912035562,263.979610826459,321.4490051269531,133.64300537109378,355.43499755859375,145.64999389648438,4.240253649351123e-07,0.11353314248036915,1.3554210247163828e-07,-0.001795893268301732,-2.1179768896835414e-06,,0.0,inf
86.60000000000002,1.4255615038269512e-06,0.4090262030093708,0.4087349149304517,40.62780944292349,214.79760912035562,263.979610826459,321.4490051269531,133.64300537109378,355.43499755859375,145.64999389648438,3.9598930661859754e-07,0.11361838972482523,-5.607211663303268e-07,0.0017049448891216371,-1.168120125193204e-06,,0.0,inf
86.65,1.2521077497032778e-06,0.40870612466425343,0.4087643401648408,40.62780856286879,214.79761095028806,263.979610826459,321.4490051269531,133.64300537109378,355.43499755859375,145.64999389648438,3.4780770825091047e-07,0.11352947907340373,-9.636319673540701e-07,-0.00177821302843056,-3.956383100860488e-07,,0.0,inf
86.7,1.6976407989001297e-06,0.40880689698901507,0.4087472051349931,40.62780856286879,214.79761095028806,263.979610826459,321.4490051269531,133.64300537109378,355.43499755859375,145.64999389648438,4.7156688858336935e-07,0.11355747138583752,2.475183606649318e-06,0.0005598462486758645,2.5908350046037592e-08,,0.0,inf
86.75,1.826803449693737e-06,0.4087460460524217,0.4087823821874121,40.62780768281417,214.79761247032292,263.979610826459,321.4490051269531,133.64300537109378,355.43499755859375,145.64999389648438,5.074454026927048e-07,0.11354056834789492,7.175702821867492e-07,-0.00033806075885214036,5.8084519904165726e-08,,0.0,inf
86.80000000000003,1.941407306570764e-06,0.408408050288161,0.4087238746930441,40.62780768281417,214.79761247032292,263.979610826459,321.4490051269531,133.64300537109378,355.43499755859375,145.64999389648438,5.392798073807678e-07,0.11344668063560027,6.366880937609343e-07,-0.0018777542458918548,-1.881483325918106e-07,,0.0,inf
86.85000000000002,1.4115718210460182e-06,0.40861652724638375,0.40874632612131545,40.62780680275961,214.79761358034298,263.979610826459,321.4490051269531,133.64300537109378,355.43499755859375,145.64999389648438,3.9210328362389394e-07,0.11350459090177326,-2.9435304751376437e-06,0.0011582053234596816,-5.122842320541342e-07,,0.0,inf
86.9,1.305307590049088e-06,0.4084402802032933,0.4086915698314759,40.62780680275961,214.79761358034298,263.979610826459,321.4490051269531,133.64300537109378,355.43499755859375,145.64999389648438,3.625854416803022e-07,0.11345563338980369,-5.903568388720365e-07,-0.0009791502393916582,-7.477856357291666e-07,,0.0,inf
86.95,1.2560673413037095e-06,0.4090592728798719,0.4087571287979861,40.62780680275961,214.79761358034298,263.979610826459,321.4490051269531,133.64300537109378,355.43499755859375,145.64999389648438,3.48907594806586e-07,0.11362757579996442,-2.735569374743396e-07,0.0034388482032148573,-8.252224718476791e-07,,0.0,inf
87.0,1.2274196153146539e-06,0.4085459799472793,0.4087074694209517,40.62780680275961,214.79761358034298,263.979610826459,321.4490051269531,133.64300537109378,355.43499755859375,145.64999389648438,3.409498931429594e-07,0.11348499442979981,-1.5915403327254096e-07,-0.002851627403292363,-7.284097255589562e-07,0.006065030615628232,0.0,inf
87.05000000000003,3.320423918818405e-07,0.4089235779907398,0.4087278959270927,40.62780680275961,214.79761358034298,263.979610826459,321.4490051269531,133.64300537109378,355.43499755859375,145.64999389648438,9.223399774495569e-08,0.1135898827752055,-4.974317907957529e-06,0.0020977669081126784,-4.751477965247787e-07,,0.0,inf
87.10000000000002,9.580894800809062e-07,0.4084948631268726,0.4086747619388428,40.62780680275961,214.79761358034298,263.979610826459,321.4490051269531,133.64300537109378,355.43499755859375,145.64999389648438,2.661359666891406e-07,0.11347079531302016,3.4780393788838957e-06,-0.0023817492437068453,-1.8351212365741377e-07,,0.0,inf
87.15,9.168965791063213e-07,0.4089258961029784,0.4086967390827153,40.62780680275961,214.79761469036308,263.979610826459,321.4490051269531,133.64300537109378,355.43499755859375,145.64999389648438,2.5469349419620034e-07,0.11359052669527178,-2.2884944985888344e-07,0.00239462764503316,-6.105400949872248e-08,,0.0,inf
87.2,1.4561685905920094e-06,0.4083812782605661,0.4086541772098705,40.62780680275961,214.79761469036308,263.979610826459,321.4490051269531,133.64300537109378,355.43499755859375,145.64999389648438,4.0449127516444706e-07,0.11343924396126835,2.995955619365105e-06,-0.0030256546800687734,-2.1381737609488162e-07,,0.0,inf
87.25,1.1762614556705351e-06,0.40900745500026703,0.408680318104655,40.62780680275961,214.79761469036308,263.979610826459,321.4490051269531,133.64300537109378,355.43499755859375,145.64999389648438,3.267392932418153e-07,0.11361318194451861,-1.5550396384527234e-06,0.0034787596650053577,-4.936141048800723e-07,,0.0,inf
87.30000000000003,1.2100377975495672e-07,0.4088199874724712,0.40872151182308597,40.627805922705114,214.79761503029582,263.979610826459,321.4490051269531,133.64300537109378,355.43499755859375,145.64999389648438,3.361216104304353e-08,0.113561107631242,-5.862542643972437e-06,-0.0010414862655317104,-6.287170994858914e-07,,0.0,inf
87.35000000000002,1.420094813277745e-07,0.4085735528827807,0.40871721438672576,40.627805922705114,214.79761503029582,263.979610826459,321.4490051269531,133.64300537109378,355.43499755859375,145.64999389648438,3.9447078146604027e-08,0.11349265357855019,1.166983420712165e-07,-0.0013690810538361743,-5.137660935705441e-07,,0.0,inf
87.4,1.2374650770994305e-06,0.4088340836602243,0.4087565947324189,40.627805922705114,214.79761503029582,263.979610826459,321.4490051269531,133.64300537109378,355.43499755859375,145.64999389648438,3.4374029919428623e-07,0.11356502323895118,6.08586442095572e-06,0.0014473932080202253,-2.7378236161898637e-07,,0.0,inf
87.45,1.1532915207499815e-07,0.4085953011287917,0.4087101975573108,40.627805922705114,214.79761503029582,263.979610826459,321.4490051269531,133.64300537109378,355.43499755859375,145.64999389648438,3.203587557638837e-08,0.1134986947579977,-6.234088472358312e-06,-0.001326569619069593,-6.23501644843871e-08,,0.0,inf
87.5,5.860522847734149e-07,0.4089605819236499,0.4087516577549479,40.627805922705114,214.79761503029582,263.979610826459,321.4490051269531,133.64300537109378,355.43499755859375,145.64999389648438,1.6279230132594857e-07,0.1136001616454583,2.6151285149913526e-06,0.0020293377492121055,5.361576430678052e-08,,0.0,inf
87.55000000000003,9.345713112938787e-08,0.40872594539819984,0.40873189449569397,40.627805922705114,214.79761503029582,263.979610826459,321.4490051269531,133.64300537109378,355.43499755859375,145.64999389648438,2.596031420260774e-08,0.11353498483283328,-2.7366397424654164e-06,-0.0013035362524997922,1.7741097884749373e-08,,0.0,inf
87.60000000000002,1.8547510787171845e-06,0.40873237323375017,0.40875564550638177,40.627805922705114,214.79761503029582,263.979610826459,321.4490051269531,133.64300537109378,355.43499755859375,145.64999389648438,5.152086329769957e-07,0.11353677034270837,9.784966375488315e-06,3.5710197501816844e-05,-1.932858575954241e-07,,0.0,inf
87.65,3.080466163374878e-08,0.40866860271357736,0.4087299161674417,40.627805922705114,214.79761503029582,263.979610826459,321.4490051269531,133.64300537109378,355.43499755859375,145.64999389648438,8.556850453819106e-09,0.11351905630932704,-1.0133035650466987e-05,-0.0003542806676266706,-4.216660061065013e-07,,0.0,inf
87.7,4.1869254330233765e-08,0.4087488540932605,0.4087666737507111,40.627805922705114,214.79761503029582,263.979610826459,321.4490051269531,133.64300537109378,355.43499755859375,145.64999389648438,1.1630348425064935e-08,0.11354134835923903,6.146995942492008e-08,0.0004458409982397136,-3.8539029555370205e-07,,0.0,inf
87.75,6.877739074941483e-08,0.4085492964109329,0.4087208578917777,40.627805922705114,214.79761503029582,263.979610826459,321.4490051269531,133.64300537109378,355.43499755859375,145.64999389648438,1.910483076372634e-08,0.11348591566970358,1.4948964677323661e-07,-0.0011086537907090764,1.8420078875915878e-08,,0.0,inf
87.80000000000003,7.086731232375972e-08,0.4087759129749497,0.4087164504420256,40.627805922705114,214.79761503029582,263.979610826459,321.4490051269531,133.64300537109378,355.43499755859375,145.64999389648438,1.9685364534377702e-08,0.1135488647152638,1.1610675413021285e-08,0.0012589809112039329,5.479914862705917e-07,,0.0,inf
87.85000000000002,5.856166044524836e-07,0.4098512218111848,0.408844217334866,40.627805922705114,214.79761503029582,263.979610826459,321.4490051269531,133.64300537109378,355.43499755859375,145.64999389648438,1.6267127901457875e-07,0.113847561614218,2.8597182896041836e-06,0.005973937979084139,8.103682384972584e-07,,0.0,inf
87.9,1.9227148604291284e-06,0.4090140040841268,0.4088622093772562,40.627805922705114,214.79761503029582,263.979610826459,321.4490051269531,133.64300537109378,355.43499755859375,145.64999389648438,5.340874612303135e-07,0.11361500113447967,7.4283236443172286e-06,-0.00465120959476809,6.211326322971998e-07,,0.0,inf
87.95,7.295402241589679e-07,0.40861675789355867,0.408864355053733,40.627805922705114,214.79761503029582,263.979610826459,321.4490051269531,133.64300537109378,355.43499755859375,145.64999389648438,2.0265006226637997e-07,0.11350465497043297,-6.628747979279047e-06,-0.0022069232809342064,1.650142121244448e-07,,0.0,inf
88.0,1.7862179657349189e-07,0.4085782660676273,0.4088261234681306,40.627805922705114,214.79761503029582,263.979610826459,321.4490051269531,133.64300537109378,355.43499755859375,145.64999389648438,4.961716571485886e-08,0.11349396279656314,-3.0606579310305963e-06,-0.0002138434773965702,-2.1433273788150747e-07,5.140769876774487e-07,0.0,inf
88.05000000000003,9.269584378156284e-07,0.4085242674814512,0.4088059556764557,40.627805922705114,214.79761503029582,263.979610826459,321.4490051269531,133.64300537109378,355.43499755859375,145.64999389648438,2.5748845494878565e-07,0.113478963189292,4.157425784676409e-06,-0.0002999921454226026,-3.206515735464729e-07,,0.0,inf
88.10000000000002,9.270211430403689e-07,0.4087830651091463,0.40881102486399534,40.627805922705114,214.79761503029582,263.979610826459,321.4490051269531,133.64300537109378,355.43499755859375,145.64999389648438,2.575058730667691e-07,0.1135508514192073,3.4836235966917526e-10,0.0014377645983061056,-1.159461807419756e-07,,0.0,inf
88.15,0.0,0.4086292964254907,0.4088070942351867,40.627805922705114,214.79761503029582,263.979610826459,321.4490051269531,133.64300537109378,355.43499755859375,145.64999389648438,0.0,0.11350813789596963,-5.150117461337138e-06,-0.0008542704647537951,4.194553828523235e-07,,0.0,inf
88.2,1.3734824860756593e-07,0.408532021365531,0.4087854109624137,40.627805922705114,214.79761503029582,263.979610826459,321.4490051269531,133.64300537109378,355.43499755859375,145.64999389648438,3.8152291279879426e-08,0.11348111704598084,7.630458255976319e-07,-0.0005404169997758364,1.2026708047646365e-06,,0.0,inf
88.25,1.064239315640177e-06,0.40876790202068014,0.4088072715233885,40.627805922705114,214.79761503029582,263.979610826459,321.4490051269531,133.64300537109378,355.43499755859375,145.64999389648438,2.956220321222714e-07,0.11354663945018892,5.149394816848132e-06,0.0013104480841617163,1.8900573204903797e-06,,0.0,inf
88.30000000000003,2.438658610664904e-06,0.4084950559006005,0.4087791858159536,40.627805922705114,214.79761503029582,263.979610826459,321.4490051269531,133.64300537109378,355.43499755859375,145.64999389648438,6.774051696291399e-07,0.11347084886127791,7.635662750133465e-06,-0.0015158117782194131,2.062538965906109e-06,,0.0,inf
88.35000000000002,2.5746779385201023e-06,0.4090732958555737,0.40870139322039256,40.627805922705114,214.79761503029582,263.979610826459,321.4490051269531,133.64300537109378,355.43499755859375,145.64999389648438,7.15188316255584e-07,0.1136314710709927,7.556629325289232e-07,0.0032124441942959097,1.6097856613546953e-06,,0.0,inf
88.4,2.059746313146128e-06,0.40849824431971976,0.40864981724395183,40.627805922705114,214.79761503029582,263.979610826459,321.4490051269531,133.64300537109378,355.43499755859375,145.64999389648438,5.721517536517023e-07,0.11347173453325549,-2.860731252078609e-06,-0.00319473075474528,7.772351419546788e-07,,0.0,inf
88.45,2.1972457663128653e-06,0.4089355951999413,0.4086817009745901,40.627805922705114,214.79761503029582,263.979610826459,321.4490051269531,133.64300537109378,355.43499755859375,145.64999389648438,6.103460461980182e-07,0.11359322088887258,7.638858509263609e-07,0.002429727112342044,-1.6247026564757006e-07,,0.0,inf
88.5,2.403127550846013e-06,0.4085486053073648,0.4086787348985639,40.627805922705114,214.79761503029582,263.979610826459,321.4490051269531,133.64300537109378,355.43499755859375,145.64999389648438,6.675354307905591e-07,0.11348572369649022,1.1437876918508837e-06,-0.0021499438476472845,-1.090523941617138e-06,,0.0,inf
88.55000000000003,2.6090252557101352e-06,0.4089865491955941,0.4087249630699782,40.627805922705114,214.79761503029582,263.979610826459,321.4490051269531,133.64300537109378,355.43499755859375,145.64999389648438,7.247292376972597e-07,0.1136073747765539,1.1438761381334274e-06,0.0024330216012723215,-1.8611729631090747e-06,,0.0,inf
88.60000000000002,1.0301905363491943e-07,0.4084888609255529,0.4086955426516189,40.627805922705114,214.79761503029582,263.979610826459,321.4490051269531,133.64300537109378,355.43499755859375,145.64999389648438,2.861640378747762e-08,0.11346912803487581,-1.3922256678196433e-05,-0.002764934833561929,-2.1886343168196328e-06,,0.0,inf
88.65,2.747644006297125e-07,0.4089355805715876,0.4087261710662286,40.627805922705114,214.79761503029582,263.979610826459,321.4490051269531,133.64300537109378,355.43499755859375,145.64999389648438,7.632344461936458e-08,0.11359321682544099,9.541408166380648e-07,0.0024817758113043903,-1.9049748003240732e-06,,0.0,inf
88.7,3.435052144451329e-07,0.4084890989903696,0.4087218788287125,40.627805922705114,214.79761503029582,263.979610826459,321.4490051269531,133.64300537109378,355.43499755859375,145.64999389648438,9.541811512364802e-08,0.11346919416399155,3.8189341008569053e-07,-0.002480453228988907,-1.2139141196470015e-06,,0.0,inf
88.75,4.1220714146655905e-07,0.4099164928928661,0.4088367379159311,40.627805922705114,214.79761503029582,263.979610826459,321.4490051269531,133.64300537109378,355.43499755859375,145.64999389648438,1.1450198374071085e-07,0.11386569247024057,3.816773723412782e-07,0.007929966124980876,-5.321888872937502e-07,,0.0,inf
88.80000000000003,4.809071025491091e-07,0.4091691384337369,0.4089041461692447,40.627805922705114,214.79761503029582,263.979610826459,321.4490051269531,133.64300537109378,355.43499755859375,145.64999389648438,1.335853062636414e-07,0.11365809400937137,3.8166645045841576e-07,-0.00415196921738202,-1.403604100070774e-07,,0.0,inf
88.85000000000002,5.150830852027532e-07,0.4087566060192963,0.4088724771856169,40.627805922705114,214.79761503029582,263.979610826459,321.4490051269531,133.64300537109378,355.43499755859375,145.64999389648438,1.4307863477854255e-07,0.11354350167202674,1.8986657029803388e-07,-0.002291846746892553,-5.7285926325723394e-08,,0.0,inf
88.9,5.151037602465801e-07,0.4085809206231729,0.4088807448159623,40.627805922705114,214.79761503029582,263.979610826459,321.4490051269531,133.64300537109378,355.43499755859375,145.64999389648438,1.4308437784627226e-07,0.11349470017310359,1.1486135459420626e-10,-0.0009760299784634106,-1.4632012225104158e-07,,0.0,inf
88.95,5.15080761923661e-07,0.4085516427831804,0.40884234957428617,40.627805922705114,214.79761503029582,263.979610826459,321.4490051269531,133.64300537109378,355.43499755859375,145.64999389648438,1.4307798942323917e-07,0.11348656743977233,-1.2776846066188496e-10,-0.00016265466662530406,-2.4267363135167286e-07,,0.0,inf
89.0,3.43297445524561e-08,0.40844828197751537,0.4088323172413012,40.627805922705114,214.79761503029582,263.979610826459,321.4490051269531,133.64300537109378,355.43499755859375,145.64999389648438,9.536040153460028e-09,0.11345785610486538,-2.6708389853957344e-06,-0.0005742266981390347,-2.3387340603336096e-07,-1.954066815185349e-08,0.0,inf
89.05000000000003,2.0609890274520782e-07,0.409089685697525,0.4088426308914943,40.627805922705114,214.79761503029582,263.979610826459,321.4490051269531,133.64300537109378,355.43499755859375,145.64999389648438,5.724969520700217e-08,0.11363602380486806,9.542731010703546e-07,0.00356335400005193,-1.1380173342500369e-07,,0.0,inf
89.10000000000002,3.435806807491273e-07,0.4085578237770537,0.4088495271766443,40.627805922705114,214.79761503029582,263.979610826459,321.4490051269531,133.64300537109378,355.43499755859375,145.64999389648438,9.543907798586869e-08,0.1134882843825149,7.637876555773738e-07,-0.0029547884470633736,2.8657503176965023e-08,,0.0,inf
89.15,3.779277305088505e-07,0.4089888598617352,0.4088548551056591,40.627805922705114,214.79761503029582,263.979610826459,321.4490051269531,133.64300537109378,355.43499755859375,145.64999389648438,1.0497992514134736e-07,0.11360801662825978,1.9081694310963858e-07,0.00239464491489842,1.0015876633109113e-07,,0.0,inf
89.2,3.7796775646290435e-07,0.4084594048028612,0.4088518856869082,40.627805922705114,214.79761503029582,263.979610826459,321.4490051269531,133.64300537109378,355.43499755859375,145.64999389648438,1.0499104346191788e-07,0.11346094577857255,2.2236641141031201e-10,-0.002941416993744895,7.922339284662975e-08,,0.0,inf
89.25,3.7801023030957103e-07,0.40888997227922497,0.40874923362554416,40.627805922705114,214.79761503029582,263.979610826459,321.4490051269531,133.64300537109378,355.43499755859375,145.64999389648438,1.0500284175265861e-07,0.11358054785534026,2.359658148146679e-10,0.0023920415353544085,7.958541481745735e-09,,0.0,inf
89.30000000000003,4.123106929422202e-07,0.4087695540773531,0.4087092751899058,40.627805922705114,214.79761503029582,263.979610826459,321.4490051269531,133.64300537109378,355.43499755859375,145.64999389648438,1.1453074803950561e-07,0.1135470983548203,1.9055812573684252e-07,-0.0006689900103989307,-6.585044098361069e-08,,0.0,inf
89.35000000000002,1.0317102696347124e-07,0.40869758358129704,0.40870337294610587,40.627805922705114,214.79761503029582,263.979610826459,321.4490051269531,133.64300537109378,355.43499755859375,145.64999389648438,2.865861860096423e-08,0.11352710655036029,-1.717442588770925e-06,-0.00039983608920021225,-1.2315632714764972e-07,,0.0,inf
89.4,6.179566948163042e-07,0.4083823143402646,0.40868351231781497,40.627805922705114,214.79761503029582,263.979610826459,321.4490051269531,133.64300537109378,355.43499755859375,145.64999389648438,1.7165463744897338e-07,0.11343953176118461,2.8599203769611585e-06,-0.001751495783514121,-1.5946821614624916e-07,,0.0,inf
89.45,6.869143094647762e-08,0.4090255681113576,0.4087309048506328,40.627805922705114,214.79761503029582,263.979610826459,321.4490051269531,133.64300537109378,355.43499755859375,145.64999389648438,1.908095304068823e-08,0.113618213364266,-3.0514736881658763e-06,0.00357363206162801,-1.5672136765364074e-07,,0.0,inf
89.5,1.3739468393365594e-07,0.4084161545766201,0.4087276921105432,40.627805922705114,214.79761503029582,263.979610826459,321.4490051269531,133.64300537109378,355.43499755859375,145.64999389648438,3.8165189981571097e-08,0.11344893182683892,3.8168473881767907e-07,-0.0033856307485418385,-9.581575515570898e-08,,0.0,inf
89.55000000000003,2.0609791173654511e-07,0.4090173637193173,0.4087204599127224,40.627805922705114,214.79761503029582,263.979610826459,321.4490051269531,133.64300537109378,355.43499755859375,145.64999389648438,5.724941992681809e-08,0.11361593436647702,3.8168459890474455e-07,0.003340050792760242,2.0425597057956053e-09,,0.0,inf
89.60000000000002,2.7480157755305836e-07,0.4084764758821536,0.4087123251232324,40.627805922705114,214.79761503029582,263.979610826459,321.4490051269531,133.64300537109378,355.43499755859375,145.64999389648438,7.633377154251622e-08,0.11346568774504266,3.8168703231398427e-07,-0.0030049324286872724,7.675735460539853e-08,,0.0,inf
89.65,3.0909628254334823e-07,0.408782638276226,0.40869170296468144,40.627805922705114,214.79761503029582,263.979610826459,321.4490051269531,133.64300537109378,355.43499755859375,145.64999389648438,8.58600784842634e-08,0.11355073285450723,1.9052613883500857e-07,0.0017009021892919445,8.073118619593158e-08,,0.0,inf
89.7,3.090900248256876e-07,0.4085097970972906,0.4086967421941245,40.627805922705114,214.79761503029582,263.979610826459,321.4490051269531,133.64300537109378,355.43499755859375,145.64999389648438,8.585834022935767e-08,0.11347494363813626,-3.4765098114588904e-11,-0.0015157843274194755,1.2329987048765266e-08,,0.0,inf
89.75,3.0918536211107465e-07,0.40895067035725785,0.4087028120019277,40.627805922705114,214.79761503029582,263.979610826459,321.4490051269531,133.64300537109378,355.43499755859375,145.64999389648438,8.588482280863184e-08,0.11359740843257163,5.29651585483573e-10,0.002449295888707487,-9.337860257404752e-08,,0.0,inf
89.80000000000003,3.092405799320612e-07,0.4087809534750384,0.4087039519416962,40.627805922705114,214.79761503029582,263.979610826459,321.4490051269531,133.64300537109378,355.43499755859375,145.64999389648438,8.590016109223922e-08,0.11355026485417732,3.0676567214748444e-10,-0.0009428715678856009,-1.863082734388803e-07,,0.0,inf
89.85000000000002,6.866940617928004e-08,0.4086998431656568,0.40870417790013214,40.627805922705114,214.79761503029582,263.979610826459,321.4490051269531,133.64300537109378,355.43499755859375,145.64999389648438,1.907483504980001e-08,0.11352773421268243,-1.3365065208488604e-06,-0.00045061282989785966,-2.2354382809578097e-07,,0.0,inf
89.9,1.031032327141799e-07,0.4085815327920702,0.4087240997453127,40.627805922705114,214.79761503029582,263.979610826459,321.4490051269531,133.64300537109378,355.43499755859375,145.64999389648438,2.8639786865049968e-08,0.1134948702200195,1.9129903630506442e-07,-0.0006572798532588652,-1.9440955686725513e-07,,0.0,inf
89.95,1.0304946079083015e-07,0.4084752992503308,0.40866907285921,40.627805922705114,214.79761503029582,263.979610826459,321.4490051269531,133.64300537109378,355.43499755859375,145.64999389648438,2.8624850219675042e-08,0.11346536090286967,-2.9873290749854565e-10,-0.0005901863429966571,-1.2761591694139362e-07,,0.0,inf
90.0,1.0301118316277412e-07,0.4089370548975232,0.4087211628913002,40.627805922705114,214.79761503029582,263.979610826459,321.4490051269531,133.64300537109378,355.43499755859375,145.64999389648438,2.861421754521503e-08,0.11359362636042311,-2.126534892002266e-10,0.0025653091510689854,-6.464644029492884e-08,1.6922696573843212e-07,0.0,inf
90.05000000000003,1.0303605593522267e-07,0.4376048695937844,0.411579913478747,40.626635442555276,214.79761503029582,263.98696498526715,321.4490051269531,133.64300537109378,355.43798828125,145.64599609375,2.862112664867296e-08,0.12155690822049567,1.3818206915852444e-10,0.15926563720136966,-3.029026770171141e-08,,0.0,inf
