Time (s),Ego Speed (km/h),Lead Speed (km/h),Smoothed Lead Speed (km/h),Distance Between (m),Ego Distance Covered (m),Lead Vehicle Distance Covered (m),Ego X (m),Ego Y (m),Lead X (m),Lead Y (m),Ego Speed (m/s),Lead Speed (m/s),Ego Accel (m/s²),Lead Accel (m/s²),Smooth Accel (m/s²),Jerk (m/s³) (1 Hz),RSS Distance (m),TTC (s)
0.0,8.808552074432374,7.056000137329103,7.056000137329103,19.007341749818575,0.0,0.0,107.0,133.0,126.0,133.42599487304688,2.446820020675659,1.9600000381469729,,,,,1.717825363652256,39.04307958004327
0.05,8.174808311527482,8.820000171661377,7.938000154495238,19.007593581168145,0.1276656985282898,0.1126999855041504,107.0,133.0,126.0,133.42599487304688,2.2707800865354115,2.450000047683716,-3.520798682804953,9.800000190734858,,,0.5819302496592194,inf
0.1,4.181039857895332,10.584000205993652,8.820000171661377,19.00666621479401,0.20566119998693466,0.2498999983072281,107.0,133.0,126.0,133.42599487304688,1.161399960526481,2.940000057220459,-22.187602520178608,9.800000190734863,,,0.0,inf
0.15000000000000002,1.821855497367372,10.74743986129761,9.301860094070436,19.005364698461925,0.2426491007208824,0.4052903801202774,107.0,133.0,126.0,133.42599487304688,0.5060709714909366,2.985399961471558,-13.106579780710886,0.9079980850219812,,,0.0,inf
0.2,0.4834584116960569,7.768655776977542,8.995219230651855,19.004813908474052,0.2559195011854172,0.5298078805208206,107.0,133.0,126.0,133.42599487304688,0.1342940032489047,2.1579599380493173,-7.435539364840639,-16.54880046844482,,,0.0,inf
0.25,0.2289607107643352,4.894776105880745,8.311812043190004,19.00482812126368,0.2561644017696381,0.6134719848632812,107.0,133.0,126.0,133.42599487304688,0.06360019743453756,1.3596600294113181,-1.4138761162873432,-15.965998172759987,,,0.0,inf
0.30000000000000004,0.5667335987091564,0.28588901418121704,7.165251610474463,19.004942888334426,0.2624727040529251,0.6421069875359535,107.0,133.0,126.0,133.42599487304688,0.15742599964143233,0.07941361505033806,1.8765160441378939,-25.604928287219582,,,0.010605150595713899,243.58320997156133
0.35000000000000003,0.6878411829472627,1.2601333407772544,6.427111826762311,19.004929134207547,0.2715299017727375,0.6545059904456139,107.0,133.0,126.0,133.42599487304688,0.19106699526312854,0.3500370391047929,0.6728199124339241,5.412468481089098,,,0.0,inf
0.4,0.6899652242661206,1.8184629651384716,5.9150397310263285,19.004881744533943,0.2811941020190716,0.6770129948854446,107.0,133.0,126.0,133.42599487304688,0.19165700674058905,0.5051286014273532,0.011800229549210343,3.1018312464512063,,,0.0,inf
0.45,0.6322392046451707,2.0269728719626157,5.526233045119957,19.00482950040829,0.2903391011059284,0.7043372914195061,107.0,133.0,126.0,133.42599487304688,0.17562200129032518,0.5630480199896154,-0.3207001090052775,1.158388371245245,-0.1866603195357176,,0.0,inf
0.5,0.5494175791741456,1.9688721154810689,5.017520242935153,19.004792329565092,0.29844450205564504,0.7322819903492928,107.0,133.0,126.0,133.42599487304688,0.15261599421504043,0.5469089209669635,-0.460120141505695,-0.32278198045303746,-0.2704983873530713,,0.0,inf
0.55,0.4610664188862249,1.7295322135692242,4.308473447125939,19.004776267033648,0.3053380008786917,0.7578397914767265,107.0,133.0,126.0,133.42599487304688,0.12807400524617357,0.48042561488034,-0.4908397793773368,-1.329666121732469,-0.35416258530689076,,0.0,inf
0.6000000000000001,0.3774707883605458,1.3871364173356822,3.3887870682601418,19.004776906263512,0.3110362011939287,0.7791418917477131,107.0,133.0,126.0,133.42599487304688,0.10485299676681828,0.3853156714821339,-0.46442016958710547,-1.9021988679641204,-0.38811216543732374,,0.0,inf
0.65,0.3033784925940548,1.0069634014156106,2.414739422271942,19.004785633125955,0.315649401396513,0.7953073810786009,107.0,133.0,126.0,133.42599487304688,0.08427180349834855,0.27971205594878074,-0.41162386536939516,-2.1120723106670662,-0.3778016663574025,,0.0,inf
0.7000000000000001,0.2403705596925966,0.6386228231525352,1.701736126889441,19.00479470036298,0.3193254014477134,0.8062361907213926,107.0,133.0,126.0,133.42599487304688,0.06676959991461016,0.17739522865348198,-0.35004407167476737,-2.0463365459059735,-0.3416035617659225,,0.0,inf
0.75,0.1882933259010437,0.31574763447060145,1.2438332797484268,19.004799675682687,0.3222181713208556,0.81238779053092,107.0,133.0,126.0,133.42599487304688,0.0523037016391788,0.08770767624183373,-0.28931796550862765,-1.7937510482329673,-0.29452162655027453,,0.0,inf
0.8,0.14612867832184798,0.05750498355218998,1.220994876685524,19.004799555445622,0.3244716310873628,0.8145665917545557,107.0,133.0,126.0,133.42599487304688,0.04059129953384666,0.015973606542274994,-0.23424804210664266,-1.4346813939911736,-0.24581909729778345,,0.0008209573626684532,771.6841184413674
0.8500000000000001,0.11253131479124212,0.12993129288114794,1.1079746718959134,19.00479559623988,0.3262123907916248,0.8153951913118362,107.0,133.0,126.0,133.42599487304688,0.03125869855312281,0.036092025800318873,-0.18665201961447675,0.40236838516087725,-0.20047460887429172,,0.00011785907260011906,inf
0.9,0.08609508052473769,0.248089189744014,0.9509372943564678,19.004789884466373,0.32754780096001923,0.8182500917464495,107.0,133.0,126.0,133.42599487304688,0.023915300145760467,0.06891366381778166,-0.14686796814724712,0.6564327603492567,-0.16077475356714652,,0.0,inf
0.95,0.0654991216958325,0.30600415951285675,0.7788404231114917,19.004784271268033,0.3285660609835759,0.8222385924309492,107.0,133.0,126.0,133.42599487304688,0.01819420047106458,0.08500115542023799,-0.11442199349391788,0.32174983204912705,-0.12758142322168553,,0.0,inf
1.0,0.049588921666966254,0.31578139220133256,0.6135313507835181,19.004779871140986,0.32933854102157056,0.8266195924952626,107.0,133.0,126.0,133.42599487304688,0.013774700463046182,0.08771705338925904,-0.08839000016036788,0.054317959380421006,-0.1010842660071047,,0.0,inf
1.05,0.03738563843071902,0.2907933091582399,0.4696574603424198,19.00477703088265,0.3299219559994526,0.8308338224887848,107.0,133.0,126.0,133.42599487304688,0.010384899564088617,0.0807759192106222,-0.06779601797915123,-0.13882268357273675,-0.08089811607170753,,0.0,inf
1.1,0.0280769767239692,0.24392635152004,0.35533645376085554,19.004775560709575,0.3303607990092132,0.8345057722181082,107.0,133.0,126.0,133.42599487304688,0.007799160201102556,0.06775731986667778,-0.05171478725972118,-0.2603719868788882,-0.0655391370934458,,0.0,inf
1.15,0.02101683598026909,0.18643110840879865,0.27328322446017433,19.004775027794825,0.330689739988884,0.8374265320599079,107.0,133.0,126.0,133.42599487304688,0.005838009994519192,0.051786419002444066,-0.039223004131667426,-0.31941801728467545,-0.05226999512816079,,0.0,inf
1.2000000000000002,0.0,0.12728300600715398,0.22214924274563624,19.004774978952135,0.330689739988884,0.8395254951901734,107.0,133.0,126.0,133.42599487304688,0.0,0.03535639055754277,-0.1167601998903832,-0.32860056889802414,-0.03861298651681264,,0.0,inf
1.25,0.00530902789905765,0.0729394763127437,0.1978684269298505,19.004775093897788,0.3309486439975444,0.8408359922468662,107.0,133.0,126.0,133.42599487304688,0.0014747299719604584,0.020260965642428803,0.029494599439209273,-0.3019084983022804,-0.024618652652178573,,0.0,inf
1.3,0.006698664044965462,0.02744633827413507,0.19486256240204503,19.004775188830646,0.33103584800846875,0.8414611122570932,107.0,133.0,126.0,133.42599487304688,0.0018607400124904061,0.007623982853926408,0.0077202008105989465,-0.2527396557700477,-0.01287861805949328,,0.0,inf
1.35,0.006821676017717364,0.007245801112624292,0.1825940132251926,19.004775216419162,0.3311309479759075,0.8415421321988106,107.0,133.0,126.0,133.42599487304688,0.00189491000492149,0.0020127225312845257,0.0006833998486216761,-0.11222520645283755,-0.005745790133072467,,5.234811310571964e-06,inf
1.4,0.0063052921090298395,0.030858529803937718,0.16087094723118495,19.00477518252606,0.3312218519859016,0.8418509322218597,107.0,133.0,126.0,133.42599487304688,0.0017514700302860664,0.008571813834427143,-0.0028687994927084817,0.1311818260628528,-0.0031294434136022032,,0.0,inf
1.4500000000000002,0.005510411923772299,0.0,0.1302705312798993,19.004775194843358,0.3313029150012881,0.8418509322218597,107.0,133.0,126.0,133.42599487304688,0.0015306699788256385,0.0,-0.004416001029208534,-0.17143627668854194,-0.0031325179590208528,,5.232815249690318e-06,12335.396584627146
1.5,0.004639608040455391,0.0,0.09869239205976604,19.004775205643508,0.3313721899758093,0.8418509322218597,107.0,133.0,126.0,133.42599487304688,0.0012887800112376085,0.0,-0.004837799351760617,0.0,-0.0038980707851216188,,4.408036981158023e-06,14632.790034652475
1.55,0.0038088361271558313,0.0,0.06961306114394203,19.004775214785365,0.3314296010066755,0.8418509322218597,107.0,133.0,126.0,133.42599487304688,0.0010580100353210643,0.0,-0.00461539951833088,0.0,-0.004441244815028696,,3.675712688062169e-06,17794.566142884756
1.6,0.003065461272093625,0.0,0.04522042599193804,19.004775222335702,0.3314762159716338,0.8418509322218597,107.0,133.0,126.0,133.42599487304688,0.000851517020026007,0.0,-0.004129860305901142,0.0,-0.004402511995153042,,3.0655746577489993e-06,22059.663106553595
1.65,0.0008350487815476402,0.0,0.026577315151058174,19.00477522458219,0.3314899510005489,0.8418509322218597,107.0,133.0,126.0,133.42599487304688,0.0002319579948743445,0.0,-0.012391180503033292,0.0,-0.0037292690702316524,,1.490818245441752e-06,78545.76260004095
1.7000000000000002,0.0012986928108186864,0.0,0.013849014550342782,19.004775227201787,0.33150589105207473,0.8418509322218597,107.0,133.0,126.0,133.42599487304688,0.0003607480030051907,0.0,0.00257580016261691,0.0,-0.0026554396456458444,,1.7865655668464978e-06,51260.62736185718
1.75,0.0014158944483763686,0.0,0.006555066919068412,19.004775230393125,0.3315252009779215,0.8418509322218597,107.0,133.0,126.0,133.42599487304688,0.0003933040134378802,0.0,0.0006511202086537919,0.0,-0.001620452421670081,,1.8639520503689326e-06,47122.702966407196
1.8,0.0013611384109065555,0.0,0.003810433091654904,19.004775233602405,0.3315445010084659,0.8418509322218597,107.0,133.0,126.0,133.42599487304688,0.00037809400302959875,0.0,-0.00030420020816562826,0.0,-0.0009818413285569677,,1.8276655436226708e-06,48969.51533712044
1.85,0.0012116700063148187,0.0,0.003085852980392475,19.004775236562875,0.3315622010268271,0.8418509322218597,107.0,133.0,126.0,133.42599487304688,0.0003365750017541163,0.0,-0.000830380025509648,0.0,-0.0007886668529253921,,1.7297913694111245e-06,54835.96664610606
1.9,0.0010339847650079313,0.0,0.0,19.004775239147005,0.33157757099252194,0.8418509322218597,107.0,133.0,126.0,133.42599487304688,0.0002872179902799809,0.0,-0.000987140229482712,0.0,-0.0008590949429302609,,1.6156830675301974e-06,63942.21029906166
1.95,0.0008577395881524902,0.0,0.0,19.004775241325408,0.3315904709743336,0.8418509322218597,107.0,133.0,126.0,133.42599487304688,0.00023826099670902506,0.0,-0.0009791398714191157,0.0,-0.0009779657514150872,,1.5049061446944392e-06,76551.5948669134
2.0,0.0006971508090357724,0.0,0.0,19.004775243108448,0.3316009909613058,0.8418509322218597,107.0,133.0,126.0,133.42599487304688,0.00019365300250993677,0.0,-0.0008921598839817651,0.0,-0.000997549967734772,0.10008671603936993,1.4060567477104301e-06,93319.39627151411
2.0500000000000003,0.00010322675904181065,0.0,0.0,19.004775244068433,0.33160664094611997,0.8418509322218597,107.0,133.0,126.0,133.42599487304688,2.8674099733836292e-05,0.0,-0.003299578055521992,0.0,-0.0008581416766241244,,1.0577593014654454e-06,491408.3424013358
2.1,0.00024236171170238804,0.0,0.0,19.004775244536333,0.33160939102526754,0.8418509322218597,107.0,133.0,126.0,133.42599487304688,6.732269769510779e-05,0.0,0.0007729719592254326,0.0,-0.0006011001247239698,,1.136911568202689e-06,245785.20681565366
2.15,0.00029107439814347446,0.0,0.0,19.004775245185172,0.33161320094950497,0.8418509322218597,107.0,133.0,126.0,133.42599487304688,8.085399948429846e-05,0.0,0.00027062603578381444,0.0,-0.0003413036051092401,,1.1649766835849003e-06,209179.29153432162
2.2,0.00029103985422858163,0.0,0.0,19.004775245880847,0.33161728095728904,0.8418509322218597,107.0,133.0,126.0,133.42599487304688,8.084440395238379e-05,0.0,-1.9191063829336678e-07,0.0,-0.00017712151259392656,,1.1649567167299755e-06,209201.38631590587
2.25,0.0002671127993252908,0.0,0.0,19.00477524653989,0.3316211410565302,0.8418509322218597,107.0,133.0,126.0,133.42599487304688,7.419799981258078e-05,0.0,-0.0001329280827960606,0.0,-0.00012509767091271694,,1.1511486712132553e-06,225715.2817031672
2.3000000000000003,0.00022917923578772017,0.0,0.0,19.00477524711925,0.3316245309542865,0.8418509322218597,107.0,133.0,126.0,133.42599487304688,6.366089882992227e-05,0.0,-0.00021074201965316913,0.0,-0.00013915862214391094,,1.1293481526797614e-06,258003.57515321547
2.35,0.0001927908062154648,0.0,0.0,19.004775247615367,0.3316274309763685,0.8418509322218597,107.0,133.0,126.0,133.42599487304688,5.3553001726518e-05,0.0,-0.0002021579420680862,0.0,-0.00016868579075114045,,1.1085399654499963e-06,299038.2001057469
2.4000000000000004,0.0001613455275405515,0.0,0.0,19.004775248021193,0.33162980095949024,0.8418509322218597,107.0,133.0,126.0,133.42599487304688,4.481820209459764e-05,0.0,-0.00017469599263840625,0.0,-0.00018633246279452768,,1.0906407398086914e-06,346687.3141009877
2.45,0.00012856139514561416,0.0,0.0,19.004775248353567,0.3316317410208285,0.8418509322218597,107.0,133.0,126.0,133.42599487304688,3.571149865155949e-05,0.0,-0.00018213406886076366,0.0,-0.00018179947588347047,,1.072060652871089e-06,415754.8058797937
2.5,4.236192083565201e-05,0.0,0.0,19.004775248353567,0.3316317410208285,0.8418509322218597,107.0,133.0,126.0,133.42599487304688,1.1767200232125557e-05,0.0,-0.00047888596838868035,0.0,-0.0001534059720418173,,1.0236036339649024e-06,873092.3153040597
2.5500000000000003,5.681411913675489e-05,0.0,0.0,19.004775248548967,0.3316328809596598,0.8418509322218597,107.0,133.0,126.0,133.42599487304688,1.578169976020969e-05,0.0,8.028999056168224e-05,0.0,-0.00010962158027227865,,1.03168793054408e-06,737142.059108146
2.6,6.0281280382160205e-05,0.0,0.0,19.004775248548967,0.3316328809596598,0.8418509322218597,107.0,133.0,126.0,133.42599487304688,1.6744800106155613e-05,0.0,1.9262006918918515e-05,0.0,-6.734736605773528e-05,,1.0336297943776088e-06,710597.019724025
2.6500000000000004,6.04530044746443e-05,0.0,0.0,19.004775248818227,0.3316344510531053,0.8418509322218597,107.0,133.0,126.0,133.42599487304688,1.679250124295675e-05,0.0,9.540227360227132e-07,0.0,-4.1004530310795476e-05,,1.0337259965349108e-06,709331.8789642391
2.7,5.396508098852614e-05,0.0,0.0,19.004775248818227,0.3316344510531053,0.8418509322218597,107.0,133.0,126.0,133.42599487304688,1.4990300274590595e-05,0.0,-3.604401936732321e-05,0.0,-3.318054324234066e-05,,1.0300929551003425e-06,760486.0701950719
2.75,4.744260092682528e-05,0.0,0.0,19.004775249066967,0.33163590100593865,0.8418509322218597,107.0,133.0,126.0,133.42599487304688,1.3178500257451466e-05,0.0,-3.623600034278271e-05,0.0,-3.688167127860707e-05,,1.0264438369494208e-06,819931.1878669665
2.8000000000000003,3.813948202832132e-05,0.0,0.0,19.004775249066967,0.33163590100593865,0.8418509322218597,107.0,133.0,126.0,133.42599487304688,1.0594300563422589e-05,0.0,-5.168399388057726e-05,0.0,-4.322634867605619e-05,,1.0212447207290591e-06,922817.2226844757
2.85,3.0587039398705954e-05,0.0,0.0,19.004775249066967,0.33163590100593865,0.8418509322218597,107.0,133.0,126.0,133.42599487304688,8.496399832973875e-06,0.0,-4.1958014608974424e-05,0.0,-4.590951573102899e-05,,1.0170288940710086e-06,1027485.100921467
2.9000000000000004,8.101817882966617e-06,0.0,0.0,19.004775249276364,0.3316371210385114,0.8418509322218597,107.0,133.0,126.0,133.42599487304688,2.2505049674907266e-06,0.0,-0.0001249178973096623,0.0,-4.2177011177747746e-05,,1.0045035423212858e-06,1551346.2750890271
2.95,9.612195320832518e-06,0.0,0.0,19.004775249276364,0.3316371210385114,0.8418509322218597,107.0,133.0,126.0,133.42599487304688,2.6700542557868104e-06,0.0,8.390985765921706e-06,0.0,-3.302225684141116e-05,,1.005343673106438e-06,1499975.8379563596
3.0,7.552954104419972e-06,0.0,0.0,19.004775249276364,0.3316371210385114,0.8418509322218597,107.0,133.0,126.0,133.42599487304688,2.0980428067833256e-06,0.0,-1.1440228980069737e-05,0.0,-2.2149652478569486e-05,0.0009754003152562025,1.0041982865053763e-06,1570896.6774874078
3.0500000000000003,7.037445282856842e-06,0.0,0.0,19.004775249276364,0.3316371210385114,0.8418509322218597,107.0,133.0,126.0,133.42599487304688,1.9548459119046783e-06,0.0,-2.863937897572931e-06,0.0,-1.3123784946428958e-05,,1.003911602535079e-06,1589713.1079164592
3.1,5.7684378103627675e-06,0.0,0.0,19.004775249276364,0.3316371210385114,0.8418509322218597,107.0,133.0,126.0,133.42599487304688,1.6023438362118799e-06,0.0,-7.050041513855994e-06,0.0,-7.305197064137519e-06,,1.0032059714253085e-06,1638011.7256963956
3.1500000000000004,3.4001787723564807e-06,0.0,0.0,19.004775249276364,0.3316371210385114,0.8418509322218597,107.0,133.0,126.0,133.42599487304688,9.444941034323557e-07,0.0,-1.3156994655590413e-05,0.0,-4.254833145804397e-06,,1.0018894342414204e-06,1736469.047328207
3.2,7.209516727787282e-06,0.0,0.0,19.004775249276364,0.3316371210385114,0.8418509322218597,107.0,133.0,126.0,133.42599487304688,2.0026435354964673e-06,0.0,2.116298864128231e-05,0.0,-3.0453259614405655e-06,,1.004007292361558e-06,1583382.4601282107
3.25,7.07177712804899e-06,0.0,0.0,19.004775249276364,0.3316371210385114,0.8418509322218597,107.0,133.0,126.0,133.42599487304688,1.964382535569164e-06,0.0,-7.652199985460728e-07,0.0,-2.603988894348576e-06,,1.0039306944705113e-06,1588445.9722661546
3.3000000000000003,0.0,0.0,0.0,19.004775249276364,0.3316371210385114,0.8418509322218597,107.0,133.0,126.0,133.42599487304688,0.0,0.0,-3.928765071138307e-05,0.0,0.0001180599647616106,,1e-06,inf
3.35,3.0895956007497382e-06,0.0,0.0,19.004775249276364,0.3316371210385114,0.8418509322218597,107.0,133.0,126.0,133.42599487304688,8.582210002082606e-07,0.0,1.7164420004165274e-05,0.0,0.0012116638216518713,,1.0017168102720592e-06,1750266.0195359674
3.4000000000000004,6.076189842365081e-06,0.0,0.0,19.004775249276364,0.3316371210385114,0.8418509322218597,107.0,133.0,126.0,133.42599487304688,1.687830511768078e-06,0.0,1.659219023119626e-05,0.0,0.007127114438916021,,1.0033770854094544e-06,1626031.0440112134
3.45,4.944561387082908e-06,0.0,0.0,19.00477524946005,0.3316381910117343,0.8418509322218597,107.0,133.0,126.0,133.42599487304688,1.3734892741896967e-06,0.0,-6.286824751567648e-06,0.0,0.03240188505050517,,1.0027479217847727e-06,1670971.3959627436
3.5,5.218027670871316e-06,0.0,0.0,19.00477524946005,0.3316381910117343,0.8418509322218597,107.0,133.0,126.0,133.42599487304688,1.4494521307975879e-06,0.0,1.5192571321578278e-06,0.0,0.11741671297461326,,1.002899954717335e-06,1659885.1222181707
3.5500000000000003,5.801892665276549e-06,0.0,0.0,19.00477524946005,0.3316381910117343,0.8418509322218597,107.0,133.0,126.0,133.42599487304688,1.611636851465708e-06,0.0,3.243694413362384e-06,0.0,0.3406611379266141,,1.0032245723896019e-06,1636700.7935716766
3.6,7.037550949713737e-06,0.0,0.0,19.00477524946005,0.3316381910117343,0.8418509322218597,107.0,133.0,126.0,133.42599487304688,1.954875263809371e-06,0.0,6.864768246873289e-06,0.0,0.7933267575365675,,1.0039116612962672e-06,1589709.2048289808
3.65,4.257504645350449e-06,0.0,0.0,19.00477524946005,0.3316381910117343,0.8418509322218597,107.0,133.0,126.0,133.42599487304688,1.1826401792640137e-06,0.0,-1.5444701690907205e-05,0.0,1.4831559379337143,,1.0023659796774248e-06,1699489.1139125293
3.7,0.32244281051870016,0.0,0.0,19.00377605012696,0.33263764243997657,0.8418509322218597,107.0009994506836,133.0,126.0,133.42599487304688,0.0895674473663056,0.0,1.7913252945225173,0.0,2.2130654768886546,,0.004191298708590574,212.1491135197853
3.75,1.4798937602574973,0.0,0.0,18.987781236024887,0.34863648913595785,0.8418509322218597,107.01699829101562,133.0,126.0,133.42599487304688,0.411081600071527,0.0,6.43028305410445,0.0,2.5812836907683825,,0.08531720415882649,46.18868698052003
3.8,2.4225842675384133,0.01666162370874395,0.0016661623708730988,18.959765768883376,0.3766544774195023,0.8421518321847543,107.04499816894531,133.00100708007812,126.0,133.42599487304688,0.6729400743162259,0.00462822880798443,5.237169484893998,0.09256457615968892,2.1957380972915788,,0.22776391179169658,28.369214468015727
3.85,2.8681484263887467,0.02141595736392844,0.0038077581072659423,18.92172850465204,0.4147090285839435,0.8423445521621034,107.08300018310548,133.00300598144528,126.0,133.42599487304688,0.7967078962190963,0.005948877045535678,2.4753564380573945,0.02641296475102481,0.9886152959952739,,0.31895435536199973,23.928262293870972
3.9,2.905884453575943,0.020030792503687396,0.0058108373576346815,18.881715386864126,0.4547222386250736,0.8425384522415698,107.1230010986328,133.00399780273438,126.0,133.42599487304688,0.8071901259933174,0.005564109028802055,0.20964459548442246,-0.007695360334672486,-0.62314131058105,,0.327383010232779,23.553975853482555
3.95,1.7915984494034911,0.018892174442857675,0.007700054801920448,18.846705560975593,0.4897327596092503,0.8427433421602473,107.15799713134766,133.0050048828125,126.0,133.42599487304688,0.4976662359454142,0.005247826234127132,-6.190477800958031,-0.0063256558934984145,-1.910460385000948,,0.12482299377853463,38.2729858580367
4.0,0.00019514269289900638,0.017945242594766705,0.00949457906139712,18.84170189613228,0.494737759954785,0.8429662322159857,107.16300201416016,133.0050048828125,126.0,133.42599487304688,5.420630358305733e-05,0.004984789609657418,-9.952240592836658,-0.005260732489394302,-2.2786526664641364,-2.278630516811658,0.0,inf
4.05,0.2045224665193656,0.01719567852023139,0.011214146913420259,18.83868212607002,0.4969692818971538,0.8439954144714448,107.16500091552734,133.00599670410156,125.9990005493164,133.42599487304688,0.05681179625537933,0.004776577366730942,1.1351517990359294,-0.004164244858529534,-1.6543212148697768,,0.0017208084589453363,361.967583734746
4.1000000000000005,0.2088900006519144,0.016620321459398464,0.012876179059360105,18.835684493532828,0.4999676440416226,0.8442655714470475,107.16799926757812,133.00599670410156,125.9990005493164,133.42599487304688,0.05802500018108733,0.004616755960944018,0.024264078514159782,-0.003196428115738437,-0.4654290227694004,,0.0017933955115021299,352.607704886529
4.15,0.4583238620435573,0.016153157493023908,0.014491494808662497,18.83168766198248,0.5039654468985764,0.8445602564615711,107.1719970703125,133.00599670410156,125.9990005493164,133.42599487304688,0.12731218390098814,0.004486988192506641,1.3857436743980212,-0.002595355368747556,0.7284088589918676,,0.008353109431608257,153.3085656221427
4.2,1.0258431398366423,0.015683024413807086,0.016059797250043202,18.82068879413287,0.5149670366995543,0.8448763804635546,107.18299865722656,133.00599670410156,125.9990005493164,133.42599487304688,0.28495642773240065,0.004356395670501968,3.1528848766282613,-0.0026118504400934627,1.5609290916527088,,0.04116466964739092,67.07061987713
4.25,1.5476351689669943,0.015115685137603762,0.017571365763803578,18.80066702336529,0.5339985260931392,0.8459299021350061,107.2020034790039,133.00700378417972,125.9980010986328,133.42599487304688,0.42989865804638727,0.004198801427112156,2.898844606279743,-0.0031518848677962565,1.9206657822511608,,0.09326134876666033,44.16310012802752
4.3,1.9552455692509043,0.01439322541098295,0.01734452593402748,18.7756572265292,0.5590120964326326,0.8462745211444169,107.22699737548828,133.00799560546878,125.9980010986328,133.42599487304688,0.5431237692363623,0.003998118169717486,2.2645022237995085,-0.004013665147893412,1.8611398651263058,,0.1485736335769297,34.82547887416235
4.3500000000000005,2.295077484616482,0.6676331046654014,0.08196624066417478,18.75663470261064,0.5890354016473058,0.8572763385876702,107.25700378417969,133.00900268554688,126.00900268554688,133.42599487304688,0.6375215235045784,0.1854536401848337,1.8879550853642943,3.6291104403022727,1.5133922101252502,,0.19302853862687325,41.48983039133655
4.4,2.478837165162429,1.2108351913359432,0.20104668054740035,18.73762016685765,0.6230464488341884,0.8722762936115743,107.29100036621094,133.00999450683594,126.02400207519531,133.42599487304688,0.6885658792117858,0.3363431087044287,1.0208871141441525,3.01778937039191,1.033710830501689,,0.20073072117478696,53.196697569814205
4.45,2.453366480877465,0.7896039210955749,0.2781178552126721,18.71758414416444,0.6571017450151311,0.886277515221903,107.3249969482422,133.01199340820312,126.03800201416016,133.42599487304688,0.6814906891326291,0.21933442252654856,-0.1415038015831343,-2.3401737235576108,0.5671100754532328,,0.2175428980971466,40.49967619146477
4.5,2.4564596110039045,1.4608649664317004,0.4224098275963655,18.70255854272885,0.6911208662403053,0.9052761210453888,107.35900115966795,133.01300048828122,126.05699920654295,133.42599487304688,0.682349891945529,0.40579582400880565,0.0171840562579973,3.729228029645155,0.21819007597999038,,0.1792763037086001,67.62468704722666
4.55,2.35387777790518,1.0505122343949185,0.5257414831838342,18.686519544447147,0.7241784871494317,0.9222753296175994,107.39199829101562,133.01499938964844,126.0739974975586,133.42599487304688,0.6538549383069945,0.29180895399858847,-0.5698990727706919,-2.279737400204352,0.03512599046411119,,0.18668769483958564,51.61223775969857
4.6000000000000005,2.355918395719337,1.7300590384370709,0.6970853548816014,18.676497702955405,0.7571986091989592,0.94527844440598,107.4250030517578,133.01600646972656,126.09700012207031,133.42599487304688,0.6544217765887047,0.48057195512140854,0.011336765634204332,3.7752600224563477,0.011169096690104019,,0.13846063970686467,107.4227360026856
4.65,2.2845409490790223,1.3273720858447926,0.8282072477167782,18.66445576171571,0.7892586652026116,0.9652751884632657,107.45700073242188,133.01800537109378,126.11699676513672,133.42599487304688,0.6345947080775062,0.36871446829022014,-0.396541370223972,-2.237149736623776,0.10002405925553284,,0.1573086248006294,70.19609210419833
4.7,2.4082299311246533,2.0130398297158383,1.0279429282469814,18.658438831955696,0.8222706992491232,0.9922756354547916,107.48999786376952,133.01899719238278,126.1439971923828,133.42599487304688,0.668952758645737,0.5591777304766218,0.6871610113646189,3.809265243728046,0.23692679209144854,,0.12086122408016715,169.95431110345788
4.75,2.4986624207563097,1.6164331907152076,1.1880746788047418,18.648395555660496,0.8563336116641401,1.0162777447107638,107.52400207519531,133.02099609375,126.16799926757812,133.42599487304688,0.6940728946545305,0.44900921964311324,0.5024027201758714,-2.2033702166701787,0.36566430559198704,,0.17505464422819605,76.09301796609417
4.800000000000002,2.6010427478940294,2.306717084483469,1.4173070647119903,18.644376844087304,0.8913441317427926,1.047276012311372,107.55899810791016,133.02200317382812,126.1989974975586,133.42599487304688,0.7225118744150082,0.6407547456898525,0.568779595209536,3.834910520934662,0.4622271845430738,,0.12560218004281845,228.0179961651429
4.8500000000000005,2.657994485162462,1.9155791623327152,1.5421016704787216,18.635333040986172,0.9284006468314296,1.0752760536922223,107.59600067138672,133.02400207519528,126.22699737548828,133.42599487304688,0.7383318014340172,0.5321053228701986,0.3163985403801873,-2.172988456393123,0.5355980956671258,,0.17966589656500243,90.35905369776562
4.9,2.7673049856108123,2.6105413792845527,1.6820722892735829,18.63129314291236,0.966455195666318,1.1092803566263767,107.63400268554688,133.0260009765625,126.26100158691406,133.42599487304688,0.7686958293363367,0.7251503831345979,0.6072805580463924,3.860901205287999,0.6047219397892122,,0.12170400462479389,427.76035530933336
4.95,2.8998980010083333,2.223203221018194,1.8254322192658443,18.625254995224935,1.0055002313363408,1.1422776581408651,107.6729965209961,133.02799987792972,126.29399871826172,133.42599487304688,0.8055272225023148,0.6175564502828316,0.7366278633195638,-2.151878657035334,0.6764922792618148,,0.19892378444584105,99.08063880851812
5.0,3.0391355273533933,2.9219693951268093,1.9715426621353551,18.62321393598316,1.0465492951200996,1.1812791929804147,107.71399688720705,133.02999877929688,126.33300018310548,133.42599487304688,0.8442043131537204,0.8116581653130026,0.7735418130281141,3.8820343006034346,0.7433156703060836,3.02196833677022,0.13843354402688998,572.0337070312488
5.050000000000002,3.189378404492904,2.5392351661967654,2.1204149553155403,18.615170092881453,1.0906010174756124,1.2172824218868203,107.75800323486328,133.03199768066406,126.36900329589844,133.42599487304688,0.8859384456924734,0.7053431017213238,0.8346826507750338,-2.1263012718335093,0.792802481763137,,0.22838004462076353,103.07098164191137
5.1000000000000005,3.351459153064925,3.242589566849599,2.2716680081567926,18.614107480577413,1.1356994779338456,1.261281173305473,107.8030014038086,133.03500366210938,126.41300201416016,133.42599487304688,0.930960875851368,0.9007193241248885,0.9004486031779116,3.907524448071379,0.8152624985800172,,0.16477523098401053,615.3108326104248
5.15,3.5127766375115925,2.8627283418877743,2.4252036337610905,18.6070709719881,1.1837376048372998,1.3022816000565096,107.85099792480469,133.03700256347656,126.4540023803711,133.42599487304688,0.9757712881976646,0.7952023171910484,0.8962082469259346,-2.1103401386768104,0.8064917463692671,,0.26723510425652264,103.04118396657805
5.2,3.664209481898375,3.5675346895059437,2.5806531197401013,18.605002589385425,1.233830015525842,1.350278133059725,107.9010009765625,133.03999328613278,126.5019989013672,133.42599487304688,1.017835967193993,0.9909818581960954,0.8412935799265705,3.915590820100954,0.7702778049837146,,0.19268335223332472,692.559823623464
5.25,3.7888073853090174,3.1894914780461847,2.7379589484731994,18.59895785453792,1.2858709606625716,1.3962757835161952,107.9530029296875,133.04200744628906,126.5479965209961,133.42599487304688,1.0524464959191715,0.8859698550128291,0.6922105745035736,-2.100240063665334,0.7193832257392925,,0.2942801783809584,111.71441596326534
5.300000000000002,3.8929287546074582,3.894518211977025,2.896739061222555,18.598903976750325,1.3389490592406788,1.4492771910941151,108.00599670410156,133.04499816894528,126.60099792480469,133.42599487304688,1.0813690985020716,1.0818106144380624,0.5784520516579842,3.91681518850454,0.6713758632979874,,0.19673856662430955,inf
5.3500000000000005,3.997670218497673,3.5181455472936314,3.056995699718647,18.59384642022064,1.3940314474781752,1.4992802612026324,108.06099700927734,133.04800415039062,126.6510009765625,133.42599487304688,1.110463949582687,0.9772626520260087,0.5818970216123178,-2.0909592482411177,0.6404240856425286,,0.3004395892122528,139.58160277141212
5.4,4.104526611298522,4.224421679464575,3.2183837297366487,18.593785862512128,1.4511090610289978,1.556279469069055,108.11799621582031,133.05099487304688,126.70800018310548,133.42599487304688,1.1401462809162561,1.1734504665179375,0.5936466266713868,3.9237562898385896,0.6315179399414541,,0.1932527310483626,inf
5.45,4.216965987000358,3.8498416119072063,3.38104756882555,18.590700280540094,1.5092529490512057,1.6112797872631135,108.1760025024414,133.05499267578122,126.76300048828124,133.42599487304688,1.1713794408334328,1.0694004477520018,0.6246631983435358,-2.081000375318721,0.640908053483236,,0.3072028835345622,182.28143762235928
5.5,4.335799229204904,4.557853418859025,3.544635971198772,18.59363829956825,1.568327585415305,1.6732762478503074,108.23500061035156,133.05799865722656,126.8249969482422,133.42599487304688,1.20438867477914,1.266070394127507,0.6601846789141442,3.9333989275101193,0.6605174280844675,,0.19337440302229092,inf
5.550000000000002,4.461234085234457,4.185145310853722,3.7092269856644666,18.59258741863933,1.6293986183626232,1.7332814464840154,108.2959976196289,133.06100463867188,126.88500213623048,133.42599487304688,1.2392316903429046,1.162540364126034,0.6968603112752713,-2.070600600029398,0.681967815252019,,0.31982702181498807,242.40242425625536
5.6000000000000005,4.591108763325182,4.894849377172257,3.874452966696732,18.595519104032988,1.6924731019476134,1.7992757095649206,108.35900115966795,133.06399536132812,126.95099639892578,133.42599487304688,1.2753079898125506,1.3596803825478492,0.7215259893929348,3.9428003684363895,0.6985621408134037,,0.199513269524334,inf
5.65,4.723990777540274,4.523329151596167,4.040513047667572,18.59444244221023,1.7575983644461128,1.8632787095778929,108.42400360107422,133.0679931640625,127.01499938964844,133.42599487304688,1.3122196604278538,1.2564803198878243,0.7382334123060668,-2.0640012532005056,0.7060745526058707,,0.3373380598390817,333.53654522350683
5.7,4.8546913906274085,5.235300936919949,4.2072896724089714,18.59938878123637,1.824659482515902,1.9352773059876236,108.49099731445312,133.07099914550778,127.08699798583984,133.42599487304688,1.3485253862853912,1.4542502602555414,0.7261145171507514,3.9553988073543564,0.7032402620632509,,0.2070104696828824,inf
5.75,4.981473041533159,4.864069087577534,4.374747433362106,18.600312179174527,1.892777691076645,2.0042775580180856,108.55899810791016,133.07499694824222,127.15599822998048,133.42599487304688,1.3837425115369888,1.3511303021048706,0.7043425050319544,-2.0623991630134224,0.6918491229667054,,0.3516224563850877,570.1732808097786
5.800000000000002,5.101924509153923,5.575320812105686,4.5428276933749725,18.606240456784228,1.9628914536501172,2.0802815864400044,108.62899780273438,133.07899475097656,127.23200225830078,133.42599487304688,1.4172012525427564,1.5487002255849127,0.669174820115331,3.9513984696007154,0.6760095671987523,,0.207574301367211,inf
5.8500000000000005,5.218492319928372,5.20599696623042,4.711612835268653,18.60716560886276,2.035000955660952,2.1532796399029115,108.70099639892578,133.08299255371094,127.30500030517578,133.42599487304688,1.4495811999801034,1.4461102683973388,0.6475989487469529,-2.0517991437515217,0.6606344745579897,,0.35646468727976366,5345.455711049879
5.9,5.331616989290613,5.9130009760787585,4.880470764930072,18.615104710791236,2.10811684607062,2.234287181882757,108.77400207519531,133.08700561523438,127.38600158691406,133.427001953125,1.4810047192473925,1.6425002711329884,0.6284703853457851,3.9278000547130048,0.6497928928354979,,0.20038145176437183,inf
5.95,5.445015916816037,5.5475648241199496,5.0502430861513465,18.61901140115823,2.183279593449474,2.313281938165223,108.8489990234375,133.09199523925778,127.46499633789062,133.427001953125,1.512504421337788,1.5409902289222082,0.6299940418079131,-2.030200844215611,0.6456425947615654,,0.3553105259146141,inf
6.0,5.5593764773252285,6.251508576445631,5.219608601910005,18.627923294208856,2.2594482298620733,2.3982886520331026,108.9250030517578,133.09700012207028,127.5500030517578,133.427001953125,1.5442712437014523,1.7365301601237864,0.635336447273287,3.9107986240315777,0.6481788085100654,-0.09513686179601821,0.19029738054250367,inf
6.050000000000002,5.6765409848254205,5.8903927085184575,5.3901333416764805,18.632857016457454,2.337545920573728,2.481288839421824,109.00299835205078,133.10099792480472,127.63300323486328,133.427001953125,1.5768169402292833,1.6362201968106826,0.6509139305565995,-2.0061992662620103,0.6555591510159955,,0.35392495456041506,inf
6.1000000000000005,5.796729288800133,6.591456870407028,5.559794090999957,18.64276314643497,2.417704150494964,2.571285177349832,109.08300018310548,133.10600280761722,127.7229995727539,133.427001953125,1.6102025802222593,1.83096024177973,0.6677127998595331,3.894800899381029,0.6646263003581396,,0.18212577751162606,inf
6.15,5.9198341698789045,6.233688824355965,5.730830058275938,18.64967305020566,2.4988589654546516,2.6592826173129054,109.16400146484376,133.11099243164062,127.81099700927734,133.427001953125,1.6443983805219178,1.731580228987768,0.6839160059931728,-1.9876002558392463,0.6715999039001176,,0.3558561172188198,inf
6.2,6.045095581493483,6.930324573285104,5.900332421912452,18.661588286178826,2.582009908008124,2.754283838119039,109.24700164794922,133.11599731445312,127.90599822998048,133.427001953125,1.679193217081523,1.9250901592458622,0.6958967311921052,3.870198605161899,0.6733679257024592,,0.17788027617204039,inf
6.25,6.171756421301395,6.5766248983429945,6.071588002988999,18.669491477437962,2.66722026431112,2.8472861602703747,109.33200073242188,133.12199401855472,127.9990005493164,133.427001953125,1.7143767836948318,1.8268402495397207,0.7036713322661806,-1.964998194122838,0.6694699234399958,,0.3605251993571912,inf
6.300000000000002,6.28731475745211,7.270453141096373,6.241101235888068,18.682409193042854,2.7543620934872197,2.9472846345726698,109.41899871826172,133.12699890136722,128.0989990234375,133.427001953125,1.746476321514475,2.0195703169712145,0.6419907563928423,3.8546013486297523,0.6635180049308143,,0.16902896838465753,inf
6.3500000000000005,6.399949909321728,6.920496540194751,6.4125511932845,18.691323429684264,2.8425093593506467,3.044284759045684,109.50700378417969,133.13200378417972,128.19599914550778,133.427001953125,1.7777638637004798,1.9223601500540974,0.6257508437201098,-1.9442033383423822,0.6621355172244825,,0.35195585642835914,inf
6.4,6.513226944729112,7.61050833217817,6.5823019288944415,18.705235642838076,2.9327052644340794,3.148288665532597,109.59700012207031,133.13800048828122,128.30000305175778,133.427001953125,1.8092297068691978,2.114030092271714,0.6293168633743629,3.833398844352343,0.6712075700045412,,0.15056778184595632,inf
6.45,6.631269353537843,7.267032802827901,6.754248726765237,18.717151011841537,3.0238462043785783,3.251285493726697,109.68800354003906,133.14300537109378,128.40299987792972,133.427001953125,1.842019264871623,2.0186202230077503,0.6557911600485046,-1.908197385279278,0.6918891735902946,,0.3419266563635537,inf
6.5,6.763737228588343,7.951681043858144,6.924265973506488,18.733058060950423,3.1170340405879897,3.360279024292258,109.78099822998048,133.14900207519528,128.51199340820312,133.427001953125,1.8788158968300952,2.208800289960595,0.7359326391694481,3.80360133905691,0.7193895438999378,,0.14246697857439417,inf
6.550000000000002,6.904370185842263,7.615080549383401,7.096734757592982,18.744977430768905,3.2122243362868605,3.467288913729808,109.8759994506836,133.15499877929688,128.61900329589844,133.427001953125,1.9178806071784062,2.1153001526065003,0.781294206966196,-1.8700027470818383,0.7454737166489465,,0.351471527704168,inf
6.6000000000000005,7.048073082519887,8.292600559108028,7.2668491264630815,18.761887954231966,3.3094096445483547,3.5812873271718013,109.9729995727539,133.16099548339844,128.73300170898438,133.427001953125,1.9577980784777465,2.3035001553077854,0.798349425986821,3.7640000540257827,0.7628051613726933,,0.1516989323682032,inf
6.65,7.191083731770514,7.961508675501043,7.439631111577588,18.774789211628143,3.408656103602264,3.6932868403563432,110.0719985961914,133.16799926757812,128.84500122070312,133.427001953125,1.9975232588251428,2.2115301876391786,0.79450360694793,-1.8393993533721418,0.7681034779288565,,0.3687570410115657,inf
6.7,7.330896586108756,8.633665131080926,7.6099651673571715,18.79270355222348,3.5088342214060115,3.8112830565928126,110.1719970703125,133.17399597167972,128.96299743652344,133.427001953125,2.0363601628079877,2.398240314189146,0.7767380796569007,3.7342025309993643,0.7624978967221077,,0.16026954179395125,inf
6.75,7.466139857136102,8.309808772807099,7.783283554803583,18.80660930543932,3.612076513416036,3.9282874524000917,110.2750015258789,133.18099975585938,129.08000183105472,133.427001953125,2.0739277380933614,2.3082802146686383,0.7513515057074764,-1.799201990410164,0.7497506818514095,,0.3786844704158112,inf
6.800000000000002,7.59702324165796,8.976205135189854,7.9538587542129315,18.82452291403929,3.717305576864917,4.051288551493969,110.37999725341795,133.18800354003906,129.2030029296875,133.427001953125,2.1102842337938776,2.493390315330515,0.7271299140103017,3.7022020132374114,0.7339656507318593,,0.15853958730575934,inf
6.8500000000000005,7.724958153410505,8.658828992210122,8.127691999414468,18.840437721037368,3.823477869308897,4.173282571161785,110.48600006103516,133.19400024414062,129.32499694824222,133.427001953125,2.1458217092806957,2.4052302756139228,0.7107495097363765,-1.7632007943318782,0.7180757783118993,,0.3781904878521154,inf
6.9,7.851531258257975,9.320364765968868,8.298677642793537,18.860355240879077,3.9317064336364513,4.301288553104986,110.59400177001952,133.20100402832028,129.4530029296875,133.427001953125,2.1809809050716598,2.58899021276913,0.7031839158192835,3.6751987431041617,0.7038611685851471,,0.14841170868229225,inf
6.95,7.978295206219492,9.008784768110909,8.472852839321838,18.877281472876827,4.041928816866228,4.428291328305106,110.7040023803711,133.20799255371094,129.58000183105472,133.42799377441406,2.2161931128387478,2.502440213364141,0.7042441553417625,-1.7309999880997902,0.6932249403080069,,0.37278700243530416,inf
7.0,8.094986481975415,9.662832674936473,8.64396800242967,18.898195906574852,4.1541471024443295,4.561286934295556,110.81600189208984,133.21499633789062,129.71299743652344,133.42799377441406,2.248607356104282,2.6841201874823537,0.6482848653106844,3.6335994823642666,0.6887831328588293,0.04060432434876393,0.13111534205858444,inf
7.050000000000002,8.210105394279989,9.357552648767232,8.818215212368054,18.91611493953018,4.267362907423078,4.692283639281297,110.9290008544922,133.22200012207028,129.843994140625,133.42799377441406,2.280584831744441,2.59932018021312,0.6395495128031632,-1.6960001453846187,0.6919797628469838,,0.3529406239671764,inf
7.1000000000000005,8.338434621386362,10.006417241947963,8.989596880652048,18.939030924164086,4.382638396484734,4.830284128093023,111.04399871826172,133.22999572753906,129.98199462890622,133.42799377441406,2.3162318392739896,2.779560344985545,0.7129401505909857,3.6048032954485767,0.7006256831063954,,0.1117798598397779,inf
7.15,8.476518952719106,9.70718484511829,9.164164497613774,18.95795522524568,4.499852223879208,4.966285715809118,111.16100311279295,133.23699951171878,130.11799621582028,133.42799377441406,2.3545885979775294,2.6964402347550807,0.7671351740707993,-1.6624022046092939,0.7102377324461294,,0.35315726352350385,inf
7.2,8.608620966057698,10.350901315221005,9.33588811602778,18.981877316855204,4.618119026722303,5.108284007376689,111.27899932861328,133.2449951171875,130.25999450683594,133.42799377441406,2.391283601682694,2.875250365339168,0.7339000741032934,3.576202611681762,0.7191818384936102,,0.10821397791397036,inf
7.25,8.727202962965658,10.058725058567816,9.510779744603852,19.002813908694094,4.738325982344964,5.249290477825316,111.39900207519531,133.25199890136722,130.4010009765625,133.42799377441406,2.424223045268238,2.7940902940466157,0.6587888717108848,-1.6232014258510543,0.7312556701636467,,0.34096460893350633,inf
7.300000000000002,8.852757959131818,10.694017247668203,9.682560955851686,19.027750872191067,4.8605284990750235,5.396293652208962,111.52100372314452,133.25900268554688,130.54800415039062,133.42799377441406,2.4590994330921716,2.970560346574501,0.6975277564786485,3.529401050557593,0.7513717424257089,,0.08709461890303105,inf
7.35,8.995254333907635,10.406485288996508,9.857326585530323,19.049683927688296,4.984778947354179,5.542289746615901,111.6449966430664,133.26699829101562,130.69400024414062,133.42799377441406,2.4986817594187873,2.8906903580545857,0.7916465265323457,-1.597399770398367,0.7789143298646164,,0.3413400488950047,inf
7.4,9.147840516986266,11.035476647779774,10.028837773711416,19.07560291273507,5.111039447656903,5.694282545027689,111.77100372314452,133.27499389648438,130.84599304199222,133.42799377441406,2.541066810273963,3.065410179938826,0.8477010171034983,3.494396437684756,0.8064583492765374,,0.10134687700096556,inf
7.45,9.304561601295744,10.754101324056276,10.203369429305953,19.09854997463102,5.239229272217059,5.845283522183865,111.89900207519531,133.28199768066406,130.99699401855472,133.42799377441406,2.5846004448043733,2.98725036779341,0.8706726906082127,-1.563196242908328,0.8248043340546944,,0.37069501057046983,inf
7.5,9.460175573319797,11.377368634882373,10.374823025300543,19.12450608412852,5.3704697621299085,6.002296462197754,112.02999877929688,133.28999328613278,131.15400695800778,133.42799377441406,2.627826548144388,3.1603801763562145,0.8645220668002938,3.462596171256104,0.8286568173592668,,0.12865855029406692,inf
7.550000000000002,9.610968546093627,11.102293283718524,10.549297088795672,19.147444420772782,5.502716399078174,6.157295242046533,112.16200256347656,133.29800415039062,131.30900573730472,133.42799377441406,2.6697134850260076,3.0839703565884786,0.8377387376323674,-1.5281963953546684,0.8183707204078143,,0.3987344195960847,inf
7.6,9.7553703665946,11.720160986213221,10.720671463222198,19.17438405974221,5.637947484938414,6.319282547296576,112.2969970703125,133.30599975585938,131.47099304199222,133.42799377441406,2.709825101831833,3.255600273948117,0.802232336116542,3.4325983471929,0.7980511875747625,,0.14401897688559728,inf
7.65,9.893576003104496,11.451061167475249,10.895059095457892,19.198336507412247,5.774183902059388,6.4792862099187385,112.43299865722656,133.31399536132812,131.63099670410156,133.42799377441406,2.7482155564179154,3.1808503242986803,0.7678090917216343,-1.4949989929887106,0.7728071137901507,,0.40923887485121213,inf
7.7,10.027210914916251,12.061872729150007,11.066156236850793,19.226290062650694,5.912416708267005,6.645286576687603,112.5709991455078,133.32200622558594,131.7969970703125,133.42799377441406,2.7853363652545142,3.3505202025416687,0.7424161767319797,3.39339756485978,0.7474568174789911,,0.142625797321835,inf
7.75,10.158515802357526,11.799217078650795,11.24020543885909,19.251256479101297,6.052644233413759,6.810295122083695,112.71099853515624,133.33000183105472,131.96200561523438,133.42799377441406,2.8218099450993126,3.277560299625221,0.7294715968959701,-1.4591980583289617,0.7270737438103257,,0.4061497971277688,inf
7.800000000000002,10.278190202642817,12.404341499032006,11.41123786399547,19.281215892632503,6.194867453593316,6.982292192944209,112.85299682617188,133.33799743652344,132.13400268554688,133.42799377441406,2.855052834067449,3.445650416397779,0.6648577793627074,3.3618023354510553,0.7175054465591223,,0.12387218431902491,inf
7.85,10.395008619517279,12.14809310938192,11.585398646034012,19.30717334276756,6.3390940752762805,7.152290362322283,112.99700164794922,133.34599304199222,132.30400085449222,133.42799377441406,2.887502394310355,3.3744703081616443,0.6489912048581457,-1.4236021647227506,0.7235433368785321,,0.37892775647445553,inf
7.9,10.525488570207283,12.746701263934186,11.756521107649453,19.337151049579248,6.484311844322632,7.327296312294128,113.14199829101562,133.35400390625,132.47900390625,133.42900085449222,2.9237468250575787,3.5407503510928295,0.7248886149444619,3.325600858623658,0.7454295391725443,,0.10102522591258545,inf
7.95,10.667377497306315,12.496824944858924,11.930793469729716,19.365124913157853,6.631481041516472,7.50229936445382,113.28900146484376,133.36099243164062,132.65400695800778,133.42900085449222,2.963160415918421,3.471340262460812,0.7882718172168462,-1.3882017726403588,0.7774073362590965,,0.3793527401375849,inf
8.0,10.81790699655297,13.08992534390258,12.10204914063174,19.397095964121142,6.780698307135007,7.683299120851547,113.43800354003906,133.36900329589844,132.83500671386722,133.42900085449222,3.004974165709158,3.6360903733062724,0.8362749958147505,3.2950022169092223,0.8102743831346201,0.12149125027579077,0.11389474900429519,inf
8.05,10.974115178273587,12.845269247672093,12.276346737027097,19.42408084031996,6.932901264746238,7.862299975721546,113.58999633789062,133.37699890136722,133.01400756835938,133.42900085449222,3.0483653272982187,3.568130346575581,0.8678232317811984,-1.3592005346138054,0.8356119145116612,,0.4085119249403917,inf
8.1,11.1328512468164,13.432104864505732,12.447541124856349,19.457050497686087,7.08610992100837,8.04828935613655,113.74299621582031,133.38499450683594,133.19999694824222,133.42900085449222,3.092458679671222,3.7311402401404807,0.8818670474600864,3.260197871298061,0.8484203540823627,,0.14736709623109245,inf
8.15,11.290533974762706,13.193497257231849,12.621784733832008,19.48503385851892,7.242321322979115,8.23229509379252,113.89900207519531,133.39300537109378,133.38400268554688,133.42900085449222,3.136259437434085,3.664860349231069,0.8760151552572424,-1.3255978181882166,0.8475950240905643,,0.4472680218666918,inf
8.200000000000001,11.4445094552444,13.773637221757342,12.792961183092745,19.517027476309764,7.400472936949109,8.422297535723432,114.05699920654295,133.39999389648438,133.57400512695312,133.42900085449222,3.1790304042345556,3.8260103393770395,0.8554193360094032,3.222999802919365,0.835673275812346,,0.18002451065899372,inf
8.25,11.593219791615374,13.54255353318443,12.967294828546107,19.54701597621406,7.5606770125361935,8.612299977456257,114.21700286865234,133.40800476074222,133.76400756835938,133.42900085449222,3.22033883100427,3.761820425884564,0.8261685353943092,-1.2837982698495416,0.8186103691011737,,0.4746351320315423,inf
8.3,11.729613658005936,14.117689568202973,13.138629635463204,19.580006841848977,7.722822620418053,8.807292043396457,114.37899780273438,133.41499328613278,133.95899963378906,133.42900085449222,3.25822601611276,3.921580435611937,0.7577437021697867,3.1952001945474153,0.8048101316348601,,0.1882714670778025,inf
8.35,11.865674353921547,13.89319338555396,13.313139663080404,19.610001527461776,7.88701961922454,9.001292287847809,114.54299926757812,133.42300415039062,134.15299987792972,133.42900085449222,3.296020653867096,3.8592203848761,0.7558927550867339,-1.2472010147167634,0.8025515213262708,,0.4739417903192287,inf
8.4,12.005111234313366,14.46242598535066,13.484712135222054,19.643997192672924,8.053167026876109,9.201291695889473,114.70899963378906,133.42999267578122,134.35299682617188,133.42999267578122,3.3347531206426018,4.017340551486294,0.7746493355101048,3.162403332203833,0.8164804664681918,,0.18728465852033782,inf
8.450000000000001,12.150023877392213,14.243401509556904,13.659369791691852,19.674996669178928,8.22031364465723,9.39928974305468,114.8759994506836,133.43699645996094,134.55099487304688,133.42999267578122,3.375006632608948,3.956500419321362,0.8050702393269101,-1.216802643298616,0.8450659843777926,,0.4841207089790407,inf
8.5,12.312321483203881,14.805757354068973,13.83095299270849,19.710004803697764,8.39050045786825,9.604291574624297,115.0459976196289,133.44500732421878,134.75599670410156,133.42999267578122,3.420089300889967,4.11271037613027,0.9016533656204043,3.1241991361782206,0.8805783111976146,,0.2172177123229302,inf
8.55,12.485032339134069,14.59558889062197,14.005984957003474,19.741017206383727,8.563645701925548,9.808301584663226,115.21900177001952,133.45199584960938,134.96000671386722,133.42999267578122,3.468064538648352,4.054330247394992,0.959504755167688,-1.1676025747055452,0.9118505097600582,,0.5414750328784219,inf
8.6,12.661979088826715,15.148008973114088,14.177575367864312,19.776029879620765,8.737782576693693,10.01730121890328,115.39299774169922,133.45899963378906,135.16900634765622,133.42999267578122,3.517216413562976,4.207780270309469,0.9830374982925015,3.069000458289602,0.9285254851956629,,0.29063614834365303,inf
8.65,12.837337674771053,14.948208858673256,14.353046528008454,19.808037215182107,8.914886082786381,10.226300852977095,115.56999969482422,133.46499633789062,135.37800598144528,133.42999267578122,3.565927131880848,4.1522802385203486,0.9742143663574193,-1.1100006357823864,0.9246471506540928,,0.6179072828035457,inf
8.700000000000001,13.006849113396072,15.488605776318774,14.524543383464591,19.842039706494173,9.09502259451138,10.44029011117602,115.75,133.47200012207028,135.59199523925778,133.42999267578122,3.61301364261002,4.302390493421882,0.9417302145834271,3.0022050980306254,0.9005492425985719,,0.36397283216595344,inf
8.75,13.168329852122,15.299640929176665,14.700252123063814,19.873053905741237,9.277156512756328,10.653287547992877,115.93199920654295,133.47900390625,135.80499267578122,133.42999267578122,3.657869403367222,4.249900258104629,0.8971152151440633,-1.0498047063450902,0.8633802111680957,,0.676770290239177,inf
8.8,13.307912469091596,15.828445552616337,14.871327721505152,19.908080757339725,9.461252314377669,10.872296947745076,116.11599731445312,133.48500061035156,136.02400207519528,133.42999267578122,3.6966423525254433,4.396790431282316,0.7754589831644122,2.9378034635537036,0.8257703613205526,,0.3960545937422273,inf
8.85,13.434022689946284,15.651145096473632,15.04712289259712,19.941087577220333,9.647353593437519,11.091291088643832,116.302001953125,133.49099731445312,136.24299621582028,133.42999267578122,3.731672969429523,4.347540304576009,0.7006123380816093,-0.9850025341261525,0.8012429213108818,,0.6697870213533825,inf
8.9,13.568607496890605,16.167996937351624,15.217679987797215,19.97711401133764,9.834446181474377,11.314300565040961,116.48899841308594,133.49699401855472,136.46600341796878,133.43099975585938,3.769057638025168,4.491110260375451,0.747693371912888,2.871399115988792,0.7976946058925883,,0.3870797310374279,inf
8.950000000000003,13.712319677483327,16.002110246198356,15.39355086146136,20.0111311379363,10.02454371285852,11.538299588722218,116.6790008544922,133.50300598144528,136.69000244140622,133.43099975585938,3.808977688189813,4.445030623943988,0.7984010032928659,-0.921592728629211,0.8137418410972539,,0.6756753873403252,inf
9.0,13.865409681362731,16.507872762007207,15.563762402255184,20.048148268038886,10.215639718159476,11.766296415198411,116.87000274658205,133.50900268554688,136.91799926757812,133.43099975585938,3.8515026892674253,4.585520211668668,0.8505000215522912,2.8097917544937623,0.8408579178200892,0.03058353468546915,0.41574195088835,inf
9.05,14.026114280147073,16.353684794142158,15.739571992607205,20.0821687808019,10.40973262165341,11.994293241580904,117.06400299072266,133.51499938964844,137.14599609375,133.43099975585938,3.896142855596409,4.542690220595044,0.8928033265796615,-0.8565998214724735,0.8687901421365078,,0.7190797145553809,inf
9.1,14.191478248775491,16.84746191217958,15.909517286513752,20.11919253965389,10.605795657159268,12.227294950869158,117.26000213623048,133.52000427246094,137.37899780273438,133.43099975585938,3.942077291326525,4.679850531160994,0.9186887146023377,2.743206211319068,0.8898397057986168,,0.4775381753095074,inf
9.15,14.358299483791285,16.705225009734487,16.085218901619875,20.15321907267263,10.804855699313944,12.460296660032014,117.45899963378906,133.52499389648438,137.61199951171878,133.43099975585938,3.988416523275357,4.640340280481802,0.9267846389766233,-0.7902050135838289,0.9002471132604903,,0.7841250417271821,inf
9.2,14.523888985895713,17.186294035886675,16.254987727576662,20.191252222659248,11.004915260840638,12.698303252122896,117.65899658203124,133.52999877929688,137.85000610351562,133.43099975585938,4.034413607193254,4.773970565524077,0.919941678357958,2.672605700845544,0.8996292391998217,,0.5493847506706695,inf
9.25,14.686262983346953,17.0566931281895,16.430692947477947,20.226265322110567,11.207979876945208,12.93629458528393,117.86199951171876,133.53500366210938,138.08799743652344,133.43099975585938,4.079517495374153,4.737970313385972,0.9020777636179794,-0.7200050427620828,0.8898670236846353,,0.8466039690137306,inf
9.3,14.844379883617494,17.5256291273595,16.600411304952267,20.262288874493205,11.414019947088404,13.178298980099946,118.06800079345705,133.53900146484378,138.33000183105472,133.43099975585938,4.123438856560415,4.868230313155417,0.8784272237252164,2.605199995388857,0.8743201128028801,,0.609733085634157,inf
9.35,14.99825549684947,17.409132850020022,16.776210080306903,20.298311094050018,11.621081174929733,13.42129519604965,118.2750015258789,133.54400634765622,138.572998046875,133.43099975585938,4.166182082458186,4.835870236116673,0.8548645179554453,-0.6472015407748937,0.8577990000775297,,0.8916562894096893,inf
9.4,15.148454212562811,17.865468903653966,16.94595727693714,20.33534332385143,11.83111830951808,13.668304473660172,118.48500061035156,133.54800415039062,138.82000732421878,133.43099975585938,4.207903947934114,4.96263025101499,0.8344373095185512,2.5352002979663086,0.8468199144629462,,0.6524116226525898,inf
9.45,15.289276639148278,17.760961457193833,17.121842398036687,20.372347413487827,12.042154714587886,13.916292358497026,118.6959991455078,133.552001953125,139.0679931640625,133.4320068359375,4.2470212886522996,4.933600404776064,0.7823468143637224,-0.5805969247785238,0.8484785413263164,,0.9136189710413767,inf
9.5,15.43232686425514,18.071532977010147,17.278208419536984,20.40836617067041,12.256196569262825,14.166292383944723,118.91000366210938,133.55599975585938,139.3179931640625,133.4320068359375,4.286757462293094,5.019870271391707,0.7947234728158812,1.7253973323128347,0.8668884510049892,,0.797020104653269,inf
9.55,15.59339295040154,18.246349982982192,17.467474938420985,20.44540176197815,12.471213920262306,14.4183065461035,119.125,133.55900573730472,139.57000732421878,133.4320068359375,4.331498041778206,5.068430550828387,0.8948115897022163,0.971205588733572,0.8992565386180189,,0.8266055561909251,inf
9.6,15.768149798429869,18.95677379214717,17.678406126417748,20.483420591961828,12.68925289306892,14.674303253525247,119.34300231933594,133.56300354003906,139.82600402832028,133.4320068359375,4.380041610674963,5.265770497818658,0.9708713779351748,3.946798939805513,0.9355220849164576,,0.3583636936109631,inf
9.65,15.951496014267306,17.941284922232093,17.802012117667513,20.512438645911697,12.910273799716913,14.924303258790694,119.56400299072266,133.56599426269528,140.07600402832028,133.4320068359375,4.430971115074252,4.983690256175581,1.0185900879857568,-5.641604832861455,0.9625703511302715,,1.5465592637081862,inf
9.7,16.13698731038241,18.759241189145648,17.959306832993406,20.550459669554318,13.133293631510439,15.18530484648798,119.78700256347656,133.56900024414062,140.33700561523438,133.4320068359375,4.482496475106225,5.2109003303182355,1.0305072006394809,4.54420148285318,0.9699020017252621,,1.004192566783182,inf
9.75,16.31907240968993,18.843769054468037,18.138014425621254,20.58747400516712,13.358312184704706,15.447298256332846,120.01200103759766,133.57200622558594,140.5989990234375,133.4320068359375,4.533075669358314,5.234380292907788,1.0115838850417658,0.46959925179103523,0.9536836082265501,,1.1505423131424077,inf
9.8,16.493759288096165,19.194986677320884,18.3049501806174,20.625496436897574,13.586317773125847,15.713304737724492,120.23999786376952,133.57400512695312,140.86500549316406,133.4320068359375,4.581599802248935,5.331940743700246,0.9704826578124011,1.9512090158491346,0.918566198254879,,1.0281618754779949,inf
9.85,16.64498797057184,19.195022611154425,18.483539156730835,20.661511840096377,13.8173399399174,15.980303039316066,120.47100067138672,133.57699584960938,141.1320037841797,133.4320068359375,4.6236077696032885,5.331950725320674,0.840159347087095,0.00019963240855958445,0.8767970730953933,,1.221556440024603,inf
9.9,16.779024339250437,19.540549438961754,18.651047210261613,20.700518815552748,14.049350809195955,16.251299145019438,120.7030029296875,133.57899475097656,141.4029998779297,133.4320068359375,4.6608400942362325,5.427930399711598,0.7446464926588697,1.9195934878184577,0.8433804381586834,,1.0502283975040427,inf
9.95,16.91862049907024,19.54476194087796,18.829427258630027,20.738534665841232,14.28335287717125,16.523304131630553,120.93699645996094,133.58099365234378,141.6750030517578,133.43299865722656,4.699616805297289,5.429100539132767,0.775534221221149,0.02340278842337945,0.8287556559634868,,1.2275550705897125,inf
10.0,17.06474509908858,19.887049635545395,19.01097892448355,20.778541762938325,14.519355086947265,16.799305111302242,121.1729965209961,133.58200073242188,141.9510040283203,133.43299865722656,4.74020697196905,5.524180454318166,0.8118033334352033,1.9015983037079471,0.8341374746807382,-0.006720443139351051,1.0720725852056479,inf
10.05,17.21844250608914,19.89201763796732,19.175545689982066,20.816541947400967,14.758369488080392,17.076297909276366,121.41200256347656,133.58399963378906,142.22799682617188,133.43299865722656,4.782900696135872,5.525560454990923,0.8538744833364355,0.02760001345514201,0.8528952769909939,,1.2703635553542814,inf
10.1,17.378919785044847,20.231965625768474,19.30306487334419,20.85755618148952,14.998369464797552,17.35730376867937,121.6520004272461,133.58500671386722,142.50900268554688,133.43299865722656,4.827477718068013,5.619990451602354,0.8915404386428362,1.8885999322286697,0.8756762952568049,,1.1338289559571688,inf
10.15,17.544160780237362,20.237185977666574,19.532654978887642,20.8955567973035,15.241367704734516,17.638294370062944,121.8949966430664,133.58599853515622,142.7899932861328,133.43299865722656,4.873377994510379,5.621440549351826,0.9180055288472968,0.029001954989435617,0.8947568161273409,,1.3511230113790358,inf
10.2,17.71149868366246,20.57551339762002,19.714282199735077,20.935571345891034,15.486378605388827,17.923298032639977,122.13999938964844,133.58799743652344,143.0749969482422,133.43299865722656,4.919860745461794,5.715420388227783,0.9296550190283368,1.8795967775191835,0.9057096910226876,,1.2236788608022593,inf
10.25,17.878374163542453,20.58163489659643,19.888068783947922,20.97557116656132,15.733380253338193,18.21030059799149,122.38700103759766,133.58799743652344,143.36199951171875,133.43299865722656,4.966215045428459,5.717120804610119,0.9270859993332837,0.03400832764672353,0.907230124051511,,1.4464226039755683,inf
10.3,18.042819295740575,20.92021459542463,20.060591575758288,21.015570815187832,15.983382286867164,18.500293884886048,122.63700103759766,133.58900451660156,143.65199279785156,133.43299865722656,5.0118942488168265,5.811170720951286,0.9135840677673327,1.8809983268233044,0.9003565958878916,,1.3129983864787302,inf
10.35,18.20351089293732,20.927017546572557,20.233791069300107,21.05457109745648,16.235383195408104,18.791295995504196,122.88899993896484,133.58999633789062,143.9429931640625,133.43400573730472,5.0565308035936996,5.813060429603488,0.8927310955374791,0.037794173044042007,0.8876271397956956,,1.5304754260458662,inf
10.4,18.359964054231888,21.2525303710396,20.404989162507892,21.09558560047739,16.489381008745106,19.08630942371823,123.14299774169922,133.58999633789062,144.23800659179688,133.43400573730472,5.099990015064413,5.903480658622112,0.8691842294142537,1.8084045803724456,0.8722801312481453,,1.3981220946666983,inf
10.45,18.512678453343078,21.23316182046377,20.573829150466477,21.134578371697682,16.745385343221177,19.381307593827625,123.39900207519531,133.58999633789062,144.5330047607422,133.43400573730472,5.142410681484188,5.898100505684381,0.8484133283955234,-0.10760305875461514,0.8575216282600278,,1.6366164381661878,inf
10.5,18.662733221234934,21.527282947129688,20.737852481624905,21.174578199293343,17.00438039939995,19.68030356569133,123.65799713134766,133.58999633789062,144.83200073242188,133.43400573730472,5.184092561454148,5.979800818647136,0.833637599399181,1.6340062592550753,0.8459199302607416,,1.5284377510873703,inf
10.55,18.811455965841546,21.481238223856398,20.89677454021381,21.213570977565848,17.26438253609662,19.979299538067558,123.91799926757812,133.58999633789062,145.13099670410156,133.43400573730472,5.225404434955985,5.9670106177378885,0.8262374700367363,-0.25580401818494275,0.8390222773801396,,1.7944723258998554,inf
10.6,18.960250568850707,21.749797271595,21.048557704796462,21.252579018427387,17.5263835744334,20.280309669951556,124.18000030517578,133.58999633789062,145.4320068359375,133.43400573730472,5.266736269125197,6.041610353220833,0.8266366833842475,1.4919947096589288,0.8372419407336511,,1.7127713834159284,inf
10.65,19.110165613618516,21.682190167432612,21.193058123773067,21.289565327630246,17.79138296482752,20.582296364732976,124.44499969482422,133.58999633789062,145.73399353027344,133.43400573730472,5.308379337116254,6.022830602064614,0.8328613598211435,-0.3755950231243812,0.8399969909657894,,2.008567198313637,inf
10.7,19.261915471053875,21.930014248251723,21.328508208836233,21.32655966757731,18.058381256452595,20.886298837170266,124.71199798583984,133.58999633789062,146.03799438476562,133.43499755859378,5.350532075292743,6.091670624514367,0.8430547635297894,1.3768004489950885,0.8460151815723813,,1.9553151426617337,inf
10.75,19.4156443621549,21.844981800237232,21.454842899200315,21.361547603254053,18.3273879071042,21.190299692008058,124.9810028076172,133.58900451660156,146.3419952392578,133.43499755859378,5.393234545043028,6.0680505000658975,0.8540493950056905,-0.47240248896938336,0.8536873683055474,,2.2805312742294976,inf
10.8,19.571317783309,22.076029419902138,21.570424381648067,21.39754978163121,18.597384550474967,21.496299447871433,125.2509994506836,133.58900451660156,146.6479949951172,133.43499755859378,5.436477162030277,6.1322303944172605,0.8648523397449691,1.2835978870272409,0.8613753798124888,,2.253766050890828,inf
10.85,19.7286472362486,21.976850356730267,21.67540766266384,21.42954663425713,18.871386625871075,21.802299204042388,125.5250015258789,133.58900451660156,146.95399475097656,133.43499755859378,5.480179787846834,6.1046806546472965,0.8740525163311483,-0.5509947953992917,0.8676507878412596,,2.6047713147298666,inf
10.9,19.886873716042754,22.19425433153107,21.769580058712982,21.462535711805792,19.146389995880245,22.110297861271075,125.8000030517578,133.58799743652344,147.26199340820312,133.43499755859378,5.524131587789654,6.16507064764752,0.879035998856393,1.2077998600044466,0.8714906642767482,,2.5996987992883014,inf
10.95,20.04513706349947,22.083625453689613,21.85462642203557,21.492534321110305,19.42339219884187,22.41730469751234,126.0770034790039,133.58700561523438,147.56900024414062,133.43499755859378,5.568093628749853,6.13434040380267,0.8792408192040045,-0.614604876897,0.8724291571468605,,2.9695931199445535,inf
11.0,20.202750652229806,22.29004996626433,21.930903123949033,21.52154055448656,19.703390978188907,22.726310434818377,126.35700225830078,133.58700561523438,147.8780059814453,133.43499755859378,5.611875181174946,6.191680546184536,0.8756310485018357,1.146802847637291,0.8706116063091702,0.03647413162843205,2.978826946239339,inf
11.05,20.359140971890152,22.17013420567854,21.999792722131247,21.548518565388054,19.985390457135153,23.03530255478239,126.63899993896484,133.58599853515622,148.18699645996094,133.43600463867188,5.6553169366361535,6.158370612688483,0.8688351092241452,-0.6661986699210493,0.8667081035771966,,3.3607735930334304,inf
11.1,20.5141964707397,22.367666659798022,22.06157966095155,21.57451204003324,20.269388771081537,23.345300113376666,126.9229965209961,133.58500671386722,148.4969940185547,133.43600463867188,5.698387908538806,6.213240738832784,0.8614194380530732,1.0974025228860518,0.8617091878275511,,3.3790899943439285,inf
11.15,20.667918899654477,22.535570404248336,22.146917684633127,21.601504900756304,20.555393656955367,23.65830365371537,127.20899963378906,133.58399963378906,148.80999755859375,133.43600463867188,5.741088583237355,6.25988066784676,0.8540134939709588,0.9327985802795037,0.8566715770209423,,3.4294969122284265,inf
11.2,20.820670386366203,22.698866706896247,22.223802930497573,21.62750526780716,20.844395121806247,23.97330609512318,127.4980010986328,133.58399963378906,149.125,133.43600463867188,5.783519551768389,6.305240751915624,0.8486193706207071,0.907201681377307,0.8524816091900449,,3.4840969287413177,inf
11.25,20.97287851121713,22.539134083033872,22.293218158777236,21.6514922919632,21.134397785964648,24.287301456640844,127.78800201416016,133.58299255371094,149.43899536132812,133.43600463867188,5.825799586449202,6.26087057862052,0.8456006936162432,-0.8874034659020731,0.8496486701180057,,3.9154562091634,inf
11.3,21.12497924924664,22.698434116886354,22.35545862847566,21.672504085947672,21.4273911028784,24.60131207676479,128.08099365234378,133.58200073242188,149.7530059814453,133.43600463867188,5.868049791457399,6.305120588023987,0.8450041001639321,0.8850001880693322,0.8480783173462254,,3.9772260672532145,inf
11.35,21.277365854412555,22.538917787258296,22.411665371528464,21.692485891777192,21.721399175341567,24.915307438270478,128.375,133.58099365234378,150.06700134277344,133.43600463867188,5.910379404003487,6.260810496460637,0.8465922509217808,-0.8862018312670206,0.8468225431461833,,4.412198084245086,inf
11.4,21.430364476072317,22.698434115997205,22.462083349975074,21.71047770430566,22.018397901742887,25.23031144111033,128.6719970703125,133.58000183105472,150.3820037841797,133.43699645996094,5.952879021131199,6.305120587777001,0.8499923425542256,0.8862018263272605,0.8440933296684019,,4.4787758693511055,inf
11.45,21.584083333507238,22.53895383530862,22.507616188136975,21.72447836287221,22.317395569444972,25.54331498133676,128.97099304199222,133.57899475097656,150.69500732421875,133.43699645996094,5.9955787037520105,6.26082050980795,0.8539936524162433,-0.88600155938103,0.8382061661434754,,4.9195163351725295,inf
11.5,21.738518375965853,22.698434115193344,22.54845460302988,21.738448659208697,22.618407335290552,25.85830216395801,129.27200317382812,133.5780029296875,151.00999450683594,133.43699645996094,6.038477326657182,6.305120587553707,0.8579724581034098,0.8860015549151131,0.8296137500240178,,4.992166959065214,inf
11.55,21.882731546132653,22.53895383374016,22.585336565836037,21.749458767305878,22.92140278334877,26.17231278426857,129.57499694824222,133.57699584960938,151.32400512695312,133.43699645996094,6.0785365405924034,6.260820509372266,0.8011842787044251,-0.8860015636288007,0.8223856417984418,,5.420503493880917,inf
11.6,22.018196033071643,22.698434112910817,22.61841331114732,21.759446708460622,23.226412330511753,26.487315225678877,129.8800048828125,133.57600402832028,151.63900756835938,133.43699645996094,6.116165564742123,6.305120586919672,0.7525804829944054,0.8860015509481312,0.8226382089454751,,5.464458733598734,inf
11.65,22.16370408725509,22.53895383040425,22.618751653762907,21.76544329007978,23.53340390766042,26.80030350711764,130.18699645996094,133.57600402832028,151.95199584960938,133.43699645996094,6.156584468681969,6.260820508445625,0.808378078796916,-0.8860015694809195,0.8341511851422297,,5.898122515954279,inf
11.7,22.317815521895557,22.698434110036054,22.61870839407689,21.771433465162588,23.84241128604736,27.115305948529862,130.49600219726562,133.57499694824222,152.26699829101562,133.43699645996094,6.1993932005265435,6.3051205861211255,0.8561746368915029,0.8860015535100285,0.8551087381363196,,5.977122611925624,inf
11.75,22.479342389169744,22.53895382663774,22.61869036843728,21.772427946973988,24.15440932247972,27.428311108862413,130.80799865722656,133.57400512695312,152.5800018310547,133.43800354003906,6.244261774769373,6.260820507399372,0.8973714848565756,-0.8860015744350543,0.8790847948290998,,6.441934270848346,inf
11.8,22.64583739351604,22.698434107353496,22.618690367484003,21.77442054251562,24.46741448264064,27.74331355027812,131.12100219726562,133.572998046875,152.89500427246094,133.43800354003906,6.290510387087789,6.30512058537597,0.9249722463683032,0.8860015595319534,0.898863851768464,,6.546327287093252,inf
11.85,22.814420029775857,22.538917774359604,22.618690366194123,21.772415552496966,24.78341030186294,28.057308911764213,131.43699645996094,133.57200622558594,153.20899963378906,133.43800354003906,6.33733889715996,6.260810492877668,0.9365702014434363,-0.8862018499660718,0.909584490301678,,7.0276918172802585,284.4639335854865
11.9,22.982248452041357,22.698434105325642,22.618690365126966,21.768411649417118,25.10241213566991,28.372311353183807,131.75599670410156,133.57099914550778,153.5240020751953,133.43800354003906,6.383957903344822,6.305120584812678,0.9323801236972297,0.8862018387001899,0.9096620761808187,,7.138712975303241,276.08309394241167
11.95,23.14697825148954,22.538917771576287,22.61868675875373,21.761407995882593,25.42241945988871,28.685314893369174,132.07600402832028,133.57099914550778,153.83700561523438,133.43800354003906,6.429716180969316,6.260810492104524,0.9151655524899045,-0.8862018541631056,0.9002248807420943,,7.617569510255903,128.8299988126111
12.0,23.307138432727925,22.698434103116305,22.61868675754603,21.7533912401597,25.745419029539512,29.00030207600548,132.39900207519528,133.57000732421878,154.15199279785156,133.43800354003906,6.4742051202022015,6.305120584198973,0.8897787846576983,0.8862018418889813,0.884127545619631,0.0135159393104608,7.719100185703406,128.64632858239958
12.05,23.462220983216945,22.538917769104238,22.61868315108244,21.742393070339627,26.07041753811614,29.31431426261025,132.7239990234375,133.56900024414062,154.46600341796875,133.43899536132812,6.517283606449151,6.2608104914178435,0.8615697249389831,-0.8862018556225822,0.8649999427993036,,8.18461236750908,84.77124534176696
12.1,23.612912118838,22.698434101784603,22.618683149969808,21.72939281464461,26.39741338772552,29.62830962396161,133.05099487304688,133.56900024414062,154.77999877929688,133.43899536132812,6.559142255232778,6.305120583829056,0.8371729756725445,0.8862018482242651,0.8464520278273406,,8.272777654492247,85.53812481165392
12.15,23.76014689606995,22.5389177675152,22.618679543680912,21.714372428942376,26.72642493879369,29.94230498540916,133.3800048828125,133.5679931640625,155.093994140625,133.43899536132812,6.600040804463875,6.260810490976445,0.8179709846219357,-0.886201857052212,0.8314999846322582,,8.727554390596104,64.00882078464103
12.2,23.905222265965943,22.69843410075261,22.61867954275257,21.698375626683763,27.05742007712875,30.257307426842356,133.71099853515622,133.56700134277344,155.40899658203125,133.43899536132812,6.640339518323873,6.305120583542392,0.8059742771999717,0.8862018513189629,0.8222173869221617,,8.808820947340193,64.72703688548799
12.25,24.04990299588388,22.53891776605444,22.618675936694242,21.677379898549365,27.391419710917845,30.57031096699413,134.04499816894528,133.56700134277344,155.7220001220703,133.43899536132812,6.680528609967745,6.260810490570678,0.8037818328774257,-0.886201859434271,0.8195521792080536,,9.262177311905438,51.64624169018886
12.3,24.19591433601337,22.698434099964018,22.61867593595529,21.6573700462956,27.72642793849814,30.885313408430967,134.3800048828125,133.56599426269528,156.03700256347656,133.43899536132812,6.721087315559269,6.305120583323339,0.8111741118304812,0.8862018550532066,0.8232670608958386,,9.348435336234429,52.06389773265523
12.35,24.344519757889355,22.538917765008577,22.61867593502019,21.634375446870244,28.063418294943475,31.199308769864093,134.71699523925778,133.56599426269528,156.3509979248047,133.43899536132812,6.76236659941371,6.26081049028016,0.8255856770888313,-0.8862018608635946,0.832051688774192,,9.812410747231201,43.133646897003054
12.4,24.49629263511818,22.698434099343444,22.61867593442197,21.60935506789931,28.40343133820232,31.514312821144497,135.0570068359375,133.56500244140622,156.66600036621094,133.44000244140622,6.8045257319772725,6.3051205831509565,0.8431826512712406,0.8862018574159211,0.8438461979390524,,9.912880080676423,43.2693223637365
12.45,24.651232857073733,22.53891776394882,22.618675933659226,21.581370917476352,28.744419497382026,31.82731636128402,135.39799499511722,133.56500244140622,156.97900390625,133.44000244140622,6.847564682520481,6.260810489985783,0.8607790108641927,-0.8862018633034918,0.8563097476734334,,10.392351172843949,36.78031344116169
12.5,24.80880150844251,22.698434098875733,22.618675933235174,21.5523586293782,29.088430370895534,32.14231880272638,135.74200439453122,133.56399536132812,157.29400634765625,133.44000244140622,6.891333752345141,6.305120583021036,0.8753813964931876,0.8862018607050589,0.8672952349626377,,10.507508921798532,36.764767680928294
12.55,24.968099068764463,22.538917763310863,22.61867593265583,21.51935441559611,29.434423412887767,32.45530708407233,136.08799743652344,133.56399536132812,157.60699462890625,133.44000244140622,6.935583074656795,6.260810489808573,0.8849864462330589,-0.8862018642492638,0.8752121684120937,,10.999112462449862,31.890796974904774
12.6,25.12808170105269,22.698434098460364,22.61867593232341,21.486344502944608,29.782432028379773,32.77030952551763,136.43600463867188,133.56300354003906,157.9219970703125,133.44000244140622,6.980022694736858,6.305120582905657,0.8887924016012873,0.8862018619417011,0.8792180788845827,,11.122804266583415,31.835766652115495
12.65,25.28774033924777,22.538917762751204,22.618675931847008,21.45034961027149,30.132422873106407,33.08430488693653,136.78599548339844,133.56300354003906,158.23599243164062,133.44000244140622,7.024372316457713,6.260810489653112,0.8869924344170828,-0.8862018650508804,0.8792014162255579,,11.619036968958186,28.09211767285472
12.7,25.446281780739923,22.698434098344283,22.618675931606173,21.412340592794237,30.485434958067387,33.399307328384225,137.13900756835938,133.56300354003906,158.55099487304688,133.44000244140622,7.0684116057610895,6.305120582873411,0.8807857860675493,0.8862018644060055,0.8754815969772203,,11.743843949249241,28.05228861319779
12.75,25.603312655266837,22.538917762355727,22.618675931236304,21.371350477482,30.839423605528356,33.71231243991087,137.49299621582028,133.56300354003906,158.86399841308594,133.44099426269528,7.112031293129677,6.260810489543257,0.8723937473717367,-0.8862018666030788,0.8681005909595425,,12.238803624489195,25.106411078452357
12.8,25.758651237105557,22.698434098179487,22.618675931057854,21.32933798019536,31.196434913644087,34.02731488136053,137.85000610351562,133.56199645996094,159.1790008544922,133.44099426269528,7.1551808991959875,6.305120582827635,0.8629921213261993,0.8862018656875444,0.8556745010734315,,12.361103023909045,25.091263121994395
12.85,25.912585853387913,22.538917761968737,22.61867593075387,21.28434053680749,31.555428443917517,34.34131024277328,138.20899963378906,133.56199645996094,159.4929962158203,133.44099426269528,7.197940514829976,6.26081048943576,0.8551923126797871,-0.8862018678375183,0.8342426314617916,,12.853654713668796,22.71201737206139
12.9,26.0655490720605,22.69843409825665,22.61867593064519,21.236352422516433,31.917427955636267,34.655320862936556,138.57099914550778,133.56199645996094,159.8070068359375,133.44099426269528,7.240430297794583,6.30512058284907,0.849795659292122,0.8862018682661928,0.797207733155007,,12.974882121117465,22.70491264449992
12.95,26.212500903822683,22.538917761806136,22.61867593043092,21.18734198941544,32.280434547433146,34.969316224346535,138.93400573730472,133.56199645996094,160.12100219726562,133.44099426269528,7.281250251061856,6.260810489390593,0.8163990653454786,-0.886201869169555,0.73737156514959,,13.456950115108535,20.762748726321846
13.0,26.342279918038173,22.698434098183647,22.61867593036171,21.1373550136456,32.64542478180828,35.28431866580012,139.29899597167972,133.56199645996094,160.43600463867188,133.44099426269528,7.3172999772328255,6.30512058282879,0.7209945234193857,0.886201868763928,0.6505914984705654,-0.23353604714906562,13.534559890356471,20.882806251977193
13.05,26.446932978989192,22.538917761705903,22.61867593020121,21.083339787631378,33.012429176340106,35.59730694713065,139.66600036621094,133.56199645996094,160.74899291992188,133.44099426269528,7.346370271941442,6.2608104893627505,0.5814058941723228,-0.8862018693207804,0.5388886255352522,,13.933355832204828,19.421450491694273
13.1,26.52202781353777,22.69843409834151,22.61867593018933,21.030335482175012,33.38042672873516,35.912310998427856,140.03399658203122,133.56100463867188,161.06399536132812,133.44200134277344,7.367229948204935,6.305120582872642,0.41719352526986775,0.8862018701978525,0.4109341908149403,,13.901258826572173,19.80035028887313
13.15,26.56717128891036,22.53891776172909,22.61867593008712,20.975343689062377,33.749430024637284,36.22632161862262,140.40299987792972,133.56100463867188,161.3780059814453,133.44200134277344,7.379769802475099,6.260810489369191,0.2507970854032813,-0.8862018700690174,0.2797460808166653,,14.179345713768205,18.745235855343868
13.2,26.585712492334075,22.69843409838889,22.618675930091587,20.920336642176768,34.118433320541875,36.54031698000212,140.77200317382812,133.56100463867188,161.69200134277344,133.44200134277344,7.384920136759465,6.305120582885802,0.10300668568732127,0.8862018703322516,0.15908232447371495,,14.031778365187842,19.37409848535609
13.25,26.58383979304137,22.53891776169002,22.61867593002501,20.86532959983737,34.48743661644837,36.854312341406064,141.14100646972656,133.56100463867188,162.00599670410156,133.44200134277344,7.384399942511491,6.260810489358338,-0.010403884959479933,-0.8862018705492732,0.06014527073054491,,14.213535060813754,18.570078101482757
13.3,26.56911657440516,22.69843409871595,22.61867593007866,20.811344884496442,34.856424653566904,37.169314782864966,141.50999450683594,133.56100463867188,162.3209991455078,133.44200134277344,7.380310159556989,6.305120582976652,-0.08179565909005032,0.8862018723662731,-0.010556605868444952,,13.99773545732389,19.35579713552972
13.35,26.54906502355828,22.53891776183979,22.618675930065766,20.755351756980733,35.22542928239903,37.48231832297855,141.87899780273438,133.56199645996094,162.63400268554688,133.44200134277344,7.374740284321745,6.260810489399942,-0.11139750470487779,-0.8862018715342235,-0.052001957524293915,,14.142231616440851,18.632381975758154
13.4,26.529768812785548,22.698434098807983,22.618675930120894,20.70235887052868,35.59342549822621,37.797320764438204,142.2469940185547,133.56199645996094,162.94900512695312,133.44200134277344,7.369380225773763,6.305120583002218,-0.10720117095963946,0.8862018720454986,-0.0682330860450148,,13.917107027731488,19.45217456040191
13.45,26.515045685677432,22.53891776190257,22.61867593013054,20.647346122073696,35.96242879412939,38.11131769227532,142.61599731445312,133.56199645996094,163.26300048828125,133.4429931640625,7.365290468243731,6.260810489417381,-0.08179515060064266,-0.8862018716967601,-0.06700337992954855,,14.072567426937898,18.69400946852765
13.5,26.506117864314604,22.69843409913085,22.618675930225262,20.594353230183593,36.33042500995256,38.42632013373552,142.98399353027344,133.56199645996094,163.5780029296875,133.4429931640625,7.362810517865167,6.305120583091902,-0.04959900757126974,0.8862018734904228,-0.057889641897807445,,13.868700792918972,19.470884466489377
13.55,26.50172535499475,22.538917762002683,22.61867593025493,20.539346216375648,36.698436484563366,38.739323673847366,143.3520050048828,133.56199645996094,163.89100646972656,133.4429931640625,7.36159037638743,6.2608104894451895,-0.024402829554741254,-0.8862018729342455,-0.05030440902139108,,14.045314620697154,18.658734477866222
13.6,26.498881247939305,22.69843409932222,22.618675930353014,20.486338075278386,37.06643270038447,39.05431085652075,143.72000122070312,133.56199645996094,164.20599365234375,133.4429931640625,7.360800346649807,6.305120583145061,-0.01580059475246676,0.8862018739974442,-0.05179147445384173,,13.853898282980088,19.405642437288144
13.65,26.493590966266375,22.538917762323948,22.618675930412486,20.431346329755865,37.43442891620517,39.36731439663088,144.08799743652344,133.56199645996094,164.5189971923828,133.4429931640625,7.359330823962882,6.26081048953443,-0.02939045373849994,-0.8862018722126005,-0.06685806888079464,,14.028678754624904,18.59880031477326
13.7,26.481782788873392,22.698434099647717,22.618675930538373,20.37835345665788,37.80242513202582,39.68231683809333,144.45599365234375,133.56199645996094,164.83399963378906,133.4429931640625,7.356050774687053,6.305120583235476,-0.06560098551657985,0.8862018740209454,-0.09646918962564474,,13.81893941172315,19.390592939937857
13.75,26.460146859404784,22.5389177625946,22.61867593062883,20.32433826679369,38.17043660663563,39.996312199491655,144.82400512695312,133.56199645996094,165.1479949951172,133.4429931640625,7.350040794279106,6.260810489609611,-0.12019960815892901,-0.886201872517299,-0.13827622258148464,,13.960334924770166,18.659186755819352
13.8,26.42663197404026,22.698434099964484,22.618675930753692,20.27235246594834,38.537427124174506,40.31131625079663,145.1909942626953,133.56300354003906,165.46299743652344,133.44400024414062,7.3407311039000716,6.305120583323467,-0.18619380758069418,0.8862018742771179,-0.18765048855512362,,13.706333842007696,19.575077997354928
13.85,26.380731703221134,22.53891776291224,22.61867593086093,20.218352544303173,38.904431518706645,40.62431979090528,145.55799865722656,133.56300354003906,165.7760009765625,133.44400024414062,7.327981028672537,6.260810489697844,-0.2550015045507036,-0.886201872512481,-0.23936581976166044,,13.798393944379466,18.94557837770188
13.9,26.326552172103447,22.698434100282913,22.618675931008426,20.167358556878828,39.27042883316092,40.939322232369044,145.9239959716797,133.56300354003906,166.09100341796875,133.44400024414062,7.312931158917624,6.30512058341192,-0.3009973950982527,0.8862018742815055,-0.2892074111395544,,13.502592739397075,20.010862098900155
13.95,26.26574820388813,22.53891776318602,22.61867593113677,20.116349315300997,39.635434326326326,41.2533175937657,146.28900146484375,133.56300354003906,166.40499877929688,133.44400024414062,7.2960411677467025,6.2608104897738945,-0.3377998234184326,-0.8862018727605314,-0.3345363792538739,,13.564785446775216,19.431567695632395
14.0,26.195332885328714,22.698434100753,22.618675931298984,20.066347140736926,39.99943273941372,41.56731295515173,146.6529998779297,133.56300354003906,166.718994140625,133.44400024414062,7.276481357035753,6.3051205835425,-0.3911962142189773,0.8862018753720998,-0.3736892901093182,-1.0242807885798837,13.23662924135474,20.65776291433407
14.05,26.118399562620873,22.5389177633993,22.618675931438645,20.017357953670487,40.36244068615676,41.88132357533744,147.01600646972656,133.56399536132812,167.0330047607422,133.44400024414062,7.255110989616909,6.260810489833139,-0.4274073483768898,-0.8862018741872165,-0.40527802658339807,,13.266912961274366,20.13189839393591
14.1,26.03743560958361,22.698434101058165,22.618675931612238,19.970355704004444,40.724440197877094,42.19632762664376,147.3780059814453,133.56399536132812,167.34800720214844,133.44500732421878,7.232621002662114,6.305120583627268,-0.4497997390959004,0.8862018758826029,-0.42833707254664705,,12.918354334719803,21.531138943738558
14.15,25.95478077421966,22.5389177637581,22.618675931755647,19.922352407692387,41.085432629519076,42.509315907962495,147.73899841308594,133.56399536132812,167.66099548339844,133.44500732421878,7.209661326172128,6.260810489932806,-0.45919352979971306,-0.8862018738892327,-0.443019795940767,,12.938112544752485,20.99607407831464
14.2,25.872088159226127,22.69843410148737,22.61867593193962,19.877355043206197,41.44543323987162,42.824318349428594,148.0989990234375,133.56399536132812,167.9759979248047,133.44500732421878,7.186691155340591,6.305120583746491,-0.4594034166307557,0.8862018762737212,-0.45094332485910205,,12.587124071574792,22.5474059702375
14.25,25.790080454984103,22.538917764132773,22.61867593209344,19.832357682253352,41.80442677014578,43.138313710823574,148.45799255371094,133.56399536132812,168.2899932861328,133.44500732421878,7.163911237495584,6.2608104900368815,-0.45559835690013334,-0.8862018741921726,-0.454837857992082,,12.609224934447463,21.960050567508336
14.3,25.708757717629595,22.69843410191341,22.618675932288326,19.79035099368605,42.16143665784155,43.453316152289666,148.81500244140625,133.56399536132812,168.60499572753906,133.44500732421878,7.141321588230443,6.305120583864836,-0.4517929853028171,0.8862018765590792,-0.4578104271568083,,12.262005464080866,23.66669523644938
14.35,25.627361082811113,22.53891776456703,22.618675932453808,19.747358598799348,42.51744088989759,43.76631969239519,149.17100524902344,133.56500244140622,168.91799926757812,133.44500732421878,7.118711411891976,6.260810490157509,-0.4522035267693444,-0.8862018741465694,-0.46262447761298964,,12.286348507835546,23.017959205922512
14.4,25.544668408787466,22.698434102264272,22.61867593265195,19.706374249681208,42.873428438725966,44.081322133862066,149.52699279785156,133.56500244140622,169.23300170898438,133.44500732421878,7.095741224663184,6.305120583962298,-0.4594037445758238,0.8862018760957698,-0.47119678749239013,,11.93744905337327,24.924880513373086
14.45,25.459421382621546,22.538917764903122,22.61867593282366,19.6663604212998,43.22743234497613,44.395319061691815,149.88099670410156,133.56500244140622,169.5469970703125,133.44599914550778,7.072061495172651,6.260810490250867,-0.4735945898106765,-0.886201874228637,-0.4843692181451018,,11.95525602046373,24.241717895951236
14.5,25.370464733731136,22.698434102709502,22.618675933019308,19.627359671974585,43.58042917114814,44.709314423079974,150.23399353027344,133.56500244140622,169.86099243164062,133.44599914550778,7.047351314925315,6.305120584085973,-0.49420360494671206,0.8862018767021115,-0.5019471442209937,,11.595160787331423,26.443388049830595
14.55,25.27704487100883,22.538917765377573,22.61867593321714,19.59036383987356,43.93144375598217,45.023325043261785,150.5850067138672,133.56599426269528,170.1750030517578,133.44599914550778,7.021401353058008,6.260810490382659,-0.5189992373461398,-0.8862018740662644,-0.5229418796784705,,11.598166284240014,25.75643126536319
14.6,25.178801305580173,22.698434103259874,22.61867593343731,19.554369033022887,44.28244168078706,45.33832748472865,150.93600463867188,133.56599426269528,170.49000549316406,133.44599914550778,6.99411147377227,6.305120584238853,-0.545797585714774,0.8862018771239033,-0.5458763811780021,,11.221271682793168,28.380760213916254
14.65,25.07587651742267,22.53891776586393,22.61867593364789,19.51936603109688,44.63043362414674,45.651315766043474,151.28399658203125,133.56599426269528,170.80299377441406,133.44599914550778,6.965521254839631,6.260810490517757,-0.5718043786527635,-0.8862018744219088,-0.5688931072017303,,11.207259218928614,27.698014617008813
14.7,24.968668785304693,22.698434103665853,22.618675933865735,19.486361895123515,44.97844082629548,45.96631820751094,151.6320037841797,133.56599426269528,171.1179962158203,133.44599914550778,6.935741329251304,6.305120584351625,-0.595598511766559,0.8862018766773805,-0.5893608264162442,,10.814611181395968,30.89979683471258
14.75,24.857032196426808,22.538917766232885,22.61867593407575,19.454380080571962,45.32443386828803,46.280328827692735,151.97799682617188,133.56599426269528,171.4320068359375,133.44599914550778,6.904731165674113,6.260810490620246,-0.6202032715438134,-0.8862018746275754,-0.6029458687428225,,10.785550697626869,30.211916956657717
14.8,24.74143705221764,22.69843410408945,22.61867593429336,19.425358416727715,45.66844474180192,46.59531762029111,152.32200622558594,133.56700134277344,171.7469940185547,133.44700622558594,6.872621403393789,6.305120584469291,-0.6421952456064604,0.8862018769808929,-0.6027969059071012,,10.37869352510054,34.22905391220759
14.85,24.6237528210809,22.53891776664948,22.618675934501606,19.39537546910723,46.011431802349215,46.90832116039582,152.6649932861328,133.56700134277344,172.05999755859375,133.44700622558594,6.839931339189138,6.260810490735967,-0.6538012840930347,-0.886201874666509,-0.580094499346474,,10.34009522478606,33.4904892752843
14.9,24.511505097244374,22.69843410454112,22.61867593472929,19.36937499088341,46.35243522031827,47.22332360186426,153.00599670410156,133.56700134277344,172.375,133.44700622558594,6.808751415901215,6.305120584594755,-0.623598465758457,0.8862018771757593,-0.5267794339062462,,9.941651229173369,38.45870665537318
14.95,24.417796804150004,22.538917767113894,22.61867593495037,19.343374513885575,46.69143973691987,47.53632714196897,153.34500122070312,133.56700134277344,172.68800354003906,133.44700622558594,6.782721334486112,6.26081049086497,-0.5206016283020642,-0.8862018745957212,-0.43960542705946726,,9.950304792473885,37.061893101795285
15.0,24.35152002441243,22.69843410497875,22.618675935177286,19.319372901158637,47.03044425352153,47.85132958343721,153.6840057373047,133.56700134277344,173.0030059814453,133.44700622558594,6.764311117892341,6.305120584716319,-0.36820433187540946,0.8862018770269716,-0.32322885196508194,0.05046043814423623,9.639966876118937,42.0717562489264
15.05,24.31696114006532,22.538917767555766,22.618675935395107,19.295377482954194,47.36844314524554,48.16532494482996,154.02200317382812,133.5679931640625,173.31700134277344,133.44700622558594,6.754711427795922,6.260810490987713,-0.19199380192839127,-0.8862018745721175,-0.1904084669612946,,9.760657657900067,39.06651188500976
15.1,24.31577325692667,22.698434105558462,22.618675935624967,19.273390000725065,47.705433501694145,48.480327386298406,154.35899353027344,133.5679931640625,173.6320037841797,133.44700622558594,6.754381460257408,6.305120584877351,-0.006599350770280095,0.8862018777927727,-0.05904252397400168,,9.572829021640308,42.89926424547528
15.15,24.342233184235912,22.5389177681007,22.618675935848646,19.248375130206426,48.04344619701293,48.79333249780144,154.69700622558594,133.5679931640625,173.94500732421875,133.447998046875,6.761731440065531,6.2608104911390825,0.14699959616246053,-0.8862018747653496,0.05291589412421334,,9.808114494679739,38.42520645102458
15.2,24.38413578932228,22.698434105934034,22.61867593607547,19.22437352208076,48.382435454833924,49.10831968048084,155.03599548339844,133.5679931640625,174.25999450683594,133.447998046875,6.773371052589522,6.305120584981676,0.23279225047983018,0.8862018768518898,0.1329530714005065,,9.701310253080804,41.05487191837982
15.25,24.43014455013545,22.538917768492432,22.618675936301425,19.19938011308343,48.72143997144428,49.42233030066284,155.375,133.5679931640625,174.57400512695312,133.447998046875,6.786151263926513,6.260810491247898,0.2556042267398126,-0.8862018746755548,0.17765237082170537,,9.973581788533647,36.54583016065859
15.3,24.469781240693926,22.69843410647174,22.61867593653965,19.1743777758408,49.06044598391519,49.73632566205337,155.71400451660156,133.56900024414062,174.88800048828125,133.447998046875,6.797161455748313,6.305120585131039,0.22020383643599614,0.8862018776628185,0.19252372995446382,,9.862782052985704,38.968283404898166
15.35,24.503404672694554,22.53891776898313,22.61867593677302,19.14738551618777,49.40143414309942,50.0503210234453,156.05499267578125,133.56900024414062,175.20199584960938,133.447998046875,6.806501297970709,6.260810491384202,0.1867968444479335,-0.886201874936764,0.18792802342064177,,10.11192795922559,35.08769876291621
15.4,24.534113181305557,22.698434106913382,22.618675937010245,19.12237686103616,49.74144573978186,50.36532346491355,156.39500427246094,133.56900024414062,175.51699829101562,133.447998046875,6.815031439251543,6.305120585253717,0.1706028256166701,0.8862018773902899,0.17354577301148383,,9.984442623675259,37.500676254197074
15.45,24.561905181918263,22.53891776946521,22.618675937245374,19.09439280293317,50.082433898962975,50.67832700501661,156.73599243164062,133.56900024414062,175.8300018310547,133.447998046875,6.822751439421739,6.260810491518114,0.15440000340392832,-0.8862018747120726,0.15463181492635764,,10.222699101376787,33.97875361571217
15.5,24.58876162387125,22.698434107410478,22.61867593748855,19.06838598520705,50.42343731693251,50.99333105632608,157.07699584960938,133.56900024414062,176.14500427246094,133.44900512695312,6.830211562186458,6.3051205853917995,0.14920245529436615,0.8862018774736898,0.13154746498413875,,10.08804121646002,36.31375074105754
15.55,24.611477577948474,22.538917769893946,22.618675937722365,19.04037777735038,50.765449297694595,51.307326417718,157.41900634765625,133.57000732421878,176.45899963378906,133.44900512695312,6.836521549430131,6.260810491637207,0.12619974487346572,-0.886201875091844,0.10163141110221466,,10.316771486945301,33.072227460887554
15.6,24.626848127240528,22.698434107888986,22.618675937955413,19.013385525417718,51.10744453695251,51.62232885918705,157.76100158691406,133.57000732421878,176.7740020751953,133.44900512695312,6.840791146455702,6.305120585524718,0.085391940511423,0.8862018777502467,0.06156412428322034,,10.160379137670414,35.4938874249487
15.65,24.635201144830216,22.538917770387744,22.618675938184122,18.984394414137554,51.449439776210326,51.93533239929011,158.10299682617188,133.57000732421878,177.08700561523438,133.44900512695312,6.843111429119504,6.260810491774373,0.046405653276035304,-0.8862018750068809,0.009201533475234207,,10.361858233893875,32.601816652613685
15.7,24.630197174107536,22.69843410843962,22.61867593843468,18.95737164847004,51.79145027425728,52.2503195819701,158.44500732421875,133.57000732421878,177.40199279785156,133.44900512695312,6.841721437252093,6.305120585677672,-0.027799837348219707,0.8862018780659942,-0.05510678652766145,,10.166745355373145,35.32796922173481
15.75,24.60845277555123,22.53891777082817,22.61867593866825,18.928380540666627,52.133445513515504,52.56332312207317,158.78700256347656,133.57000732421878,177.71499633789062,133.44900512695312,6.835681326542008,6.260810491896714,-0.12080221420170117,-0.8862018756191555,-0.12766028163465293,,10.311025956522649,32.92574634592852
15.8,24.56932074897044,22.698434108902198,22.61867593891129,18.901388295205628,52.47544219096319,52.87832712496986,159.12899780273438,133.57099914550778,178.02999877929688,133.44999694824222,6.824811319158456,6.305120585806166,-0.2174001476710399,0.8862018781890287,-0.20138003153414305,,10.051160193176113,36.36975490352625
15.85,24.514455958791967,22.53891777127086,22.618675939140072,18.87438079271768,52.81644560893384,53.19232248636178,159.47000122070312,133.57099914550778,178.343994140625,133.44999694824222,6.809571099664435,6.260810492019683,-0.30480438988041963,-0.8862018757296763,-0.26675850851213373,,10.132833417230634,34.39393533433565
15.9,24.447315643624997,22.698434109414553,22.618675939390194,18.849387410594822,53.15644194682711,53.50732492783103,159.80999755859375,133.57099914550778,178.65899658203125,133.44999694824222,6.790921012118054,6.305120585948487,-0.37300175092761206,0.8862018785760614,-0.31343193421211646,,9.820371737320357,38.79988241342442
15.95,24.372220525745593,22.538917771819733,22.61867593962564,18.82439402970911,53.49443938335365,53.820328467934296,160.1479949951172,133.57099914550778,178.9720001220703,133.44999694824222,6.7700612571515535,6.260810492172148,-0.4171950993300211,-0.8862018755267986,-0.3320394526692278,,9.864489829008923,36.96415534872466
16.0,24.299607626409248,22.698434109890698,22.61867593987366,18.801399510287183,53.83243681988004,54.135330909403564,160.48599243164062,133.57099914550778,179.28700256347656,133.44999694824222,6.749891007335902,6.305120586080749,-0.4034049963130158,0.8862018781720112,-0.3161839391798671,0.007044912785214852,9.542499885798636,42.27119408095874
16.05,24.239199855966987,22.538917772306032,22.618675940114876,18.778396249754763,54.16944393985071,54.44932627079569,160.822998046875,133.57200622558594,179.6009979248047,133.44999694824222,6.73311107110194,6.260810492307231,-0.33559872467923546,-0.8862018754703501,-0.26406880541419175,,9.614943563178532,39.758576438570124
16.1,24.19553250976714,22.6984341103969,22.618675940365662,18.755386482197284,54.506449555085794,54.76332163218702,161.16000366210938,133.57200622558594,179.9149932861328,133.44999694824222,6.720981252713094,6.305120586221361,-0.24259636777692262,0.8862018782825895,-0.1793379853216695,,9.347722259901735,45.0990848679396
16.150000000000002,24.177568056181244,22.5389177727549,22.61867594060238,18.734399559997748,54.84144101016392,55.07733386729376,161.4949951171875,133.57200622558594,180.22900390625,133.45100402832028,6.715991126717012,6.260810492431917,-0.09980251992164427,-0.8862018757888687,-0.07109903899528985,,9.499785381942393,41.15726060449657
16.2,24.188511403330413,22.698434110882868,22.61867594084671,18.713403904753203,55.177439545320595,55.39233630876281,161.83099365234375,133.57200622558594,180.54400634765625,133.45100402832028,6.719030945369559,6.305120586356352,0.060796373050941,0.8862018784887631,0.04669580015074579,,9.334612281476057,45.21015576369884
16.25,24.226707737845373,22.538917773224057,22.618675941086288,18.68938707345247,55.51444516055707,55.70532459007682,162.16799926757812,133.57200622558594,180.85699462890625,133.45100402832028,6.7296410382903815,6.260810492562237,0.21220185841645342,-0.8862018758822873,0.1565578636009653,,9.591578526271801,39.86299231954537
16.3,24.286790922716516,22.698434111403127,22.618675941336388,18.667390816758555,55.8514522352777,56.02032703154667,162.5050048828125,133.572998046875,181.1719970703125,133.45100402832028,6.746330811865699,6.305120586500869,0.3337954715063371,0.8862018787726152,0.23956921737627396,,9.518468169748964,42.308556461397785
16.35,24.361240468903226,22.53891777376073,22.61867594158537,18.64439631324427,56.18844259172842,56.3343223929386,162.8419952392578,133.572998046875,181.48599243164062,133.45100402832028,6.767011241362007,6.260810492711314,0.4136085899261607,-0.8862018757910891,0.2783748424646122,,9.843839584294583,36.83129282209235
16.400000000000002,24.436155229169305,22.698434111953453,22.61867594183926,18.620394752610007,56.52744710833601,56.64932483440845,163.18099975585938,133.572998046875,181.80099487304688,133.45100402832028,6.787820896991473,6.305120586653737,0.4161931125893166,0.8862018788484479,0.2610440691815206,,9.799317702529462,38.574677925528334
16.45,24.49253226780443,22.53891777428645,22.61867594208593,18.593402534877022,56.86744344623078,56.96232837451153,163.52099609375,133.572998046875,182.11399841308597,133.45100402832028,6.803481185501231,6.260810492857347,0.3132057701951752,-0.8862018759278427,0.1849520234614964,,10.091370073948072,34.26214123132316
16.5,24.51658030117849,22.69843411246937,22.618675942343803,18.567395628728434,57.20844686420097,57.277332377409,163.86199951171875,133.572998046875,182.4290008544922,133.45199584960938,6.810161194771802,6.305120586797047,0.1336001854114225,0.8862018787939848,0.05875999707134057,,9.951253867093419,36.76343585286115
16.55,24.50052305107109,22.538917774769963,22.618675942590194,18.54041000481168,57.5484446935901,57.59033591751207,164.20199584960938,133.57400512695312,182.74200439453125,133.45199584960938,6.805700847519748,6.260810492991657,-0.08920694504109024,-0.8862018761077958,-0.09893127242410726,,10.106478404942404,34.02532197078223
16.6,24.445227394064695,22.69843411296894,22.6186759428474,18.51540139185552,57.88845629027112,57.90533835898192,164.54200744628906,133.57400512695312,183.0570068359375,133.45199584960938,6.790340942795749,6.305120586935816,-0.30719809447997465,0.8862018788831757,-0.2634873024054445,,9.816431536322439,38.15796181803639
16.650000000000002,24.355154816970845,22.538917775280524,22.61867594309995,18.490408038682173,58.227445548087985,58.21933372037386,164.88099670410156,133.57400512695312,183.3710021972656,133.45199584960938,6.7653207824919015,6.260810493133478,-0.5004032060769354,-0.8862018760467424,-0.40846053678541566,,9.832398276263312,36.64948353652066
16.7,24.237686770992926,22.698434113462657,22.618675943357932,18.468405344486037,58.56445116333071,58.5343361618437,165.21800231933594,133.57400512695312,183.68600463867188,133.45199584960938,6.732690769720257,6.30512058707296,-0.652600255432924,0.8862018787896779,-0.5088873343652373,,9.426513676033862,43.192846848377584
16.75,24.10603432340652,22.538917775784174,22.618675943613948,18.44539559325316,58.900449698497546,58.84732444315772,165.5540008544922,133.57400512695312,183.99899291992188,133.45199584960938,6.6961206453907,6.2608104932733815,-0.7314024865911402,-0.886201875991551,-0.5444657050536934,,9.366493079210535,42.372023219090835
16.8,23.979998627396032,22.698434113940248,22.618675943867665,18.427405874937364,59.233442252218886,59.16232688462677,165.88699340820312,133.57400512695312,184.3139953613281,133.45199584960938,6.661110729832231,6.305120587205624,-0.7001983111693633,0.8862018786448419,-0.5036919331123825,,8.947006092601308,51.76235531530412
16.85,23.882978880692693,22.5389177762857,22.618675944120163,18.408408998184143,59.566451541728576,59.4763391197335,166.22000122070312,133.57499694824222,184.6280059814453,133.4530029296875,6.634160800192415,6.260810493412694,-0.5389985927963105,-0.8862018758585907,-0.38798253774836233,,8.953398071529719,49.30467611021363
16.900000000000002,23.83149923076397,22.698434114437504,22.618675944368572,18.39141108083823,59.897445194073924,59.79033448112544,166.55099487304688,133.57499694824222,184.94200134277344,133.4530029296875,6.619860897434436,6.305120587343751,-0.2859980551595735,0.8862018786211275,-0.21301332087771677,,8.673004665503596,58.4317488854557
16.95,23.832795208252453,22.538917776793014,22.618675944619227,18.374397905617023,60.22845410520677,60.104329842517366,166.8820037841797,133.57499694824222,185.2559967041016,133.4530029296875,6.620220891181237,6.260810493553615,0.007199874936017335,-0.8862018758027694,-0.005509418648429078,,8.860987753734923,51.12230142445573
17.0,23.882654247386323,22.698434114936088,22.61867594486589,18.358407047522174,60.55944775755357,60.41933228398722,167.21299743652344,133.57499694824222,185.5709991455078,133.4530029296875,6.634070624273979,6.3051205874822465,0.2769946618548285,0.8862018785726152,0.20323117039332936,0.5194151095731965,8.767200457611866,55.807408178109675
17.05,23.97301510443918,22.53891777726616,22.61867594511552,18.338403217181327,60.89245557006222,60.73233582409029,167.54600524902344,133.57499694824222,185.88400268554688,133.4530029296875,6.659170862344217,6.260810493685044,0.5020047614047591,-0.8862018759440334,0.3838505802330835,,9.119681616059545,46.03355234201872
17.1,24.09321933419345,22.698434115435955,22.61867594536222,18.3194064456892,61.22645520386594,61.04733826556014,167.8800048828125,133.57499694824222,186.19900512695312,133.4530029296875,6.692560926164846,6.305120587621098,0.6678012764125801,0.8862018787210654,0.5131199823426558,,9.157056788918755,47.281947189783374
17.150000000000002,24.22652649749447,22.53891777777814,22.618675945611976,18.298410817995656,61.561446658961216,61.36133362695127,168.21499633789062,133.57499694824222,186.51300048828125,133.4530029296875,6.729590693748463,6.26081049382726,0.7405953516723224,-0.886201875876745,0.5756353845531142,,9.591239620874608,39.033262259047575
17.2,24.356450231211852,22.698434115899857,22.618675945855692,18.27541643653165,61.89944559581931,61.67633762984796,168.55299377441406,133.57600402832028,186.8280029296875,133.45399475097656,6.76568061978107,6.30512058774996,0.7217985206521738,0.8862018784540531,0.564223757291249,,9.649234276990676,39.67999471423974
17.25,24.46985157748105,22.53891777826682,22.618675946103963,18.24941604020716,62.23845011243171,61.989341169950215,168.89199829101562,133.57600402832028,187.14100646972656,133.45399475097656,6.797180993744736,6.260810493963006,0.6300074792733222,-0.8862018757390774,0.4805009647599986,,10.048514079077401,34.023265289534955
17.3,24.55221821437531,22.698434116419488,22.618675946351885,18.223400387219808,62.57945353040558,62.304328352630996,169.23300170898438,133.57600402832028,187.45599365234372,133.45399475097656,6.820060615104252,6.305120587894302,0.4575924271903033,0.8862018786259059,0.3362093417628449,,10.01873930878211,35.38867739449591
17.35,24.583503543850213,22.538917778752626,22.61867594659858,18.19640819519719,62.92045694837503,62.618338972812,169.57400512695312,133.57600402832028,187.7700042724609,133.45399475097656,6.828750984402837,6.260810494097951,0.17380738597170017,-0.8862018759269982,0.15378537503656986,,10.263662491124489,32.03872257497135
17.400000000000002,24.56053524832947,22.698434116935157,22.61867594684834,18.16941600510011,63.261445107555254,62.93233433420392,169.9149932861328,133.57600402832028,188.08399963378903,133.45399475097656,6.822370902313741,6.305120588037544,-0.12760164178190966,0.8862018787918354,-0.036889061015762906,,10.034502896274937,35.12625172206488
17.45,24.50174633126515,22.53891777928208,22.61867594709725,18.14240855821519,63.602448525528544,63.246329695595854,170.25599670410156,133.57600402832028,188.3979949951172,133.45399475097656,6.806040647573653,6.260810494245022,-0.32660509480178923,-0.8862018758504824,-0.2060997175130143,,10.108791714558011,33.274160839875414
17.5,24.41973845325496,22.698434117402574,22.61867594734389,18.117421934190247,63.9424463100723,63.561332137065705,170.5959930419922,133.57699584960938,188.71299743652344,133.45399475097656,6.783260681459711,6.305120588167381,-0.4555993222788259,0.8862018784471689,-0.3322108763688968,,9.768365047237495,37.89065857844279
17.55,24.32523877019923,22.53891777975087,22.618675947592372,18.092406537387152,64.28045900539622,63.87433729729048,170.9340057373047,133.57699584960938,189.0260009765625,133.45500183105472,6.757010769499786,6.260810494375242,-0.524998239198499,-0.8862018758427633,-0.40517717262748343,,9.776196275613993,36.46116867057247
17.6,24.230739070025745,22.69843411791618,22.61867594784039,18.070419122850247,64.61744936185244,64.18933973876032,171.27099609375,133.57699584960938,189.34100341796875,133.45500183105472,6.730760852784929,6.305120588310049,-0.5249983342971302,0.8862018786961253,-0.42507583362329104,,9.41351813935287,42.45367765750957
17.650000000000006,24.146030949721023,22.53891778023645,22.618675948086228,18.048416450962552,64.95344789701697,64.50333510015226,171.60699462890625,133.57699584960938,189.65499877929688,133.45500183105472,6.70723081936695,6.260810494510125,-0.470600668359533,-0.8862018759984157,-0.39833370118969513,,9.440972077715628,40.42829406078282
17.7,24.077594623777,22.69843411844699,22.618675948340936,18.028412636036197,65.28845461088899,64.8183375416221,171.94200134277344,133.57699584960938,189.97000122070312,133.45500183105472,6.688220728826944,6.305120588457497,-0.3802018108001757,0.8862018789475524,-0.33406350622052566,,9.12801048854933,47.05804085125684
17.75,24.02712267988457,22.538917780736284,22.618675948587885,18.0074170234727,65.62245424467986,65.13134108172517,172.2760009765625,133.57699584960938,190.2830047607422,133.45500183105472,6.6742007444123805,6.260810494648967,-0.2803996882912645,-0.8862018761705722,-0.2418085257867258,,9.219911173210663,43.55927949675466
17.8,23.997243254743093,22.698434118919984,22.61867594883793,17.989427324483902,65.95544679839107,65.44634352319501,172.60899353027344,133.57699584960938,190.59800720214844,133.45500183105472,6.665900904095303,6.305120588588884,-0.16599680634154387,0.8862018787983191,-0.13150285952100269,,8.97893502120167,49.861170190317445
17.85,23.995406455813285,22.538917781238023,22.618675949086477,17.969408357615286,66.2884561336902,65.7593333759848,172.94200134277344,133.5780029296875,190.91099548339844,133.45599365234378,6.665390682170357,6.260810494788339,-0.010204438498924016,-0.8862018760108777,-0.015096401853880776,,9.16113223712878,44.413851146242486
17.900000000000006,24.02417004487492,22.6984341194659,22.61867594933955,17.950411603679914,66.62245576748062,66.07433581745464,173.2760009765625,133.5780029296875,191.2259979248047,133.45599365234378,6.673380568020812,6.305120588740528,0.15979771700907777,0.8862018790436953,0.09260456517842047,,9.028836651101692,48.74253296117352
17.95,24.07363429980741,22.53891778170981,22.618675949582318,17.930407793784198,66.95645540127319,66.38833117884657,173.61000061035156,133.5780029296875,191.5399932861328,133.45599365234378,6.687120638835391,6.260810494919391,0.2748014162916231,-0.886201876422852,0.1757961650904479,,9.306250442682535,42.058551653419215
18.0,24.130081752316922,22.69843411991409,22.61867594983347,17.91040398505738,67.29146211514517,66.70333362031641,173.94500732421875,133.5780029296875,191.85499572753903,133.45599365234378,6.7028004867547,6.305120588865025,0.3135969583861842,0.8862018789126632,0.22108020504662163,0.017849034653292267,9.225658570216494,45.03610496544712
18.05,24.189123019868106,22.53891778220556,22.618675950078934,17.888416580790828,67.62645357022808,67.01633716041947,174.27999877929688,133.5780029296875,192.1679992675781,133.45599365234378,6.7192008388522515,6.2608104950570995,0.32800704195101704,-0.886201876158493,0.2198541675953941,,9.521353339755068,39.02356711317112
18.1,24.24081889300746,22.698434120441963,22.618675950331518,17.866413919481868,67.96345918546625,67.33133960188933,174.61700439453125,133.5780029296875,192.4830017089844,133.45599365234378,6.733560803613184,6.305120589011656,0.2871992952186412,0.886201879091116,0.1692160496837475,,9.432373455592243,41.700093291114804
18.15,24.269979055806107,22.538917782722763,22.618675950580148,17.843419461191203,68.3004495419134,67.64533496328126,174.95399475097656,133.5780029296875,192.7969970703125,133.45599365234378,6.741660848835029,6.260810495200767,0.16200090443692117,-0.886201876217833,0.07275338890396313,,9.672563803116505,37.107279330336986
18.2,24.267567239044062,22.69843412093656,22.618675950829104,17.820409641519973,68.6374566166301,67.95933193967743,175.29100036621094,133.57899475097656,193.11099243164062,133.45700073242188,6.740990899734461,6.305120589149045,-0.013398982011363168,0.8862018789655454,-0.058592393675050355,,9.482446922380484,40.88372245487751
18.25,24.228613831069023,22.538917783160272,22.618675951071506,17.797415185854682,68.97446223186473,68.27334255985842,175.6280059814453,133.57899475097656,193.4250030517578,133.45700073242188,6.730170508630284,6.260810495322298,-0.21640782208354328,-0.8862018765349208,-0.20708830043786486,,9.595142859189727,37.91766555435355
18.3,24.15341066186408,22.698434121404624,22.618675951319965,17.776419586004685,69.31046076702334,68.58834500132826,175.96400451660156,133.57899475097656,193.7400054931641,133.45700073242188,6.7092807394066885,6.305120589279062,-0.4177953844719025,0.8862018791352585,-0.3511706112546068,,9.269128366448681,43.98251474135667
18.35,24.049802654795844,22.538917783718823,22.61867595156805,17.75540872874891,69.64446040081828,68.90133328264227,176.29800415039062,133.57899475097656,194.0529937744141,133.45700073242188,6.68050073744329,6.26081049547745,-0.5756000392679634,-0.8862018760322118,-0.4699739759054178,,9.261991032871528,42.30497615532485
18.4,23.92995889267541,22.698434121920897,22.61867595181355,17.737419041561985,69.97745295453764,69.21633572411211,176.63099670410156,133.57899475097656,194.3679962158203,133.45700073242188,6.647210803520947,6.305120589422471,-0.6657986784468962,0.8862018789004693,-0.5474678933995972,,8.854485939110118,51.84860549796721
18.45,23.806190944411775,22.53891778420027,22.618675952062603,17.719429355103685,70.30945368696818,69.53034634429311,176.96299743652344,133.57899475097656,194.6820068359375,133.45700073242188,6.612830817892159,6.260810495611185,-0.6875997125757474,-0.8862018762257103,-0.5744349896548226,,8.8120763540162,50.33495194473866
18.5,23.6891898926905,22.698434122419023,22.61867595231309,17.70540686060661,70.63846369674124,69.8453335269739,177.29200744628906,133.57899475097656,194.9969940185547,133.45700073242188,6.580330525747361,6.30512058956084,-0.6500058428959484,0.8862018789930789,-0.5480421372467101,,8.412021358791426,64.33184712537445
18.55,23.586086555433173,22.538917784750677,22.6186759525676,17.6904231908879,70.96645291375113,70.15833863847614,177.6199951171875,133.58000183105472,195.30999755859372,133.45799255371094,6.551690709842548,6.260810495764076,-0.5727963180962544,-0.8862018759352582,-0.47075240997399537,,8.409513938848391,60.81477593507373
18.6,23.50598586652411,22.69843412293761,22.618675952817163,17.67841480975827,71.29346402215128,70.47334107994598,177.94700622558594,133.58000183105472,195.625,133.45799255371094,6.5294405184789195,6.305120589704892,-0.4450038272725657,0.8862018788162959,-0.3506049574700194,,8.078341406307239,78.80542247024961
18.65,23.465665999832268,22.53891778520607,22.618675953065495,17.665429889686642,71.61945279168265,70.78634462004905,178.2729949951172,133.58000183105472,195.93800354003903,133.45799255371094,6.518240555508963,6.260810495890575,-0.2239992593991452,-0.8862018762863826,-0.20237019441840204,,8.190851429034055,68.61958436411454
18.7,23.468077839624858,22.6984341234537,22.61867595331721,17.654428565411767,71.94545682000384,71.10134706151891,178.5989990234375,133.58000183105472,196.2530059814453,133.45799255371094,6.518910511006904,6.30512058984825,0.013399109958829123,0.8862018791534839,-0.04662955238640498,,8.009620728770718,82.57453262721714
18.75,23.50011845170764,22.5389177857378,22.61867595357496,17.64242018534595,72.27146084832795,71.41534242291083,178.9250030517578,133.58000183105472,196.56700134277344,133.45799255371094,6.5278106810299,6.260810496038278,0.17800340045990484,-0.8862018761994203,0.09470398638426461,,8.253296742611727,66.0739596352834
18.8,23.554694799040927,22.698434123938533,22.618675953828355,17.630427064232627,72.59845669794451,71.73034486438067,179.2519989013672,133.58000183105472,196.8820037841797,133.45799255371094,6.542970777511369,6.305120589982925,0.3032019296293732,0.8862018788929279,0.20399000998646383,,8.166805021163343,74.12096680586522
18.85,23.621905448330427,22.538917786205662,22.618675954077037,17.615428034026976,72.9264596276411,72.04334840448374,179.5800018310547,133.58000183105472,197.19500732421875,133.45799255371094,6.561640402314008,6.260810496168239,0.3733924960527748,-0.8862018762937093,0.27111867047009275,,8.474770642467595,58.55416011694814
18.9,23.692250629792532,22.698434124437256,22.61867595432868,17.601420696263823,73.25545587364606,72.35833719708351,179.90899658203125,133.58099365234378,197.50999450683597,133.45899963378906,6.581180730497925,6.30512059012146,0.39080656367837197,0.8862018790644626,0.293526720005811,,8.417618046541739,63.75706069574022
18.95,23.75319907229265,22.538917786715604,22.618675954580212,17.58642166714997,73.58446588341863,72.67234781726452,180.23800659179688,133.58099365234378,197.82400512695312,133.45899963378906,6.598110853414624,6.26081049630989,0.33860245833398267,-0.8862018762313769,0.27413956093466885,,8.714814615112735,52.13721220451414
19.0,23.800682388841466,22.69843412490768,22.61867595482908,17.569423785598598,73.91545953576627,72.98634317865644,180.56900024414062,133.58099365234378,198.13800048828125,133.45899963378906,6.611300663567073,6.305120590252134,0.2637962030489722,0.8862018788448597,0.21857119369907316,-0.0025090113475484677,8.616356614161207,57.38077526611104
19.05,23.836034378530712,22.538917787214714,22.618675955075478,17.553417702029407,74.2454613668227,73.30033854004837,180.8990020751953,133.58099365234378,198.45199584960938,133.45899963378906,6.621120660702975,6.260810496448531,0.19639994271803904,-0.8862018760720377,0.13312857871225597,,8.866946618968608,48.71616812883631
19.1,23.848165722801628,22.698434125427603,22.618675955324477,17.536419822008135,74.57746209924487,73.61534098151822,181.2310028076172,133.58099365234378,198.7669982910156,133.45899963378906,6.624490478556008,6.305120590396556,0.06739635706065077,0.8862018789604827,0.02514197583994651,,8.703671811382511,54.90771483160205
19.15,23.832218395833202,22.53891778770318,22.618675955574194,17.518430145394255,74.9084557515887,73.92834452162128,181.5619964599609,133.58099365234378,199.0800018310547,133.45899963378906,6.6200606655092225,6.260810496584217,-0.08859626093571442,-0.8862018762468409,-0.0948445624515019,,8.859926704129192,48.76251714130647
19.200000000000006,23.786498091930124,22.698434125912648,22.618675955820088,17.50343816784926,75.2384591193147,74.24334696309113,181.8919982910156,133.58200073242188,199.3950042724609,133.45899963378906,6.607360581091701,6.305120590531291,-0.2540016883503918,0.8862018789413497,-0.21186339408509813,,8.590307425063864,57.91046721091923
19.25,23.71294974021853,22.53891778818821,22.61867595606513,17.48742503913384,75.56846095037291,74.5573439394873,182.2220001220703,133.58200073242188,199.70899963378903,133.46000671386722,6.586930483394036,6.260810496718947,-0.408601953953357,-0.8862018762469926,-0.30871760391233594,,8.641085432224196,53.621027668810854
19.3,23.625146609436552,22.69843412640583,22.618675956311854,17.47343307036381,75.89745570135524,74.87234638095714,182.55099487304688,133.58200073242188,200.0240020751953,133.46000671386722,6.562540724843487,6.3051205906682855,-0.4877951710109693,0.8862018789867551,-0.3708572276086052,,8.295081243107928,67.87640897732575
19.35,23.53917852733005,22.53891778866577,22.61867595655787,17.459425843585063,76.22446680975969,75.1853499210602,182.8780059814453,133.58200073242188,200.3370056152344,133.46000671386722,6.538660702036125,6.260810496851603,-0.47760045614722235,-0.8862018763336418,-0.39045378500267214,,8.324204183750782,62.83528737766003
19.4,23.4605541264097,22.69843412696834,22.61867595681098,17.448424525454158,76.55045557929567,75.500337103741,183.20399475097656,133.58200073242188,200.6519927978516,133.46000671386722,6.5168205906693615,6.305120590824539,-0.43680222733530266,0.8862018794587783,-0.3667439596266665,,7.99599472505423,82.41662905976749
19.450000000000006,23.39308942190033,22.538917789216736,22.61867595706109,17.435424355089463,76.87645960761856,75.81334064384406,183.52999877929688,133.58200073242188,200.96499633789062,133.46000671386722,6.498080394972314,6.260810497004648,-0.3748039139408857,-0.8862018763976778,-0.30338199869363,,8.059605544083857,73.48041070662202
19.5,23.34359083282392,22.69843412747581,22.61867595731791,17.42642189008882,77.20046473457276,76.12834308531392,183.85400390625,133.58200073242188,201.27999877929688,133.46000671386722,6.4843307868955335,6.305120590965503,-0.27499216153564954,0.8862018792172034,-0.2062660287566146,,7.784727316308695,97.23469946931796
19.55,23.321305731807488,22.538917789687773,22.618675957565216,17.416434603718415,77.52445612085097,76.44233844670585,184.1779937744141,133.58299255371094,201.593994140625,133.46000671386722,6.478140481057635,6.260810497135492,-0.1238061167579634,-0.8862018766002019,-0.0838454135645824,,7.930193300106952,80.13451684968115
19.6,23.330990865000878,22.698434127944623,22.618675957816915,17.4074251637249,77.84846124780455,76.75734244960333,184.5019989013672,133.58299255371094,201.90899658203125,133.46099853515622,6.480830795833577,6.305120591095728,0.05380629551883155,0.886201879204714,0.051590434993810115,,7.762031340950989,99.0633102760977
19.65,23.373109721431128,22.538917790196976,22.618675958066287,17.395432050198952,78.17345819604918,77.0703459897064,184.82699584960938,133.58299255371094,202.2220001220703,133.46099853515622,6.492530478175313,6.260810497276937,0.23399364683473586,-0.8862018763758754,0.1842890490035866,,8.023546038369668,75.06767999013317
19.700000000000006,23.44161810951175,22.69843412846272,22.618675958321294,17.385437789371437,78.49845514429673,77.38534843117624,185.1519927978516,133.58299255371094,202.53700256347656,133.46099853515622,6.511560585975486,6.3051205912396435,0.38060215600340275,0.8862018792539885,0.2977372982036557,,7.961719530228612,84.21137434087365
19.75,23.526866934624863,22.538917790727854,22.618675958575263,17.373429418188106,78.82445917262454,77.69934379256817,185.47799682617188,133.58299255371094,202.8509979248047,133.46099853515622,6.535240815173573,6.260810497424404,0.4736045839617981,-0.8862018763049019,0.37813387846941837,,8.301841709565752,63.30494571889744
19.8,23.619674016670213,22.69843412896057,22.61867595883073,17.35942219554159,79.15246210232031,78.01333915396009,185.80599975585938,133.58299255371094,203.1649932861328,133.46099853515622,6.56102056018617,6.3051205913779365,0.5155949002519404,0.8862018790706346,0.41692672140068965,,8.285103212773846,67.83409914191294
19.85,23.712122336788607,22.53891779123076,22.618675959087234,17.345430231722887,79.48046503201498,78.3273497741411,186.13400268554688,133.58299255371094,203.47900390625,133.46099853515622,6.5867006491079465,6.2608104975640995,0.5136017784355145,-0.8862018762767273,0.411968231644579,,8.639571092974796,53.223142577732766
19.9,23.790782813737287,22.69843412948061,22.61867595933846,17.330431213473307,79.81046839974489,78.64235382545196,186.4640045166016,133.58399963378906,203.79400634765625,133.46200561523438,6.60855078159369,6.305120591522392,0.43700264971490194,0.8862018791658925,0.3673864665032279,,8.59817459346792,57.1131701749897
19.950000000000006,23.84676337036358,22.538917791719328,22.618675959588717,17.312426288889757,80.1414620520908,78.95534210676595,186.7949981689453,133.58399963378906,204.10699462890625,133.46200561523438,6.6241009362121055,6.260810497699813,0.3110030923682541,-0.8862018764514303,0.29184920491658595,,8.88668977906608,47.653194033521615
20.0,23.884994123484386,22.698434130013545,22.618675959842488,17.29542842039722,80.47346278451309,79.2703445482358,187.1269989013672,133.58399963378906,204.4219970703125,133.46200561523438,6.634720589856774,6.305120591670429,0.21239307289339368,0.886201879412425,0.19547571847796344,-0.023095475221109718,8.771513868745606,52.472402280161546
20.05,23.90414640708039,22.538917792266076,22.618675960100326,17.277423497609004,80.80546351693499,79.58433990962773,187.45899963378903,133.58399963378906,204.73599243164062,133.46200561523438,6.640040668633441,6.260810497851688,0.1064015755333421,-0.8862018763748,0.08731073395761543,,8.992435091886986,45.557999465072236
20.1,23.89903433939231,22.6984341305148,22.618675960357344,17.260425630817767,81.13746424935741,79.89934235109756,187.7910003662109,133.58399963378906,205.05099487304688,133.46200561523438,6.638620649831196,6.305120591809667,-0.028400376044892137,0.8862018791595591,-0.024893933039439542,,8.79740508172816,51.753838349617396
20.15,23.870487034856854,22.53891779276769,22.618675960614414,17.24243596824578,81.46845790170326,80.21234589120064,188.1219940185547,133.58399963378906,205.36399841308597,133.46200561523438,6.630690843015793,6.2608104979910255,-0.15859613630808247,-0.8862018763728734,-0.13337063337318183,,8.930376878927897,46.61499333563642
20.200000000000006,23.820986729857808,22.698434130984072,22.618675960866558,17.225438103167086,81.8004586341288,80.52734833267048,188.45399475097656,133.58399963378906,205.6790008544922,133.46200561523438,6.616940758293835,6.30512059194002,-0.2750016944391046,0.8862018789797546,-0.22973202789268418,,8.653672154599663,55.23980666970624
20.25,23.75460178785748,22.538917793245385,22.618675961118303,17.208440346961883,82.13046200185916,80.84035344417272,188.78399658203125,133.58500671386722,205.99200439453125,133.46299743652344,6.598500496627078,6.260810498123718,-0.3688052333351993,-0.8862018763261649,-0.3060080147803851,,8.717386371848436,50.95777442471815
20.3,23.6783548882802,22.69843413146679,22.61867596136893,17.194433131018336,82.4594720116308,81.15535588564256,189.11300659179688,133.58500671386722,206.3070068359375,133.46299743652344,6.577320802300055,6.3051205920741085,-0.42359388654044605,0.8862018790078049,-0.3564219377053098,,8.39221488292347,63.16601099108732
20.35,23.59947813777559,22.611278318142794,22.62591201406013,17.1814329699682,82.78745968253497,81.47034306954187,189.4409942626953,133.58500671386722,206.6219940185547,133.46299743652344,6.555410593826553,6.280910643928554,-0.4382041694700449,-0.48419896291109077,-0.37851719748128027,,8.349869675676018,62.58947253588582
20.4,23.52380630359529,22.699010907738913,22.625969691885963,17.168432809803978,83.11546261222698,81.78534551108335,189.7689971923828,133.58500671386722,206.9369964599609,133.46299743652344,6.53439063988758,6.305280807705254,-0.42039907877946703,0.48740327553402735,-0.37286034719184,,8.110011610599585,74.93211149064496
20.450000000000006,23.45529790616928,22.538989886159747,22.625976901330013,17.155432650000787,83.44146664055017,82.09834905116283,190.09500122070312,133.58500671386722,207.25,133.46299743652344,6.515360529491467,6.260830523933263,-0.3806022079222098,-0.8890056754396656,-0.34166696131919105,,8.17199351921516,67.39778532014682
20.5,23.39521464043981,22.69843412868155,22.625976901196807,17.14543839614193,83.76646358879388,82.413351492656,190.4199981689453,133.58500671386722,207.56500244140625,133.46299743652344,6.498670733455503,6.3051205913004305,-0.333795920719318,0.8858013473434556,-0.2877457877375804,,7.877843768788894,88.57938522490691
20.55,23.34801803306744,22.538917789595104,22.625976900929714,17.13443708790989,84.09146053703654,82.72734685402888,190.7449951171875,133.58500671386722,207.8789978027344,133.46299743652344,6.485560564740956,6.260810497109751,-0.26220337429094426,-0.8862018838135785,-0.21492040912807836,,7.978304013684447,76.23434744656132
20.6,23.32357343417352,22.698434129888412,22.62597690086707,17.12442746756633,84.41546718203226,83.04134383044128,191.06900024414062,133.58599853515622,208.1929931640625,133.46400451660156,6.478770398381534,6.30512059163567,-0.1358033271884354,0.8862018905183663,-0.1292222289789473,,7.74867625324646,98.60904367253174
20.65,23.32105343895161,22.538917790941753,22.62597690068448,17.114433214447516,84.73947230898577,83.35535445060786,191.39300537109372,133.58599853515622,208.5070037841797,133.46400451660156,6.47807039970878,6.26081049748382,-0.01399997345508632,-0.8862018830370537,-0.038855709990554564,,7.929739164123086,78.770382087839
20.700000000000006,23.334049929557423,22.698434130650625,22.625976900651132,17.10544601621933,85.06346217715114,83.67035689209146,191.7169952392578,133.58599853515622,208.82200622558597,133.46400451660156,6.481680535988173,6.305120591847396,0.07220272558785305,0.8862018872713797,0.04761136049219197,,7.767540420463259,96.87631776437188
20.75,23.361625638465853,22.538917791507345,22.62597690047733,17.09442945083697,85.3874673041067,83.9833451733896,192.0410003662109,133.58599853515622,209.13499450683597,133.46400451660156,6.489340455129403,6.260810497640929,0.15319838282462156,-0.8862018841294518,0.12296547041630339,,8.002833423076185,74.79842754280321
20.8,23.401406478980412,22.698434131274322,22.625976900458078,17.084435198747833,85.71246425235212,84.29834761487496,192.36599731445312,133.58599853515622,209.4499969482422,133.46400451660156,6.50039068860567,6.305120592020645,0.22100466952533224,0.8862018875943053,0.18126435951217046,,7.88902610699194,87.48682276132146
20.85,23.450582359659094,22.538917792387647,22.61874084788257,17.07344915085516,86.03746120059787,84.61235823504225,192.6909942626953,133.58599853515622,209.76400756835938,133.46400451660156,6.514050655460859,6.2608104978854575,0.27319933710378275,-0.8862018827037285,0.21673697299053662,,8.163541042121697,67.41732883531095
20.9,23.50541104972709,22.698434132038198,22.61868317031249,17.062432586657252,86.36346522892178,84.92734541773589,193.0169982910156,133.58599853515622,210.07899475097656,133.46400451660156,6.529280847146413,6.305120592232832,0.3046038337111052,0.8862018869475434,0.22380526107650683,,8.077298524617953,76.11372255090178
20.950000000000006,23.55649408698326,22.538917793306734,22.618675961027193,17.048440744181846,86.69046262933044,85.24035052922565,193.343994140625,133.58700561523438,210.3919982910156,133.46499633789062,6.543470579717572,6.260810498140759,0.2837946514231238,-0.8862018818413233,0.19898654496747317,,8.3556755237643,60.312151357090485
21.0,23.59170187903664,22.6984341327338,22.618675961432412,17.03544058916999,87.01846555901956,85.55535297070746,193.6719970703125,133.58700561523438,210.70700073242188,133.46499633789062,6.553250521954622,6.305120592426055,0.19559884474102787,0.8862018857060395,0.14314626225378846,-0.05232945622417498,8.234138474448146,68.65255673093442
21.05,23.60822603474928,22.538917794165286,22.618675961889434,17.02244043452501,87.34546140862938,85.86934833208771,193.99899291992188,133.58700561523438,211.02099609375,133.46499633789062,6.557840565208133,6.260810498379246,0.09180086507022492,-0.8862018809361824,0.06207399407049877,,8.449837088269827,57.30688326410498
21.1,23.60451815814236,22.698434133492547,22.618675962249853,17.008448484749458,87.67346433831688,86.18335895227828,194.32699584960938,133.58700561523438,211.3350067138672,133.46499633789062,6.556810599483988,6.305120592636818,-0.020599314482900574,0.8862018851514416,-0.034845936157039445,,8.257482010720803,67.57428693705536
21.15,23.577483202742343,22.538917794905874,22.618675962646254,16.994441277025945,88.00146726800487,86.49735431366074,194.65499877929688,133.58700561523438,211.6490020751953,133.46499633789062,6.549300889650651,6.260810498584965,-0.1501941966667616,-0.8862018810371246,-0.13638861297667587,,8.3938546403048,58.90612908443732
21.200000000000006,23.528557968301726,22.69843413418567,22.618675962999767,16.98244817819779,88.32846311761601,86.81235675513952,194.98199462890625,133.58700561523438,211.9640045166016,133.46499633789062,6.5357105467504795,6.305120592829353,-0.2718068580033803,0.8862018848876332,-0.23052874040178584,,8.119313366505972,73.64462953885246
21.25,23.46203055397027,22.53891779577677,22.61867596342671,16.969439927344418,88.65446865467425,87.12534503644476,195.30799865722656,133.58799743652344,212.2769927978516,133.46499633789062,6.517230709436186,6.26081049882688,-0.3695967462859191,-0.8862018800495864,-0.30492228204615307,,8.184267487354296,66.17566583525071
21.3,23.38387479198225,22.698434134896434,22.618675963788924,16.958431355141823,88.98047268299885,87.44034908776369,195.63400268554688,133.58799743652344,212.5919952392578,133.46600341796878,6.4955207755506255,6.305120593026787,-0.4341986777112022,0.8862018839981419,-0.34753800280169056,,7.857371883485847,89.06262853363282
21.35,23.30060694568646,22.53891779650163,22.61867596420032,16.948452365378024,89.30446255116767,87.75435970793743,195.9579925537109,133.58799743652344,212.906005859375,133.46600341796878,6.472390818246239,6.26081049902823,-0.46259914608773,-0.886201879971141,-0.3481341701963113,,7.892951198781562,80.10032041170764
21.4,23.2238536557128,22.69843413543591,22.618675964540092,16.940426450405937,89.6274758568355,88.06934689062545,196.281005859375,133.58799743652344,213.2209930419922,133.46600341796878,6.451070459920222,6.305120593176642,-0.4264071665203482,0.8862018829682909,-0.30101355298362487,,7.56954294884744,116.062221954248
21.450000000000006,23.16981803245733,22.538917797247247,22.618675964934145,16.931439256741527,89.9494668236343,88.38235043072184,196.60299682617188,133.58799743652344,213.53399658203125,133.46600341796878,6.43606056457148,6.260810499235347,-0.30019790697480814,-0.8862018788257622,-0.20840638152262,,7.658394880766705,96.60751423473765
21.5,23.148686490709363,22.591981756074706,22.60803072726824,16.92445091271198,90.27046596914234,88.69636105104887,196.9239959716797,133.58799743652344,213.84800720214844,133.46600341796878,6.430190691863712,6.2755504877985295,-0.11739745415537409,0.2947997712636962,-0.0825561220620715,,7.559026239946304,109.43697756505148
21.55,23.16398666441072,21.279781457008287,22.48211709355253,16.909436653884047,90.59247219472859,89.00335267444002,197.2460021972656,133.58799743652344,214.15499877929688,133.46600341796878,6.4344407401140895,5.9110504047245245,0.0850009650075544,-7.290001661479997,0.055125080519541694,,9.067044738102217,32.30688922141866
21.6,23.212657841414753,17.43315021634814,21.95558870183809,16.852453939934446,90.91446473642895,89.26835553149392,197.5679931640625,133.58900451660156,214.4199981689453,133.46600341796878,6.447960511504098,4.842541726763372,0.2703954278001636,-21.37017355922275,0.17775445827489708,,12.984257508166309,10.497166925193811
21.65,23.28699756375229,17.188137201022748,21.42051064244978,16.787430801405048,91.23747804209845,89.52635377468643,197.89100646972656,133.58900451660156,214.6779937744141,133.46699523925778,6.468610434375636,4.774482555839652,0.4129984574307834,-1.361183418474467,0.25836798647884496,,13.335837471386384,9.909129011336537
21.700000000000006,23.370770092358896,16.82517680369936,20.833184909401147,16.716448683499742,91.56146791027004,89.77936569559047,198.21499633789062,133.58900451660156,214.93099975585938,133.46699523925778,6.491880581210804,4.673660223249822,0.4654029367032902,-2.016446651796291,0.2758909278827393,,13.804208207384196,9.193801330127426
21.75,23.441474049763364,16.2636435912699,20.20565748895046,16.637456589724188,91.886464858519,90.02540885339806,198.5399932861328,133.58900451660156,215.177001953125,133.46699523925778,6.511520569378712,4.51767877535275,0.3927997633582128,-3.1196289579418393,0.22038572787856964,,14.409833598102217,8.344379777661423
21.8,23.48089442051702,15.632410763661426,19.499055151826962,16.550456662407544,92.21246888684284,90.26451196193199,198.86599731445312,133.58900451660156,215.4160003662109,133.46699523925778,6.522470672365839,4.342336323239285,0.2190020597425293,-3.506849042269259,0.09569816721724403,,14.999062862573215,7.591449928092268
21.85,23.476501634509315,14.93030403099126,18.738193775275928,16.455466850685585,92.5384729151636,90.49569411750815,199.19200134277344,133.58900451660156,215.6470031738281,133.46699523925778,6.5212504540303655,4.14730667527535,-0.02440436670946476,-3.9005929592786415,-0.08176296889391667,,15.543013023409195,6.931671120958137
21.9,23.424014445674786,14.176543797899075,17.88600474152224,16.352474061628495,92.86447694348442,90.7189299702008,199.51800537109372,133.58900451660156,215.8699951171875,133.46699523925778,6.506670679354107,3.9379288327497433,-0.2915954935251885,-4.187556850512369,-0.287392014858467,,16.012301508874675,6.365922065708625
21.950000000000006,23.32433063271596,13.451814984921668,16.977294460289677,16.241514880208786,93.18947540514077,90.93317504386472,199.84300231933597,133.58999633789062,216.08399963378903,133.46699523925778,6.4789807313099885,3.736615273589352,-0.5537989608822813,-4.026271183207194,-0.493842316618631,,16.34745671886527,5.922425696482913
22.0,23.18259832712605,12.754202970027098,15.99351658168492,16.1295454064471,93.51146637194815,91.14322350459035,200.1649932861328,133.58999633789062,216.29400634765625,133.46699523925778,6.439610646423903,3.5428341583408605,-0.7874016977218131,-3.875622304970328,-0.6760452921962433,-0.8191915544500318,16.56328156889196,5.568082243134487
22.05,23.01163379223278,12.02300020181806,15.067838456165898,16.008557067484787,93.8324655174723,91.34324869710724,200.48599243164062,133.58999633789062,216.49400329589844,133.46699523925778,6.392120497842439,3.3397222782827947,-0.949802971629272,-4.062237601161258,-0.8153829256916851,,16.72447250511161,5.244566229674962
22.1,22.82680929926525,11.281685785642445,14.452692013095332,15.879556179643695,94.15047394034323,91.53226020463413,200.8040008544922,133.58999633789062,216.68299865722656,133.46699523925778,6.340780360907013,3.1338016071229013,-1.026802738708493,-4.118413423197808,-0.9027224277341568,,16.841859515751825,4.951547198569526
22.15,22.640870721733307,10.529666095078372,13.786844902500892,15.741566120917561,94.46646820305644,91.71026193558292,201.1199951171875,133.58999633789062,216.86099243164062,133.46699523925778,6.2891307560370295,2.924907248632881,-1.0329920973997329,-4.177887169800642,-0.9395365262259663,,16.9374679570758,4.679094386960017
22.200000000000006,22.46331781040513,9.753353568484618,13.079662578979418,15.596585952285704,94.77947174310891,91.87827971296218,201.43299865722656,133.58999633789062,217.0290069580078,133.46699523925778,6.239810502890314,2.709264880134616,-0.9864050629341626,-4.312847369964628,-0.9365735837487336,,17.033392780085638,4.417600972424881
22.25,22.29926607592957,8.955254927098046,12.348823712562233,15.441594887551215,95.08946930171112,92.03327946806351,201.7429962158203,133.58999633789062,217.1840057373047,133.46699523925778,6.194240576647102,2.4875708130827907,-0.9113985248643452,-4.433881341037072,-0.9105462646212374,,17.134028125143548,4.165883181854023
22.3,22.147381725607513,8.139259922081411,11.599508628404234,15.27660138330925,95.39847668010187,92.17727675315763,202.052001953125,133.59100341796878,217.3280029296875,133.46699523925778,6.15205047933542,2.260905533911503,-0.8438019462336279,-4.533305583425686,-0.880077289622007,,17.232269706680373,3.9259812568694716
22.35,22.003273647353982,7.311479398277541,10.837626165132859,15.103603600752654,95.70447643596287,92.31027243284348,202.3580017089844,133.59100341796878,217.46099853515625,133.46699523925778,6.112020457598328,2.030966499521539,-0.800600434741827,-4.598780687799216,-0.8621335196212134,,17.31568043723918,3.7008985293801335
22.4,21.86125299830401,6.471216344319235,10.067093419774872,14.91960393797717,96.00847729045559,92.43026817667177,202.66200256347656,133.59100341796878,217.58099365234372,133.46699523925778,6.072570277306669,1.797560095644232,-0.7890036058332321,-4.668128077546409,-0.8695622063254551,,17.373126927817978,3.489949357894107
22.450000000000006,21.712537566274985,5.621965858072826,9.284108507089993,14.724617837710538,96.3114710648699,92.53827149719434,202.96499633789062,133.59100341796878,217.6889953613281,133.46699523925778,6.031260435076384,1.561657182798007,-0.8261968446055642,-4.718058256923761,-0.9096700006791933,,17.38719035320084,3.2943829827345112
22.5,21.548053327992168,4.760290682759597,8.484717278363242,14.521620786955015,96.61147411662813,92.63527459262659,203.26499938964844,133.59100341796878,217.78599548339844,133.46699523925778,5.985570368886713,1.3223029674332214,-0.9138013237935386,-4.7870843072963245,-0.9836306302540033,,17.34267008195752,3.114037518426158
22.55,21.36060078900144,3.890978699549637,7.671515128136399,14.306630555764485,96.90947826701944,92.71828728186493,203.56300354003903,133.59100341796878,217.86900329589844,133.46699523925778,5.933500219167067,1.0808274165415659,-1.0414029943929066,-4.829511017833042,-1.0868113804839672,,17.22568445775018,2.9481899266162648
22.6,21.145608606133614,3.0154360128714597,6.8448901508593,14.083629650561063,97.20447643596673,92.79028540212695,203.8580017089844,133.59100341796878,217.9409942626953,133.46699523925778,5.873780168370448,0.8376211146865166,-1.1944010159323613,-4.864126037100918,-1.210194504979027,,17.02852558291817,2.7964966029603318
22.65,20.901924936980365,0.5534044679421495,5.847263988145675,13.801624864922493,97.49547680218184,92.8010021467424,204.1490020751953,133.59100341796878,217.9499969482422,133.46699523925778,5.806090260272323,0.15372346331726375,-1.353798161962582,-13.677953027385835,-1.3426402040861602,,16.85907826801036,2.4417382918204327
22.700000000000006,20.631673220165773,0.8086177197087446,4.9527904032680885,13.515616864115517,97.7834711869543,92.80984658776464,204.4369964599609,133.59100341796878,217.95199584960938,133.46699523925778,5.731020338934937,0.22461603325242907,-1.5013984267474851,1.4178513987030847,-1.4732689907346734,,16.41694264918948,2.454522328653635
22.75,20.33777000086602,0.9092408124902892,4.148188991807313,13.234600241172364,98.06847484907314,92.82074380467104,204.7220001220703,133.59100341796878,217.95599365234372,133.46699523925778,5.6493805557961165,0.2525668923584137,-1.6327956627766183,0.5590171821197636,-1.5932833104671458,,15.947786748176684,2.4522943617435344
22.8,20.023921441639303,0.8909019712145659,3.4233531967206283,12.958605093450105,98.347483569963,92.83145341854092,205.0010070800781,133.59199523925778,217.95899963378903,133.46699523925778,5.562200400455362,0.24747276978182386,-1.7436031068150655,-0.10188245153179476,-1.6970726296229914,,15.459747790952646,2.4382398518904607
22.85,19.695421589776064,0.7908434268239974,2.7712895995752738,12.686622150870885,98.62346928774895,92.84153655529259,205.2769927978516,133.59199523925778,217.96299743652344,133.46699523925778,5.4709504416044625,0.21967872967333263,-1.8249991770179637,-0.5558808021698168,-1.782855136287302,,14.960506020038945,2.4159096477430175
22.9,19.357020309434102,0.6433202245965832,2.1884999876030085,12.419620185441177,98.89448064030053,92.85002545450735,205.54800415039062,133.59199523925778,217.9669952392578,133.46699523925778,5.376950085953917,0.17870006238793978,-1.880007113011022,-0.8195733457079035,-1.852918792877353,,14.455906442826008,2.3891879454158946
22.950000000000006,19.012248680403864,0.4772364207908514,1.6740270438748113,12.156650179131596,99.16047185124884,92.85619798227816,205.8139953613281,133.59199523925778,217.97000122070312,133.46699523925778,5.281180189001073,0.13256567244190315,-1.9153979390565672,-0.9226877989205885,-1.913074652885653,,13.950137568890051,2.3611452223857055
23.0,18.661104963905824,0.3151152563979279,1.2295095012386443,11.898670762756186,99.42147343817192,92.86066393586545,206.0749969482422,133.59199523925778,217.97300720214844,133.46699523925778,5.183640267751618,0.08753201566609109,-1.9507984249893626,-0.9006731355163564,-1.97102800878229,-1.2949827165860466,13.442877542008013,2.33484981591367
23.05,18.300097622643246,0.17383883817269324,0.8577955151009501,11.64468866927515,99.67747014228122,92.86313925534063,206.33099365234372,133.59199523925778,217.9750061035156,133.46699523925778,5.083360450734235,0.048288566159081454,-2.0055963403476333,-0.7848689901401815,-2.034158391283324,,12.929667195072051,2.312710882607165
23.1,17.92609208496066,0.07271100572090113,0.5635230143858942,11.395695261572365,99.92847722236631,92.86513816931532,206.58200073242188,133.59199523925778,217.9770050048828,133.46699523925778,4.979470023600183,0.020197501589139202,-2.0778085426810007,-0.5618212913988371,-2.1078093773183175,,12.407384818323457,2.2978515966763853
23.15,17.53625177943417,0.06920977762795882,0.5151035453544752,11.151706251039169,100.17447948652813,92.86739774468279,206.8280029296875,133.59199523925778,217.97900390625,133.46699523925778,4.871181049842825,0.019224938229988563,-2.165779475147288,-0.019451267183013887,-2.1948185478179165,,11.873822572856962,2.2983891466901123
23.200000000000006,17.12837017222249,0.11189286800731084,0.44543106018433176,10.911730140731336,100.41446973787608,92.86909527472143,207.0679931640625,133.59199523925778,217.97900390625,133.46699523925778,4.757880603395136,0.03108135222425301,-2.26600892895343,0.2371282798852519,-2.2959186215506113,,11.327908662469925,2.3084769367472107
23.25,16.69932087947436,0.13736961996792652,0.3682439409320955,10.67872747151789,100.64847852987015,92.87132151726358,207.302001953125,133.59199523925778,217.97999572753903,133.46699523925778,4.638700244298433,0.03815822776886848,-2.383607181934358,0.14153751089232744,-2.409951846525383,,10.767563028600284,2.3211839433941255
23.3,16.246260044678955,0.14277524142140222,0.29343126795277913,10.45075765998957,100.87647758033262,92.87333513725274,207.52999877929688,133.59300231933594,217.97999572753903,133.46699523925778,4.512850012410821,0.03965978928372284,-2.5170046377522044,0.030031230297086754,-2.5331896359751918,,10.191410017654322,2.3363044663097416
23.35,15.767280161857952,0.13258543882527424,0.2276054691529068,10.22877337493019,101.0984777025327,92.87517229722538,207.7519989013672,133.59300231933594,217.97999572753903,133.46699523925778,4.379800044960542,0.036829288562576175,-2.6609993490055373,-0.05661001442293245,-2.658467973637321,,9.599632684842765,2.3552426199129317
23.4,15.2601838577475,0.11222406844397063,0.17449585353764555,10.013793394377224,101.3134740408942,92.876709857245,207.9669952392578,133.59300231933594,217.97999572753903,133.46699523925778,4.238939960485417,0.031173352345547398,-2.8172016895026712,-0.11311872434058197,-2.7765917635064103,,8.99246094825554,2.379830092454461
23.450000000000006,14.721625436276822,0.0866859430771799,0.1354408057662784,9.805817578613137,101.52047477393614,92.87825148911631,208.1739959716797,133.59300231933594,217.97900390625,133.46699523925778,4.089340398965784,0.02407942863254997,-2.991991230392189,-0.14187847425992636,-2.882078643452107,,8.369338857143662,2.4120944581977883
23.5,14.182452454511314,0.06008692101383984,0.10993797222786958,9.605837517985787,101.7204717227606,92.87906631307396,208.37399291992188,133.59300231933594,217.97900390625,133.46699523925778,3.9395701262531424,0.01669081139273329,-2.995405454253214,-0.1477723447963525,-2.9800267294573,,7.767893669023957,2.448663917586876
23.55,13.65390016416102,0.03547737070061035,0.0961018254806613,9.412846096161473,101.91348014611413,92.8795454390738,208.56700134277344,133.59300231933594,217.97900390625,133.46699523925778,3.792750045600283,0.009854825194613986,-2.9364016130571473,-0.13671972396238413,-3.085275245571254,,7.2000305817651356,2.4882585070825707
23.6,13.103604387257107,0.014990641359298363,0.09032978904450104,9.227865479379831,102.09847770508357,92.87974243008192,208.7519989013672,133.59300231933594,217.97900390625,133.46699523925778,3.6398901075714187,0.0041640670442495455,-3.057198760577241,-0.11381516300728718,-3.2100763372718015,,6.631674997995162,2.5381010547844456
23.65,12.48966086456981,0.004750684874504981,0.08388387976915565,9.050880352064071,102.2754796584435,92.879763449072,208.9290008544922,133.59300231933594,217.97900390625,133.46699523925778,3.4693502401582803,0.0013196346873624947,-3.4107973482629625,-0.05688864713774425,-3.350213866342168,,6.025134664444906,2.6097965340388716
23.700000000000006,11.84079623289557,0.01354477487864925,0.0740490704562895,8.881890672159752,102.4434789261466,92.88078519604971,209.0970001220703,133.59300231933594,217.97799682617188,133.46699523925778,3.289110064693214,0.003762437466291458,-3.604803509300765,0.04885605557857163,-3.483823624901494,,5.415697010317256,2.703477575333771
23.75,11.173500361799645,0.01973068808252506,0.06228517726774936,8.722910350476138,102.6024755082352,92.88104779985373,209.2559967041016,133.59300231933594,217.97799682617188,133.46699523925778,3.1037501004999015,0.0054807466895902945,-3.7071992838667214,0.03436618446598112,-3.5837307473555677,,4.822830830516149,2.815404730935114
23.8,10.497816254550708,0.02218726245945448,0.05022637937155459,8.573924062963146,102.75147758345443,92.88134843607773,209.40499877929688,133.59300231933594,217.97799682617188,133.46699523925778,2.91606007070853,0.006163128460959578,-3.753800595827377,0.01364763542738548,-3.6329492499756624,,4.257523626747593,2.9464598810643645
23.85,9.817884383396473,0.0,0.036967835489027163,8.433940044898193,102.89147697311249,92.88134843607773,209.5449981689453,133.59300231933594,217.97799682617188,133.46699523925778,2.72719010649902,0.0,-3.7773992841901456,-0.12326256921918981,-3.63749203388472,,3.724238318706066,3.0925270297547285
23.9,9.133992286818778,0.0,0.025745428644630097,8.30295819326717,103.02247367721701,92.88134843607773,209.67599487304688,133.59300231933594,217.97799682617188,133.46699523925778,2.5372200796718825,0.0,-3.7994005365429677,0.0,-3.631932177745999,,3.22381830650444,3.2724498498539467
23.950000000000006,8.601840275521223,0.0,0.0170768343369121,8.180963177255293,103.14448295457085,92.88134843607773,209.79800415039062,133.59300231933594,217.97799682617188,133.46699523925778,2.389400076533673,0.0,-2.9564000627637284,0.0,-3.664511881029836,,2.859396163022628,3.423842251943396
24.0,7.9842601049289,0.0,0.011068142235528123,8.065986778736889,103.25947318896485,92.88134843607773,209.9129943847656,133.59300231933594,217.97799682617188,133.46699523925778,2.2178500291469168,0.0,-3.431000947735562,0.0,-3.7582115326100585,-1.7871835238277685,2.4638660759517834,3.636833106117797
24.05,7.215120125136714,0.0,0.007520405165467088,7.961995730456503,103.36347709521492,92.88134843607773,210.0169982910156,133.59300231933594,217.97799682617188,133.46699523925778,2.0042000347601983,0.0,-4.27299988773431,0.0,-3.891306772284535,,2.01241828973591,3.9726353986692557
24.1,6.413327998188473,0.0,0.00602134102953725,7.8680135025461935,103.45747123585352,92.88134843607773,210.11099243164062,133.59300231933594,217.97799682617188,133.46699523925778,1.781479999496798,0.0,-4.4544007052679415,0.0,-4.0421970018284465,,1.590399454302549,4.416535318620145
24.15,5.629392094490983,0.0,0.005546272542086753,7.786023397616201,103.53947196830966,92.88134843607773,210.1929931640625,133.59300231933594,217.97799682617188,133.46699523925778,1.5637200262474953,0.0,-4.355199464986303,0.0,-4.264893814003296,,1.2257386002962285,4.979135315512505
24.200000000000006,5.077044132015971,0.0,0.0041917950542218274,7.712028056052063,103.61347709526599,92.88134843607773,210.2669982910156,133.59300231933594,217.97799682617188,133.46699523925778,1.410290036671103,0.0,-3.0685997915273644,0.0,-4.669598385275613,,0.9972805738402327,5.468359820975166
24.25,4.422924157191142,0.0,0.0022187262459693207,7.647034366023885,103.67847953667878,92.88134843607773,210.33200073242188,133.59300231933594,217.97799682617188,133.46699523925778,1.228590043664206,0.0,-3.6339998601384047,0.0,-5.242350065716407,,0.7571749277827362,6.224185328218927
24.3,3.5652457274505465,0.0,2.3872917531697623e-14,7.592049210814318,103.73347221247202,92.88134843607773,210.38699340820312,133.59300231933594,217.97799682617188,133.46699523925778,0.9903460354029295,0.0,-4.764880165225463,0.0,-5.674643781042613,,0.49237432698995615,7.665979647133133
24.35,0.7272432214113335,0.0,2.3872917531697623e-14,7.56704351008541,103.75848137484172,92.88134843607773,210.41200256347656,133.59300231933594,217.97799682617188,133.46699523925778,0.2020120059475926,0.0,-15.766680589106514,0.0,-5.501216945967581,,0.02080944928538028,37.456530909055566
24.4,2.443783272123543e-05,0.0,2.3872917531697623e-14,7.56504488418997,103.76048036536957,92.88134843607773,210.41400146484372,133.59300231933594,217.97799682617188,133.46699523925778,6.788286867009842e-06,0.0,-4.040104353214741,0.0,-4.526206866973606,,1.0135996141533142e-06,450614.4637697257
24.450000000000006,1.3542301276391643e-05,0.0,2.3872917531697623e-14,7.56504488431678,103.76048173534504,92.88134843607773,210.41400146484372,133.59300231933594,217.97799682617188,133.46699523925778,3.7617503545532343e-06,0.0,-6.05307302491227e-05,0.0,-3.0642294249890325,,1.0075305760919713e-06,549715.3116001553
24.5,1.9577283188013894e-05,0.0,2.3872917531697623e-14,7.565044885454163,103.76049390528637,92.88134843607773,210.41400146484372,133.59300231933594,217.97799682617188,133.46699523925778,5.438134218892748e-06,0.0,3.3527677286794566e-05,0.0,-1.679333233419022,,1.0108910550896768e-06,490023.2617615331
24.55,2.282893140622813e-05,0.0,2.3872917531697623e-14,7.565044887013996,103.7605102653644,92.88134843607773,210.41400146484372,133.59300231933594,217.97799682617188,133.46699523925778,6.341369835063369e-06,0.0,1.806471232341216e-05,0.0,-0.7387179165790211,,1.0127028461558193e-06,462938.23365907924
24.6,2.3917277103355654e-05,0.0,2.3872917531697623e-14,7.565044888681205,103.76052735536646,92.88134843607773,210.41400146484372,133.59300231933594,217.97799682617188,133.46699523925778,6.643688084265459e-06,0.0,6.04636498404172e-06,0.0,-0.25960267958008737,,1.0133094454642115e-06,454529.35974166787
24.65,2.181446304216196e-05,0.0,2.3872917531697623e-14,7.565044890268005,103.76054326538285,92.88134843607773,210.41400146484372,133.59300231933594,217.97799682617188,133.46699523925778,6.059573067267211e-06,0.0,-1.1682300339965626e-05,0.0,-0.07267695359874983,,1.0121375053474131e-06,471061.394881484
24.700000000000006,1.8606538703581148e-05,0.0,2.3872917531697623e-14,7.565044891687871,103.76055722532615,92.88134843607773,210.41400146484372,133.59300231933594,217.97799682617188,133.46699523925778,5.168482973216985e-06,0.0,-1.782180188100174e-05,0.0,-0.016164662855326615,,1.0103503225545564e-06,498734.4420035598
24.75,1.62280187701335e-05,0.0,2.3872917531697623e-14,7.565044892915441,103.7605690953816,92.88134843607773,210.41400146484372,133.59300231933594,217.97799682617188,133.46699523925778,4.50778299170375e-06,0.0,-1.3213999630266394e-05,0.0,-0.002834632529539655,,1.0090257260371576e-06,521447.3429359605
24.8,2.9062044547693106e-06,0.0,2.3872917531697623e-14,7.565044893433906,103.76057405537279,92.88134843607773,210.41400146484372,133.59300231933594,217.97799682617188,133.46699523925778,8.072790152136974e-07,0.0,-7.401007952979999e-05,0.0,-0.0002862608360070492,,1.0016148838801316e-06,699995.3348834973
24.85,6.1890029035751375e-06,0.0,2.3872917531697623e-14,7.565044893847011,103.76057798532123,92.88134843607773,210.41400146484372,133.59300231933594,217.97799682617188,133.46699523925778,1.7191674732153158e-06,0.0,1.823776916003211e-05,0.0,-1.1656358604622976e-05,,1.003439812714831e-06,645527.5010906074
24.9,6.9693608242790956e-06,0.0,2.3872917531697623e-14,7.565044894378724,103.76058301527806,92.88134843607773,210.41400146484372,133.59300231933594,217.97799682617188,133.46699523925778,1.935933562299749e-06,0.0,4.335321781688906e-06,0.0,-6.497175682720395e-06,,1.0038737410439783e-06,633804.2060047403
24.950000000000006,7.0750636099197675e-06,0.0,2.3872917531697623e-14,7.565044894926602,103.76058816537548,92.88134843607773,210.41400146484372,133.59300231933594,217.97799682617188,133.46699523925778,1.9652954471999355e-06,0.0,5.872376980036422e-07,0.0,-2.899529231593515e-06,,1.0039325220874973e-06,632248.9008574325
25.0,6.765906462649278e-06,0.0,2.3872917531697623e-14,7.565044895437174,103.76059293537688,92.88134843607773,210.41400146484372,133.59300231933594,217.97799682617188,133.46699523925778,1.8794184618470216e-06,0.0,-1.7175397070584974e-06,0.0,-1.7444965825932209e-06,3.7582097881134757,1.0037606030305715e-06,636819.4638259214
25.05,6.506885187569937e-06,0.0,2.3872917531697623e-14,7.565044895889213,103.76059713529243,92.88134843607773,210.41400146484372,133.59300231933594,217.97799682617188,133.46699523925778,1.8074681076583158e-06,0.0,-1.439007083774096e-06,0.0,-2.5608887059219423e-06,,1.0036165696857967e-06,640700.0067171495
25.1,7.679659330123629e-06,0.0,2.3872917531697623e-14,7.565044896267705,103.7606006353191,92.88134843607773,210.41400146484372,133.59300231933594,217.97799682617188,133.46699523925778,2.133238702812119e-06,0.0,6.515411903075969e-06,0.0,-4.30300397242632e-06,,1.004268752759306e-06,623497.5740248442
25.15,5.194354234687809e-06,0.0,2.3872917531697623e-14,7.565044896586881,103.76060357527165,92.88134843607773,210.41400146484372,133.59300231933594,217.97799682617188,133.46699523925778,1.442876176302169e-06,0.0,-1.3807250530199781e-05,0.0,-5.697234626024133e-06,,1.0028867932984345e-06,661113.93499598
25.200000000000006,0.0,0.0,2.3872917531697623e-14,7.565044896586881,103.76060357527165,92.88134843607773,210.41400146484372,133.59300231933594,217.97799682617188,133.46699523925778,0.0,0.0,-2.885752352603887e-05,0.0,-5.6672668840806296e-06,,1e-06,inf
25.25,1.8015691991732826e-06,0.0,2.3872917531697623e-14,7.565044896861379,103.7606060953141,92.88134843607773,210.41400146484372,133.59300231933594,217.97799682617188,133.46699523925778,5.004358886592452e-07,0.0,1.0008717773186183e-05,0.0,-4.054869236817928e-06,,1.0010009969953578e-06,720450.5581555745
25.3,1.4406958416085357e-06,0.0,2.3872917531697623e-14,7.565044896861379,103.7606060953141,92.88134843607773,210.41400146484372,133.59300231933594,217.97799682617188,133.46699523925778,4.0019328933570436e-07,0.0,-2.004851986470788e-06,0.0,-1.7138527229650874e-06,,1.0008004666560059e-06,727394.6441570976
25.35,2.332233796379258e-06,0.0,2.3872917531697623e-14,7.565044897086388,103.76060815528322,92.88134843607773,210.41400146484372,133.59300231933594,217.97799682617188,133.46699523925778,6.478427212164605e-07,0.0,4.952988637615052e-06,0.0,3.1015418399962703e-07,,1.0012958952925286e-06,710476.7693471452
25.4,2.0530106128436592e-06,0.0,2.3872917531697623e-14,7.565044897203494,103.76060922537287,92.88134843607773,210.41400146484372,133.59300231933594,217.97799682617188,133.46699523925778,5.702807257899054e-07,0.0,-1.55123990853119e-06,0.0,1.46779671256196e-06,,1.001140724061633e-06,715690.0647629835
25.450000000000006,2.83392903377486e-06,0.0,2.3872917531697623e-14,7.565044897203494,103.76060922537287,92.88134843607773,210.41400146484372,133.59300231933594,217.97799682617188,133.46699523925778,7.872025093819055e-07,0.0,4.338435671839324e-06,0.0,1.6418750771904056e-06,,1.001574714862659e-06,701298.1253132108
25.5,4.373096187569812e-06,0.0,2.3872917531697623e-14,7.56504489738765,103.76061090536236,92.88134843607773,210.41400146484372,133.59300231933594,217.97799682617188,133.46699523925778,1.2147489409916146e-06,0.0,8.550928632195274e-06,0.0,8.88933441256391e-07,,1.002430235689478e-06,674562.1268200002
25.55,3.462349500148258e-06,0.0,2.3872917531697623e-14,7.56504489738765,103.76061090536236,92.88134843607773,210.41400146484372,133.59300231933594,217.97799682617188,133.46699523925778,9.617637500411828e-07,0.0,-5.059703819008563e-06,0.0,-4.6320498732475164e-07,,1.0019239899948378e-06,690130.2627835987
25.6,3.970842221661096e-06,0.0,2.3872917531697623e-14,7.56504489751722,103.76061208534807,92.88134843607773,210.41400146484372,133.59300231933594,217.97799682617188,133.46699523925778,1.1030117282391935e-06,0.0,2.8249595639601733e-06,0.0,-1.6801100662852291e-06,,1.0022066317739147e-06,681350.7075991306
25.65,4.893828498502725e-07,0.0,2.3872917531697623e-14,7.56504489751722,103.76061208534807,92.88134843607773,210.41400146484372,133.59300231933594,217.97799682617188,133.46699523925778,1.3593968051396457e-07,0.0,-1.9341440954505677e-05,0.0,-1.9488203497754687e-06,,1.0002718886008264e-06,746358.5159312647
25.700000000000006,1.0664828168566885e-06,0.0,2.3872917531697623e-14,7.56504489751722,103.76061208534807,92.88134843607773,210.41400146484372,133.59300231933594,217.97799682617188,133.46699523925778,2.962452269046357e-07,0.0,3.2061109278129213e-06,0.0,-9.758769666529761e-07,,1.0005925343344264e-06,734738.2206621647
25.75,1.6450750551223285e-06,0.0,2.3872917531697623e-14,7.565044897579873,103.76061265531747,92.88134843607773,210.41400146484372,133.59300231933594,217.97799682617188,133.46699523925778,4.569652930895357e-07,0.0,3.2144013236984108e-06,0.0,7.873575920679475e-07,,1.0009140349948187e-06,723445.5394605944
25.8,2.2167754070396e-06,0.0,2.3872917531697623e-14,7.565044897579873,103.76061265531747,92.88134843607773,210.41400146484372,133.59300231933594,217.97799682617188,133.46699523925778,6.157709463998889e-07,0.0,3.1761130662070184e-06,0.0,2.4773187373198723e-06,,1.001231731479729e-06,712623.2221641326
25.85,2.6904163651841217e-06,0.0,2.3872917531697623e-14,7.565044897579873,103.76061265531747,92.88134843607773,210.41400146484372,133.59300231933594,217.97799682617188,133.46699523925778,7.473378792178116e-07,0.0,2.6313386563584166e-06,0.0,3.259678811142427e-06,,1.0014949550153886e-06,703899.4198003621
25.9,5.189789088837883e-06,0.0,2.3872917531697623e-14,7.565044897579873,103.76061265531747,92.88134843607773,210.41400146484372,133.59300231933594,217.97799682617188,133.46699523925778,1.4416080802327454e-06,0.0,1.3885404020299465e-05,0.0,2.610702487256145e-06,,1.0028842552773939e-06,661187.2076486984
25.950000000000006,5.77199678129907e-06,0.0,2.3872917531697623e-14,7.565044897579873,103.76061265531747,92.88134843607773,210.41400146484372,133.59300231933594,217.97799682617188,133.46699523925778,1.6033324392497415e-06,0.0,3.2344871803394177e-06,0.0,6.236709982565977e-07,,1.0032079502159547e-06,651971.7449437327
26.0,5.151596434226893e-06,0.0,2.3872917531697623e-14,7.565044897579873,103.76061265531747,92.88134843607773,210.41400146484372,133.59300231933594,217.97799682617188,133.46699523925778,1.4309990095074704e-06,0.0,-3.4466685948458634e-06,0.0,-1.8019002691936898e-06,-5.7403686600468963e-08,1.0028630218980974e-06,661800.853213951
26.05,1.7851895114455364e-06,0.0,2.3872917531697623e-14,7.565044897579873,103.76061265531747,92.88134843607773,210.41400146484372,133.59300231933594,217.97799682617188,133.46699523925778,4.958859754015379e-07,0.0,-1.8702260682118383e-05,0.0,-3.367089373750427e-06,,1.0009918949022534e-06,720762.8698815451
26.1,1.4463429219380375e-06,0.0,2.3872917531697623e-14,7.565044897579873,103.76061265531747,92.88134843607773,210.41400146484372,133.59300231933594,217.97799682617188,133.46699523925778,4.01761922760566e-07,0.0,-1.8824810528194121e-06,0.0,-3.2488295443395634e-06,,1.0008036045518423e-06,727284.9497762928
26.15,7.802514544619595e-07,0.0,2.3872917531697623e-14,7.565044897579873,103.76061265531747,92.88134843607773,210.41400146484372,133.59300231933594,217.97799682617188,133.46699523925778,2.1673651512832208e-07,0.0,-3.7005081526450883e-06,0.0,-1.6294523840759387e-06,,1.0004334965176152e-06,740456.1022375406
26.200000000000006,8.350549877207805e-07,0.0,2.3872917531697623e-14,7.565044897697603,103.76061372529072,92.88134843607773,210.41400146484372,133.59300231933594,217.97799682617188,133.46699523925778,2.3195971881132792e-07,0.0,3.0446407366006913e-07,0.0,5.477169724138752e-07,,1.0004639463402784e-06,739354.4448566743
26.25,2.7824916415994284e-06,0.0,2.3872917531697623e-14,7.565044897697603,103.76061372529072,92.88134843607773,210.41400146484372,133.59300231933594,217.97799682617188,133.46699523925778,7.7291434488873e-07,0.0,1.0819092521549427e-05,0.0,2.220533771557269e-06,,1.0015461273880696e-06,702228.2602002568
26.3,3.433300064488903e-06,0.0,2.3872917531697623e-14,7.565044897697603,103.76061372529072,92.88134843607773,210.41400146484372,133.59300231933594,217.97799682617188,133.46699523925778,9.536944623580284e-07,0.0,3.6156023493859168e-06,0.0,2.714375532309081e-06,,1.00190784369128e-06,690638.6629364734
26.35,4.12113393217085e-06,0.0,2.3872917531697623e-14,7.565044897697603,103.76061372529072,92.88134843607773,210.41400146484372,133.59300231933594,217.97799682617188,133.46699523925778,1.1447594256030139e-06,0.0,3.821299264899655e-06,0.0,1.9274824693861314e-06,,1.0022901740882772e-06,678798.4028007207
26.4,4.258273840422869e-06,0.0,2.3872917531697623e-14,7.565044897697603,103.76061372529072,92.88134843607773,210.41400146484372,133.59300231933594,217.97799682617188,133.46699523925778,1.182853844561908e-06,0.0,7.618883791779233e-07,0.0,3.2906670466265556e-07,,1.0023664072607326e-06,676486.0743822021
26.450000000000006,5.458459551539623e-06,0.0,2.3872917531697623e-14,7.565044897697603,103.76061372529072,92.88134843607773,210.41400146484372,133.59300231933594,217.97799682617188,133.46699523925778,1.516238764316562e-06,0.0,6.66769839509204e-06,0.0,-1.1428308933405225e-06,,1.0030336270186282e-06,656902.4012543174
26.5,5.150544369280965e-07,0.0,2.3872917531697623e-14,7.565044897697603,103.76061372529072,92.88134843607773,210.41400146484372,133.59300231933594,217.97799682617188,133.46699523925778,1.4307067692447125e-07,0.0,-2.7463361747845327e-05,0.0,-1.4849213633117626e-06,,1.0002861515884582e-06,745833.7951748786
26.55,1.1671890080289742e-06,0.0,2.3872917531697623e-14,7.565044897697603,103.76061372529072,92.88134843607773,210.41400146484372,133.59300231933594,217.97799682617188,133.46699523925778,3.242191688969373e-07,0.0,3.6229698394492695e-06,0.0,-3.6170206334383633e-07,,1.0006484908968285e-06,732747.41401154
26.6,3.0553426479421484e-06,0.0,2.3872917531697623e-14,7.565044897697603,103.76061372529072,92.88134843607773,210.41400146484372,133.59300231933594,217.97799682617188,133.46699523925778,8.487062910950412e-07,0.0,1.048974244396193e-05,0.0,1.5161457479038504e-06,,1.0016977727333743e-06,697322.3068917653
26.65,3.2273864522205324e-06,0.0,2.3872917531697623e-14,7.565044897697603,103.76061372529072,92.88134843607773,210.41400146484372,133.59300231933594,217.97799682617188,133.46699523925778,8.964962367279256e-07,0.0,9.55798912657743e-07,0.0,2.9098389003082054e-06,,1.001793394326207e-06,694263.984802631
26.700000000000006,5.286644522820682e-06,0.0,2.3872917531697623e-14,7.565044897697603,103.76061372529072,92.88134843607773,210.41400146484372,133.59300231933594,217.97799682617188,133.46699523925778,1.4685123674501892e-06,0.0,1.1440322614443483e-05,0.0,2.906799897627713e-06,,1.0029381029991873e-06,659636.1110590623
26.75,5.389941855648615e-06,0.0,2.3872917531697623e-14,7.565044897697603,103.76061372529072,92.88134843607773,210.41400146484372,133.59300231933594,217.97799682617188,133.46699523925778,1.4972060710135042e-06,0.0,5.738740712663731e-07,0.0,1.3391598844907207e-06,,1.0029955329550367e-06,657989.849966282
26.8,6.1451863068241285e-06,0.0,2.3872917531697623e-14,7.565044897697603,103.76061372529072,92.88134843607773,210.41400146484372,133.59300231933594,217.97799682617188,133.46699523925778,1.7069961963400355e-06,0.0,4.195802506530568e-06,0.0,-1.1941872953435245e-06,,1.003415449310687e-06,646198.6295052071
26.85,5.561459101018579e-06,0.0,2.3872917531697623e-14,7.565044897697603,103.76061372529072,92.88134843607773,210.41400146484372,133.59300231933594,217.97799682617188,133.46699523925778,1.5448497502829385e-06,0.0,-3.2429289211418946e-06,0.0,-3.48884108653627e-06,,1.0030908927809413e-06,655274.4350364716
26.9,2.0601567751928766e-07,0.0,2.3872917531697623e-14,7.565044897697603,103.76061372529072,92.88134843607773,210.41400146484372,133.59300231933594,217.97799682617188,133.46699523925778,5.7226577088691014e-08,0.0,-2.9752463463886642e-05,0.0,-4.31915637300472e-06,,1.0001144547916178e-06,752199.9071723697
26.950000000000006,7.556544262645779e-07,0.0,2.3872917531697623e-14,7.565044897697603,103.76061372529072,92.88134843607773,210.41400146484372,133.59300231933594,217.97799682617188,133.46699523925778,2.0990400729571609e-07,0.0,3.053548604140024e-06,0.0,-3.333934006727196e-06,,1.0004198300444378e-06,740951.6183787654
27.0,1.408099690222467e-06,0.0,2.3872917531697623e-14,7.565044897697603,103.76061372529072,92.88134843607773,210.41400146484372,133.59300231933594,217.97799682617188,133.46699523925778,3.911388028395741e-07,0.0,3.6246959108776244e-06,0.0,-1.3634109118076868e-06,4.3848935738600303e-07,1.0007823541004608e-06,728028.4713000188
27.05,2.0947473796669123e-06,0.0,2.3872917531697623e-14,7.565044897697603,103.76061372529072,92.88134843607773,210.41400146484372,133.59300231933594,217.97799682617188,133.46699523925778,5.818742721296978e-07,0.0,3.81470938580242e-06,0.0,3.3094394271805294e-07,,1.0011639178330937e-06,714905.9517388378
27.1,2.6096293805413792e-06,0.0,2.3872917531697623e-14,7.565044897697603,103.76061372529072,92.88134843607773,210.41400146484372,133.59300231933594,217.97799682617188,133.46699523925778,7.248970501503831e-07,0.0,2.8604555604136648e-06,0.0,9.963208883665656e-07,,1.0014500568381674e-06,705372.2625329561
27.15,2.506023636765384e-06,0.0,2.3872917531697623e-14,7.565044897697603,103.76061372529072,92.88134843607773,210.41400146484372,133.59300231933594,217.97799682617188,133.46699523925778,6.961176768792733e-07,0.0,-5.755874654222289e-07,0.0,6.076766633362957e-07,,1.0013924776436686e-06,707270.1634584857
27.200000000000006,3.0209602534047887e-06,0.0,2.3872917531697623e-14,7.565044897697603,103.76061372529072,92.88134843607773,210.41400146484372,133.59300231933594,217.97799682617188,133.46699523925778,8.391556259457746e-07,0.0,2.860758981329578e-06,0.0,-4.1925079089627405e-07,,1.0016786633429739e-06,697936.7359196405
27.25,3.5358999768248375e-06,0.0,2.3872917531697623e-14,7.565044897697603,103.76061372529072,92.88134843607773,210.41400146484372,133.59300231933594,217.97799682617188,133.46699523925778,9.821944380068993e-07,0.0,2.8607762412228615e-06,0.0,-1.4410989593503635e-06,,1.0019648712289708e-06,688846.3813312836
27.3,0.0,0.0,2.3872917531697623e-14,7.565044897697603,103.76061372529072,92.88134843607773,210.41400146484372,133.59300231933594,217.97799682617188,133.46699523925778,0.0,0.0,-1.9643888760137708e-05,0.0,-1.7740438138108484e-06,,1e-06,inf
27.35,6.524196335903994e-07,0.0,2.3872917531697623e-14,7.565044897697603,103.76061372529072,92.88134843607773,210.41400146484372,133.59300231933594,217.97799682617188,133.46699523925778,1.8122767599733315e-07,0.0,3.6245535199466115e-06,0.0,-1.0831360219740675e-06,,1.00036247177373e-06,743038.5743688366
27.4,1.3405728015774084e-06,0.0,2.3872917531697623e-14,7.565044897697603,103.76061372529072,92.88134843607773,210.41400146484372,133.59300231933594,217.97799682617188,133.46699523925778,3.7238133377150235e-07,0.0,3.823073155483602e-06,0.0,3.659544781545841e-07,,1.0007448320014717e-06,729345.0418243421
27.450000000000006,7.244994529182961e-07,0.0,2.3872917531697623e-14,7.565044897697603,103.76061372529072,92.88134843607773,210.41400146484372,133.59300231933594,217.97799682617188,133.46699523925778,2.0124984803286002e-07,0.0,-3.4226297147723116e-06,0.0,1.926082952872737e-06,,1.0004025199468165e-06,741580.1995239236
27.5,2.677862718309008e-06,0.0,2.3872917531697623e-14,7.565044897697603,103.76061372529072,92.88134843607773,210.41400146484372,133.59300231933594,217.97799682617188,133.46699523925778,7.438507550858355e-07,0.0,1.0852018141060898e-05,0.0,2.963782849700383e-06,,1.0014879781671445e-06,704127.8839541329
27.55,3.330236470189879e-06,0.0,2.3872917531697623e-14,7.565044897697603,103.76061372529072,92.88134843607773,210.41400146484372,133.59300231933594,217.97799682617188,133.46699523925778,9.250656861638552e-07,0.0,3.624298621560342e-06,0.0,3.0519941603518598e-06,,1.0018505592455896e-06,692448.4588937913
27.6,4.016781742703007e-06,0.0,2.3872917531697623e-14,7.565044897697603,103.76061372529072,92.88134843607773,210.41400146484372,133.59300231933594,217.97799682617188,133.46699523925778,1.115772706306391e-06,0.0,3.8141404028506602e-06,0.0,2.0397817789247305e-06,,1.0022321678869788e-06,680568.5126510073
27.65,4.668975755369573e-06,0.0,2.3872917531697623e-14,7.565044897697603,103.76061372529072,92.88134843607773,210.41400146484372,133.59300231933594,217.97799682617188,133.46699523925778,1.2969377098248815e-06,0.0,3.6233000703700163e-06,0.0,2.0761488013739161e-07,,1.0025947164433614e-06,669654.4755768925
27.700000000000006,5.321172516359228e-06,0.0,2.3872917531697623e-14,7.565044897697603,103.76061372529072,92.88134843607773,210.41400146484372,133.59300231933594,217.97799682617188,133.46699523925778,1.4781034767664522e-06,0.0,3.6233153388308475e-06,0.0,-1.6205084245651997e-06,,1.002957299348477e-06,659084.9187769115
27.75,4.1196743128110107e-07,0.0,2.3872917531697623e-14,7.565044897697603,103.76061372529072,92.88134843607773,210.41400146484372,133.59300231933594,217.97799682617188,133.46699523925778,1.1443539757808363e-07,0.0,-2.727336158377086e-05,0.0,-2.4208338779959495e-06,,1.0002288773428864e-06,747945.3474495534
27.8,1.098552881011437e-06,0.0,2.3872917531697623e-14,7.565044897697603,103.76061372529072,92.88134843607773,210.41400146484372,133.59300231933594,217.97799682617188,133.46699523925778,3.0515357805873254e-07,0.0,3.8143636096129243e-06,0.0,-1.7572509541826578e-06,,1.0006103537154707e-06,734103.0718653969
27.85,1.7850999178363297e-06,0.0,2.3872917531697623e-14,7.565044897697603,103.76061372529072,92.88134843607773,210.41400146484372,133.59300231933594,217.97799682617188,133.46699523925778,4.958610882878693e-07,0.0,3.814150204582681e-06,0.0,-2.1286863890216998e-07,,1.000991845115685e-06,720764.5789195221
27.9,2.4717078530313703e-06,0.0,2.3872917531697623e-14,7.565044897697603,103.76061372529072,92.88134843607773,210.41400146484372,133.59300231933594,217.97799682617188,133.46699523925778,6.865855147309362e-07,0.0,3.814488528861554e-06,0.0,1.1076356240967708e-06,,1.0013734067292964e-06,707901.030433861
27.950000000000006,3.158345658985813e-06,0.0,2.3872917531697623e-14,7.565044897697603,103.76061372529072,92.88134843607773,210.41400146484372,133.59300231933594,217.97799682617188,133.46699523925778,8.773182386071703e-07,0.0,3.8146544775240864e-06,0.0,1.4247919824345184e-06,,1.0017550213208602e-06,695488.0542932702
28.0,3.844955500177635e-06,0.0,2.3872917531697623e-14,7.565044897697603,103.76061372529072,92.88134843607773,210.41400146484372,133.59300231933594,217.97799682617188,133.46699523925778,1.0680431944937876e-06,0.0,3.814499117732833e-06,0.0,6.525308252937954e-07,2.0159417371014823e-06,1.0021366567471204e-06,683503.376772248
28.05,3.227156620764804e-06,0.0,2.3872917531697623e-14,7.565044897697603,103.76061372529072,92.88134843607773,210.41400146484372,133.59300231933594,217.97799682617188,133.46699523925778,8.964323946568899e-07,0.0,-3.432215996737904e-06,0.0,-7.211922986288341e-07,,1.001793266584833e-06,694268.0524872666
28.1,3.913878550083264e-06,0.0,2.3872917531697623e-14,7.565044897697603,103.76061372529072,92.88134843607773,210.41400146484372,133.59300231933594,217.97799682617188,133.46699523925778,1.0871884861342398e-06,0.0,3.815121829546943e-06,0.0,-1.889364484709687e-06,,1.0021749679616706e-06,682323.107175325
28.15,1.373155809709735e-07,0.0,2.3872917531697623e-14,7.565044897697603,103.76061372529072,92.88134843607773,210.41400146484372,133.59300231933594,217.97799682617188,133.46699523925778,3.8143216936381525e-08,0.0,-2.098090538395836e-05,0.0,-2.1106722436112505e-06,,1.000076287161325e-06,753629.9028822222
28.200000000000006,7.895960536821568e-07,0.0,2.3872917531697623e-14,7.565044897697603,103.76061372529072,92.88134843607773,210.41400146484372,133.59300231933594,217.97799682617188,133.46699523925778,2.1933223713393243e-07,0.0,3.623780403950452e-06,0.0,-1.2011364290147898e-06,,1.0004386885275829e-06,740268.0255573392
28.25,1.441813271001465e-06,0.0,2.3872917531697623e-14,7.565044897697603,103.76061372529072,92.88134843607773,210.41400146484372,133.59300231933594,217.97799682617188,133.46699523925778,4.005036863892958e-07,0.0,3.623428985107731e-06,0.0,3.160812603365857e-07,,1.0008010875743799e-06,727372.9355625017
28.3,2.0940600615102237e-06,0.0,2.3872917531697623e-14,7.565044897697603,103.76061372529072,92.88134843607773,210.41400146484372,133.59300231933594,217.97799682617188,133.46699523925778,5.816833504195065e-07,0.0,3.6235932806041633e-06,0.0,1.6592290573431044e-06,,1.0011635358785991e-06,714918.8505435374
28.35,2.643322696823205e-06,0.0,2.3872917531697623e-14,7.565044897697603,103.76061372529072,92.88134843607773,210.41400146484372,133.59300231933594,217.97799682617188,133.46699523925778,7.342563046731125e-07,0.0,3.051459085072076e-06,0.0,2.3344409146687787e-06,,1.0014687821755066e-06,704757.2447477514
28.4,3.158254899556341e-06,0.0,2.3872917531697623e-14,7.565044897697603,103.76061372529072,92.88134843607773,210.41400146484372,133.59300231933594,217.97799682617188,133.46699523925778,8.772930276545391e-07,0.0,2.8607344596286934e-06,0.0,2.2153792333437903e-06,,1.0017549708768373e-06,695489.6662675315
28.450000000000006,3.67318969135065e-06,0.0,2.3872917531697623e-14,7.565044897697603,103.76061372529072,92.88134843607773,210.41400146484372,133.59300231933594,217.97799682617188,133.46699523925778,1.020330469819625e-06,0.0,2.860748843301271e-06,0.0,1.3309625668004588e-06,,1.0020411814767733e-06,686462.6172885924
28.5,4.256785124553122e-06,0.0,2.3872917531697623e-14,7.565044897697603,103.76061372529072,92.88134843607773,210.41400146484372,133.59300231933594,217.97799682617188,133.46699523925778,1.1824403123758673e-06,0.0,3.242196851125261e-06,0.0,-1.1779279174746016e-07,,1.002365579707298e-06,676511.0911725762
28.55,4.909032122060828e-06,0.0,2.3872917531697623e-14,7.565044897697603,103.76061372529072,92.88134843607773,210.41400146484372,133.59300231933594,217.97799682617188,133.46699523925778,1.3636200339057856e-06,0.0,3.6235944305983143e-06,0.0,-1.53883346975515e-06,,1.00272816979761e-06,665724.9076549265
28.6,5.149386624763027e-07,0.0,2.3872917531697623e-14,7.565044897697603,103.76061372529072,92.88134843607773,210.41400146484372,133.59300231933594,217.97799682617188,133.46699523925778,1.4303851735452853e-07,0.0,-2.4411630331024793e-05,0.0,-2.1038819497461225e-06,,1.0002860872647177e-06,745836.1599193346
28.65,1.167202385033766e-06,0.0,2.3872917531697623e-14,7.565044897697603,103.76061372529072,92.88134843607773,210.41400146484372,133.59300231933594,217.97799682617188,133.46699523925778,3.242228847316017e-07,0.0,3.623687347541669e-06,0.0,-1.415666084112428e-06,,1.0006484983297027e-06,732747.1502853234
28.700000000000006,1.8537588047719238e-06,0.0,2.3872917531697623e-14,7.565044897697603,103.76061372529072,92.88134843607773,210.41400146484372,133.59300231933594,217.97799682617188,133.46699523925778,5.149330013255343e-07,0.0,3.814202331878057e-06,0.0,6.912981216039441e-08,,1.0010299985806491e-06,719457.2610918145
28.75,2.4373575650871684e-06,0.0,2.3872917531697623e-14,7.565044897697603,103.76061372529072,92.88134843607773,210.41400146484372,133.59300231933594,217.97799682617188,133.46699523925778,6.77043768079769e-07,0.0,3.2422153350851076e-06,0.0,1.4235402756875414e-06,,1.0013543167302916e-06,708533.6598801027
28.8,3.020944104339141e-06,0.0,2.3872917531697623e-14,7.565044897697603,103.76061372529072,92.88134843607773,210.41400146484372,133.59300231933594,217.97799682617188,133.46699523925778,8.391511400942058e-07,0.0,3.2421474402886896e-06,0.0,1.917160852510075e-06,,1.0016786543675064e-06,697937.0247651932
28.85,3.6731887424192583e-06,0.0,2.3872917531697623e-14,7.565044897697603,103.76061372529072,92.88134843607773,210.41400146484372,133.59300231933594,217.97799682617188,133.46699523925778,1.0203302062275718e-06,0.0,3.6235813226672686e-06,0.0,1.2906546809282498e-06,,1.00204118094932e-06,686462.6337078908
28.9,4.325436996722876e-06,0.0,2.3872917531697623e-14,7.565044897697603,103.76061372529072,92.88134843607773,210.41400146484372,133.59300231933594,217.97799682617188,133.46699523925778,1.2015102768674656e-06,0.0,3.623601412798081e-06,0.0,-2.2008967874731626e-07,,1.0024037423672078e-06,675359.367684586
28.950000000000006,4.9433436602321295e-06,0.0,2.3872917531697623e-14,7.565044897697603,103.76061372529072,92.88134843607773,210.41400146484372,133.59300231933594,217.97799682617188,133.46699523925778,1.373151016731147e-06,0.0,3.432814797273092e-06,0.0,-1.8474277187068514e-06,,1.0027472448053195e-06,665167.0136595034
29.0,2.059739805619959e-07,0.0,2.3872917531697623e-14,7.565044897697603,103.76061372529072,92.88134843607773,210.41400146484372,133.59300231933594,217.97799682617188,133.46699523925778,5.721499460055442e-08,0.0,-2.6318720442615217e-05,0.0,-2.5781199390298337e-06,-3.2306507643236292e-06,1.0001144316259788e-06,752200.7734506093
29.05,7.209159184047796e-07,0.0,2.3872917531697623e-14,7.565044897697603,103.76061372529072,92.88134843607773,210.41400146484372,133.59300231933594,217.97799682617188,133.46699523925778,2.0025442177910544e-07,0.0,2.86078854357098e-06,0.0,-1.8998164370130225e-06,,1.0004005288944748e-06,741652.5691305378
29.1,1.3045004749488006e-06,0.0,2.3872917531697623e-14,7.565044897697603,103.76061372529072,92.88134843607773,210.41400146484372,133.59300231933594,217.97799682617188,133.46699523925778,3.623612430413335e-07,0.0,3.242136425244515e-06,0.0,-2.7037262164893257e-07,,1.000724788138918e-06,730050.296478303
29.15,1.9567445839640157e-06,0.0,2.3872917531697623e-14,7.565044897697603,103.76061372529072,92.88134843607773,210.41400146484372,133.59300231933594,217.97799682617188,133.46699523925778,5.435401622122266e-07,0.0,3.6235783834180683e-06,0.0,1.29763278659759e-06,,1.0010872280423784e-06,717505.2004648804
29.200000000000006,2.608999408684539e-06,0.0,2.3872917531697623e-14,7.565044897697603,103.76061372529072,92.88134843607773,210.41400146484372,133.59300231933594,217.97799682617188,133.46699523925778,7.247220579679274e-07,0.0,3.62363791511345e-06,0.0,1.9810536790566358e-06,,1.0014497067269666e-06,705383.7718877903
29.25,3.2955750919127066e-06,0.0,2.3872917531697623e-14,7.565044897697603,103.76061372529072,92.88134843607773,210.41400146484372,133.59300231933594,217.97799682617188,133.46699523925778,9.154375255313074e-07,0.0,3.814309351268087e-06,0.0,1.4817393145605112e-06,,1.001831294063994e-06,693059.2456786907
29.3,3.982140969121504e-06,0.0,2.3872917531697623e-14,7.565044897697603,103.76061372529072,92.88134843607773,210.41400146484372,133.59300231933594,217.97799682617188,133.46699523925778,1.1061502692004177e-06,0.0,3.8142548733821535e-06,0.0,4.6704719388598156e-08,,1.0022129123226098e-06,681158.1614087276
29.35,4.634397175056219e-06,0.0,2.3872917531697623e-14,7.565044897697603,103.76061372529072,92.88134843607773,210.41400146484372,133.59300231933594,217.97799682617188,133.46699523925778,1.2873325486267274e-06,0.0,3.6236455885261406e-06,0.0,-1.540614781132245e-06,,1.0025754937097987e-06,670224.3302486913
29.4,0.0,0.0,2.3872917531697623e-14,7.565044897697603,103.76061372529072,92.88134843607773,210.41400146484372,133.59300231933594,217.97799682617188,133.46699523925778,0.0,0.0,-2.5746650972536012e-05,0.0,-2.275098050869371e-06,,1e-06,inf
29.450000000000006,6.52255561269346e-07,0.0,2.3872917531697623e-14,7.565044897697603,103.76061372529072,92.88134843607773,210.41400146484372,133.59300231933594,217.97799682617188,133.46699523925778,1.811821003525961e-07,0.0,3.6236420070513555e-06,0.0,-1.6601565677693197e-06,,1.000362380614182e-06,743041.9005505862
29.5,1.2701827420727714e-06,0.0,2.3872917531697623e-14,7.565044897697603,103.76061372529072,92.88134843607773,210.41400146484372,133.59300231933594,217.97799682617188,133.46699523925778,3.5282853946465873e-07,0.0,3.4329287822416913e-06,0.0,-1.2165399544961856e-07,,1.0007057193229183e-06,730722.5140317825
29.55,1.7851032240603074e-06,0.0,2.3872917531697623e-14,7.565044897697603,103.76061372529072,92.88134843607773,210.41400146484372,133.59300231933594,217.97799682617188,133.46699523925778,4.958620066834187e-07,0.0,2.860669344375159e-06,0.0,1.439296339451581e-06,,1.0009918469529316e-06,720764.5158520978
29.6,2.4716802175627387e-06,0.0,2.3872917531697623e-14,7.565044897697603,103.76061372529072,92.88134843607773,210.41400146484372,133.59300231933594,217.97799682617188,133.46699523925778,6.865778382118718e-07,0.0,3.8143166305690084e-06,0.0,2.360583897941335e-06,,1.0013733913709877e-06,707901.5389423693
29.65,3.020944052626155e-06,0.0,2.3872917531697623e-14,7.565044897697603,103.76061372529072,92.88134843607773,210.41400146484372,133.59300231933594,217.97799682617188,133.46699523925778,8.391511257294874e-07,0.0,3.0514657503524855e-06,0.0,2.4055711028704203e-06,,1.0016786543387648e-06,697937.0256901429
29.700000000000006,3.673188740573961e-06,0.0,2.3872917531697623e-14,7.565044897697603,103.76061372529072,92.88134843607773,210.41400146484372,133.59300231933594,217.97799682617188,133.46699523925778,1.0203302057149892e-06,0.0,3.6235815997094686e-06,0.0,1.5589431422352406e-06,,1.0020411809482942e-06,686462.6337398199
29.75,4.325436990235895e-06,0.0,2.3872917531697623e-14,7.565044897697603,103.76061372529072,92.88134843607773,210.41400146484372,133.59300231933594,217.97799682617188,133.46699523925778,1.2015102750655264e-06,0.0,3.6236013870112083e-06,0.0,3.116347344538323e-08,,1.0024037423636018e-06,675359.3677932281
29.8,5.012033644638698e-06,0.0,2.3872917531697623e-14,7.565044897697603,103.76061372529072,92.88134843607773,210.41400146484372,133.59300231933594,217.97799682617188,133.46699523925778,1.3922315679551938e-06,0.0,3.8144258577932933e-06,0.0,-1.5295755751391308e-06,,1.0027854322902797e-06,664052.9427945487
29.85,4.119611648053402e-07,0.0,2.3872917531697623e-14,7.565044897697603,103.76061372529072,92.88134843607773,210.41400146484372,133.59300231933594,217.97799682617188,133.46699523925778,1.1443365689037228e-07,0.0,-2.5555958221296067e-05,0.0,-2.2209184753384096e-06,,1.0002288738613116e-06,747945.4761704804
29.9,1.0642029671344783e-06,0.0,2.3872917531697623e-14,7.565044897697603,103.76061372529072,92.88134843607773,210.41400146484372,133.59300231933594,217.97799682617188,133.46699523925778,2.9561193531513285e-07,0.0,3.6235655684954177e-06,0.0,-1.6021372391345935e-06,,1.0005912675638385e-06,734783.4150341883
29.950000000000006,1.7164404632715197e-06,0.0,2.3872917531697623e-14,7.565044897697603,103.76061372529072,92.88134843607773,210.41400146484372,133.59300231933594,217.97799682617188,133.46699523925778,4.7678901757542215e-07,0.0,3.6235416452052195e-06,0.0,-1.3946989625381296e-07,,1.0009536916990343e-06,722076.6672886893
30.0,2.334364925794403e-06,0.0,2.3872917531697623e-14,7.565044897697603,103.76061372529072,92.88134843607773,210.41400146484372,133.59300231933594,217.97799682617188,133.46699523925778,6.484347016095565e-07,0.0,3.432913680683125e-06,0.0,1.2111029042362736e-06,3.7892228432661073e-06,1.0012970796370003e-06,710437.2717385507
30.05,2.849291945989598e-06,0.0,2.3872917531697623e-14,7.565044897697603,103.76061372529072,92.88134843607773,210.41400146484372,133.59300231933594,217.97799682617188,133.46699523925778,7.914699849971106e-07,0.0,2.860705667751042e-06,0.0,1.7218824753773918e-06,,1.0015832531823628e-06,701020.7977425633
30.1,3.3642260489277386e-06,0.0,2.3872917531697623e-14,7.565044897697603,103.76061372529072,92.88134843607773,210.41400146484372,133.59300231933594,217.97799682617188,133.46699523925778,9.345072358132607e-07,0.0,2.860745016322961e-06,0.0,1.171327600710198e-06,,1.0018694511235134e-06,691850.5548123996
30.15,3.982139953950694e-06,0.0,2.3872917531697623e-14,7.565044897697603,103.76061372529072,92.88134843607773,210.41400146484372,133.59300231933594,217.97799682617188,133.46699523925778,1.106149987208526e-06,0.0,3.4328550279055017e-06,0.0,-1.844602020808702e-07,,1.0022129117583141e-06,681158.178703747
30.200000000000006,4.6343896461558456e-06,0.0,2.3872917531697623e-14,7.565044897697603,103.76061372529072,92.88134843607773,210.41400146484372,133.59300231933594,217.97799682617188,133.46699523925778,1.2873304572655126e-06,0.0,3.6236094011391663e-06,0.0,-1.6236450254114087e-06,,1.002575489524384e-06,670224.4544305052
30.25,1.3731558097132653e-07,0.0,2.3872917531697623e-14,7.565044897697603,103.76061372529072,92.88134843607773,210.41400146484372,133.59300231933594,217.97799682617188,133.46699523925778,3.814321693647959e-08,0.0,-2.4983744806583858e-05,0.0,-2.228837502718288e-06,,1.0000762871613255e-06,753629.9028822148
30.3,7.895769074740256e-07,0.0,2.3872917531697623e-14,7.565044897697603,103.76061372529072,92.88134843607773,210.41400146484372,133.59300231933594,217.97799682617188,133.46699523925778,2.1932691874278488e-07,0.0,3.623674036126054e-06,0.0,-1.5575298173248854e-06,,1.0004386778896343e-06,740268.4108111769
30.35,1.4418108743084396e-06,0.0,2.3872917531697623e-14,7.565044897697603,103.76061372529072,92.88134843607773,210.41400146484372,133.59300231933594,217.97799682617188,133.46699523925778,4.0050302064123323e-07,0.0,3.6235220379689154e-06,0.0,-2.5008988068430487e-08,,1.000801086242617e-06,727372.9821224731
30.4,2.025404061417923e-06,0.0,2.3872917531697623e-14,7.565044897697603,103.76061372529072,92.88134843607773,210.41400146484372,133.59300231933594,217.97799682617188,133.46699523925778,5.626122392827564e-07,0.0,3.2421843728306472e-06,0.0,1.533295987307939e-06,,1.0011253827448312e-06,716209.65783094
30.450000000000006,2.540333029478506e-06,0.0,2.3872917531697623e-14,7.565044897697603,103.76061372529072,92.88134843607773,210.41400146484372,133.59300231933594,217.97799682617188,133.46699523925778,7.056480637440294e-07,0.0,2.860716489225014e-06,0.0,2.5194863640371935e-06,,1.001411545097083e-06,706640.5370934564
30.5,3.0552682403084803e-06,0.0,2.3872917531697623e-14,7.565044897697603,103.76061372529072,92.88134843607773,210.41400146484372,133.59300231933594,217.97799682617188,133.46699523925778,8.486856223079112e-07,0.0,2.8607511712780002e-06,0.0,2.673306694065664e-06,,1.0016977313782587e-06,697323.6354219508
30.55,3.7075319693710562e-06,0.0,2.3872917531697623e-14,7.565044897697603,103.76061372529072,92.88134843607773,210.41400146484372,133.59300231933594,217.97799682617188,133.46699523925778,1.02986999149196e-06,0.0,3.623687383680927e-06,0.0,1.8466898764266216e-06,,1.0020602702990835e-06,685868.9090200521
30.6,5.664281007936228e-06,0.0,2.3872917531697623e-14,7.565044897697603,103.76061372529072,92.88134843607773,210.41400146484372,133.59300231933594,217.97799682617188,133.46699523925778,1.5734113910933966e-06,0.0,1.0870827992028576e-05,0.0,1.395762215027913e-07,,1.0031480605938896e-06,653657.304839217
30.65,5.012036029286004e-06,0.0,2.3872917531697623e-14,7.565044897697603,103.76061372529072,92.88134843607773,210.41400146484372,133.59300231933594,217.97799682617188,133.46699523925778,1.3922322303572232e-06,0.0,-3.6235832147236726e-06,0.0,-1.731619838931152e-06,,1.002785433616006e-06,664052.9041831504
30.700000000000006,5.149386624763027e-07,0.0,2.3872917531697623e-14,7.565044897697603,103.76061372529072,92.88134843607773,210.41400146484372,133.59300231933594,217.97799682617188,133.46699523925778,1.4303851735452853e-07,0.0,-2.4983874260049986e-05,0.0,-2.6671357530463236e-06,,1.0002860872647177e-06,745836.1599193346
30.75,1.16720331832942e-06,0.0,2.3872917531697623e-14,7.565044897697603,103.76061372529072,92.88134843607773,210.41400146484372,133.59300231933594,217.97799682617188,133.46699523925778,3.242231439803944e-07,0.0,3.6236925325177812e-06,0.0,-2.1021860364410544e-06,,1.0006484988482842e-06,732747.1318855067
30.8,1.6821247672417916e-06,0.0,2.3872917531697623e-14,7.565044897697603,103.76061372529072,92.88134843607773,210.41400146484372,133.59300231933594,217.97799682617188,133.46699523925778,4.6725687978938656e-07,0.0,2.8606747161798024e-06,0.0,-5.327180589502904e-07,,1.0009346229240747e-06,722734.2353949968
30.85,2.197046047563308e-06,0.0,2.3872917531697623e-14,7.565044897697603,103.76061372529072,92.88134843607773,210.41400146484372,133.59300231933594,217.97799682617188,133.46699523925778,6.102905687675856e-07,0.0,2.86067377956394e-06,0.0,9.929588894121382e-07,,1.0012207673648244e-06,712991.3029871248
30.9,2.780636659035217e-06,0.0,2.3872917531697623e-14,7.565044897697603,103.76061372529072,92.88134843607773,210.41400146484372,133.59300231933594,217.97799682617188,133.46699523925778,7.723990719542269e-07,0.0,3.2421700637330104e-06,0.0,1.6768683442354253e-06,,1.0015450964440718e-06,702261.8496740506
30.950000000000006,3.364233820254035e-06,0.0,2.3872917531697623e-14,7.565044897697603,103.76061372529072,92.88134843607773,210.41400146484372,133.59300231933594,217.97799682617188,133.46699523925778,9.345093945150097e-07,0.0,3.2422064512151488e-06,0.0,1.258000408799973e-06,,1.0018694554429342e-06,691850.4182265732
31.0,4.016485142558253e-06,0.0,2.3872917531697623e-14,7.565044897697603,103.76061372529072,92.88134843607773,210.41400146484372,133.59300231933594,217.97799682617188,133.46699523925778,1.1156903173772925e-06,0.0,3.6236184572461197e-06,0.0,-2.39175687702963e-08,-1.2350204730065699e-06,1.0022320030171967e-06,680573.5569900753
31.05,4.668732295226774e-06,0.0,2.3872917531697623e-14,7.565044897697603,103.76061372529072,92.88134843607773,210.41400146484372,133.59300231933594,217.97799682617188,133.46699523925778,1.2968700820074373e-06,0.0,3.623595292602844e-06,0.0,-1.443552897872591e-06,,1.0025945811000196e-06,669658.484410339
31.1,2.746308979694849e-07,0.0,2.3872917531697623e-14,7.565044897697603,103.76061372529072,92.88134843607773,210.41400146484372,133.59300231933594,217.97799682617188,133.46699523925778,7.628636054707913e-08,0.0,-2.4411674429206815e-05,0.0,-2.071823632374621e-06,,1.0001525756308987e-06,750777.0846328813
31.15,9.268779293985257e-07,0.0,2.3872917531697623e-14,7.565044897697603,103.76061372529072,92.88134843607773,210.41400146484372,133.59300231933594,217.97799682617188,133.46699523925778,2.5746609149959046e-07,0.0,3.6235946190504323e-06,0.0,-1.461725766629561e-06,,1.0005149653273934e-06,737515.9547411802
31.200000000000006,1.579131544395984e-06,0.0,2.3872917531697623e-14,7.565044897697603,103.76061372529072,92.88134843607773,210.41400146484372,133.59300231933594,217.97799682617188,133.46699523925778,4.3864765122110665e-07,0.0,3.6236311944297576e-06,0.0,-5.562280302936448e-08,,1.000877391508323e-06,724715.0349799045
31.25,2.128393375124504e-06,0.0,2.3872917531697623e-14,7.565044897697603,103.76061372529072,92.88134843607773,210.41400146484372,133.59300231933594,217.97799682617188,133.46699523925778,5.912203819790289e-07,0.0,3.0514546151588358e-06,0.0,1.227809014702581e-06,,1.001182615534728e-06,714275.0905806411
31.3,2.71197735453356e-06,0.0,2.3872917531697623e-14,7.565044897697603,103.76061372529072,92.88134843607773,210.41400146484372,133.59300231933594,217.97799682617188,133.46699523925778,7.533270429259888e-07,0.0,3.2421332189391514e-06,0.0,1.6843847038171585e-06,,1.0015069378366688e-06,703507.3766006421
31.35,3.2269122769345933e-06,0.0,2.3872917531697623e-14,7.565044897697603,103.76061372529072,92.88134843607773,210.41400146484372,133.59300231933594,217.97799682617188,133.46699523925778,8.963645213707203e-07,0.0,2.86074956889459e-06,0.0,1.1055151455038542e-06,,1.001793130777419e-06,694272.3770722337
31.4,3.741845457059449e-06,0.0,2.3872917531697623e-14,7.565044897697603,103.76061372529072,92.88134843607773,210.41400146484372,133.59300231933594,217.97799682617188,133.46699523925778,1.0394015158498468e-06,0.0,2.8607398895826928e-06,0.0,-2.388251871698548e-07,,1.0020793432094552e-06,685276.723274905
31.450000000000006,4.291099078404412e-06,0.0,2.3872917531697623e-14,7.565044897697603,103.76061372529072,92.88134843607773,210.41400146484372,133.59300231933594,217.97799682617188,133.46699523925778,1.1919719662234479e-06,0.0,3.0514090074715435e-06,0.0,-1.6269120203358418e-06,,1.002384654331031e-06,675934.9398415537
31.5,0.0,0.0,2.3872917531697623e-14,7.565044897697603,103.76061372529072,92.88134843607773,210.41400146484372,133.59300231933594,217.97799682617188,133.46699523925778,0.0,0.0,-2.3839439324472007e-05,0.0,-2.171671236497755e-06,,1e-06,inf
31.55,6.52255561269346e-07,0.0,2.3872917531697623e-14,7.565044897697603,103.76061372529072,92.88134843607773,210.41400146484372,133.59300231933594,217.97799682617188,133.46699523925778,1.811821003525961e-07,0.0,3.6236420070518705e-06,0.0,-1.4714367624720156e-06,,1.000362380614182e-06,743041.9005505862
31.6,1.3045202019376035e-06,0.0,2.3872917531697623e-14,7.565044897697603,103.76061372529072,92.88134843607773,210.41400146484372,133.59300231933594,217.97799682617188,133.46699523925778,3.6236672276044543e-07,0.0,3.623692448156935e-06,0.0,3.7767293147976365e-08,,1.000724799100342e-06,730049.91042069
31.65,1.819441388240083e-06,0.0,2.3872917531697623e-14,7.565044897697603,103.76061372529072,92.88134843607773,210.41400146484372,133.59300231933594,217.97799682617188,133.46699523925778,5.054003856222452e-07,0.0,2.860673257236158e-06,0.0,1.5113833545264469e-06,,1.0010109284860195e-06,720110.0976647371
31.700000000000006,2.437348003210104e-06,0.0,2.3872917531697623e-14,7.565044897697603,103.76061372529072,92.88134843607773,210.41400146484372,133.59300231933594,217.97799682617188,133.46699523925778,6.770411120028066e-07,0.0,3.432814527610692e-06,0.0,2.3476187008382584e-06,,1.0013543114163394e-06,708533.8361386665
31.75,3.0552725944706074e-06,0.0,2.3872917531697623e-14,7.565044897697603,103.76061372529072,92.88134843607773,210.41400146484372,133.59300231933594,217.97799682617188,133.46699523925778,8.486868317973909e-07,0.0,3.4329143958921243e-06,0.0,2.3391378611203102e-06,,1.001697733798264e-06,697323.5576793067
31.8,3.6045443795472533e-06,0.0,2.3872917531697623e-14,7.565044897697603,103.76061372529072,92.88134843607773,210.41400146484372,133.59300231933594,217.97799682617188,133.46699523925778,1.0012623276520147e-06,0.0,3.051509917092433e-06,0.0,1.4769554599074322e-06,,1.0020030259184285e-06,687652.441364172
31.85,4.256784972423987e-06,0.0,2.3872917531697623e-14,7.565044897697603,103.76061372529072,92.88134843607773,210.41400146484372,133.59300231933594,217.97799682617188,133.46699523925778,1.1824402701177743e-06,0.0,3.62355884931514e-06,0.0,-3.113992338409332e-08,,1.002365579622732e-06,676511.0937290906
31.9,4.909032178925307e-06,0.0,2.3872917531697623e-14,7.565044897697603,103.76061372529072,92.88134843607773,210.41400146484372,133.59300231933594,217.97799682617188,133.46699523925778,1.363620049701474e-06,0.0,3.623595591674202e-06,0.0,-1.5482456071537494e-06,,1.002728169829223e-06,665724.906729554
31.950000000000006,3.7762180860174005e-07,0.0,2.3872917531697623e-14,7.565044897697603,103.76061372529072,92.88134843607773,210.41400146484372,133.59300231933594,217.97799682617188,133.46699523925778,1.0489494683381668e-07,0.0,-2.5174502057349216e-05,0.0,-2.1906936353005933e-06,,1.0002097953951426e-06,748651.5136971286
32.0,1.0298863373615066e-06,0.0,2.3872917531697623e-14,7.565044897697603,103.76061372529072,92.88134843607773,210.41400146484372,133.59300231933594,217.97799682617188,133.46699523925778,2.8607953815597407e-07,0.0,3.6236918264436114e-06,0.0,-1.5312556023087555e-06,-1.5073380335384592e-06,1.000572199997063e-06,735464.3593446116
32.050000000000004,1.6821200982539155e-06,0.0,2.3872917531697623e-14,7.565044897697603,103.76061372529072,92.88134843607773,210.41400146484372,133.59300231933594,217.97799682617188,133.46699523925778,4.6725558284830983e-07,0.0,3.623520893846406e-06,0.0,-3.658868952895042e-08,,1.0009346203295865e-06,722734.3249450905
32.1,2.334366884156056e-06,0.0,2.3872917531697623e-14,7.565044897697603,103.76061372529072,92.88134843607773,210.41400146484372,133.59300231933594,217.97799682617188,133.46699523925778,6.484352455989043e-07,0.0,3.623593255012096e-06,0.0,1.3394965907858267e-06,,1.0012970807253317e-06,710437.2354449264
32.15,2.8493019377449038e-06,0.0,2.3872917531697623e-14,7.565044897697603,103.76061372529072,92.88134843607773,210.41400146484372,133.59300231933594,217.97799682617188,133.46699523925778,7.914727604846955e-07,0.0,2.8607502977159853e-06,0.0,1.8567575515662742e-06,,1.0015832587355345e-06,701020.6174451596
32.2,3.467218955418909e-06,0.0,2.3872917531697623e-14,7.565044897697603,103.76061372529072,92.88134843607773,210.41400146484372,133.59300231933594,217.97799682617188,133.46699523925778,9.631163765052524e-07,0.0,3.4328723204108467e-06,0.0,1.2672159468757962e-06,,1.001926696549588e-06,690045.114718479
32.25,4.119444028504721e-06,0.0,2.3872917531697623e-14,7.565044897697603,103.76061372529072,92.88134843607773,210.41400146484372,133.59300231933594,217.97799682617188,133.46699523925778,1.144290007917978e-06,0.0,3.623472628254716e-06,0.0,-1.869001640448646e-07,,1.0022892347156472e-06,678826.995019213
32.300000000000004,4.771693279657767e-06,0.0,2.3872917531697623e-14,7.565044897697603,103.76061372529072,92.88134843607773,210.41400146484372,133.59300231933594,217.97799682617188,133.46699523925778,1.325470355460491e-06,0.0,3.6236069508499505e-06,0.0,-1.7575145571264873e-06,,1.0026518191467527e-06,667967.3921048385
32.35,1.0298664470203106e-07,0.0,2.3872917531697623e-14,7.565044897697603,103.76061372529072,92.88134843607773,210.41400146484372,133.59300231933594,217.97799682617188,133.46699523925778,2.8607401306119737e-08,0.0,-2.59372590830889e-05,0.0,-2.466808324379448e-06,,1.0000572152118038e-06,754346.5004634976
32.4,6.522492271330146e-07,0.0,2.3872917531697623e-14,7.565044897697603,103.76061372529072,92.88134843607773,210.41400146484372,133.59300231933594,217.97799682617188,133.46699523925778,1.8118034087028183e-07,0.0,3.0514587912834156e-06,0.0,-1.8257122696388357e-06,,1.0003623770948984e-06,743042.028960951
32.45,1.3045003613807859e-06,0.0,2.3872917531697623e-14,7.565044897697603,103.76061372529072,92.88134843607773,210.41400146484372,133.59300231933594,217.97799682617188,133.46699523925778,3.623612114946627e-07,0.0,3.6236174124873086e-06,0.0,-2.6418888984240516e-07,,1.000724788075813e-06,730050.2987008329
32.5,1.8194293744550538e-06,0.0,2.3872917531697623e-14,7.565044897697603,103.76061372529072,92.88134843607773,210.41400146484372,133.59300231933594,217.97799682617188,133.46699523925778,5.053970484597371e-07,0.0,2.860716739301651e-06,0.0,1.3052032200884642e-06,,1.0010109218100078e-06,720110.3264161502
32.550000000000004,2.4373487486959017e-06,0.0,2.3872917531697623e-14,7.565044897697603,103.76061372529072,92.88134843607773,210.41400146484372,133.59300231933594,217.97799682617188,133.46699523925778,6.770413190821949e-07,0.0,3.432885412448863e-06,0.0,2.2142788741679437e-06,,1.0013543118306382e-06,708533.8223967741
32.6,3.055271168639032e-06,0.0,2.3872917531697623e-14,7.565044897697603,103.76061372529072,92.88134843607773,210.41400146484372,133.59300231933594,217.97799682617188,133.46699523925778,8.486864357330644e-07,0.0,3.432902333017585e-06,0.0,2.2457493345997624e-06,,1.0016977330057992e-06,697323.583137226
32.65,3.570199502801185e-06,0.0,2.3872917531697623e-14,7.565044897697603,103.76061372529072,92.88134843607773,210.41400146484372,133.59300231933594,217.97799682617188,133.46699523925778,9.917220841114403e-07,0.0,2.8607129675676816e-06,0.0,1.42780920971609e-06,,1.0019839359245688e-06,688249.2879466896
32.7,4.1194443508762124e-06,0.0,2.3872917531697623e-14,7.565044897697603,103.76061372529072,92.88134843607773,210.41400146484372,133.59300231933594,217.97799682617188,133.46699523925778,1.1442900974656146e-06,0.0,3.0513602670832253e-06,0.0,6.807360367218956e-10,,1.0022892348948448e-06,678826.9895646392
32.75,4.7717030491557735e-06,0.0,2.3872917531697623e-14,7.565044897697603,103.76061372529072,92.88134843607773,210.41400146484372,133.59300231933594,217.97799682617188,133.46699523925778,1.325473069209937e-06,0.0,3.6236594348866535e-06,0.0,-1.4174184563074596e-06,,1.0026518245778487e-06,667967.2320500549
32.800000000000004,5.149386624763027e-07,0.0,2.3872917531697623e-14,7.565044897697603,103.76061372529072,92.88134843607773,210.41400146484372,133.59300231933594,217.97799682617188,133.46699523925778,1.4303851735452853e-07,0.0,-2.364869103710615e-05,0.0,-2.0034322229787436e-06,,1.0002860872647177e-06,745836.1599193346
32.85,1.201511065773393e-06,0.0,2.3872917531697623e-14,7.565044897697603,103.76061372529072,92.88134843607773,210.41400146484372,133.59300231933594,217.97799682617188,133.46699523925778,3.337530738259425e-07,0.0,3.8142911294284966e-06,0.0,-1.3703989069956712e-06,,1.000667561843209e-06,732071.3823575755
32.9,1.7507763918703008e-06,0.0,2.3872917531697623e-14,7.565044897697603,103.76061372529072,92.88134843607773,210.41400146484372,133.59300231933594,217.97799682617188,133.46699523925778,4.86326775519528e-07,0.0,3.0514740338718833e-06,0.0,3.7559298798882745e-08,,1.0009727718079054e-06,721419.908004231
32.95,2.403017985781113e-06,0.0,2.3872917531697623e-14,7.565044897697603,103.76061372529072,92.88134843607773,210.41400146484372,133.59300231933594,217.97799682617188,133.46699523925778,6.675049960503092e-07,0.0,3.623564410615314e-06,0.0,1.3243177940485493e-06,,1.0013352327735604e-06,709167.2233102861
33.0,2.9522808555006403e-06,0.0,2.3872917531697623e-14,7.565044897697603,103.76061372529072,92.88134843607773,210.41400146484372,133.59300231933594,217.97799682617188,133.46699523925778,8.200780154168445e-07,0.0,3.0514603873308793e-06,0.0,1.7916683461599735e-06,3.322923948468729e-06,1.0016404922948096e-06,699167.3153297646
33.050000000000004,3.467215047487648e-06,0.0,2.3872917531697623e-14,7.565044897697603,103.76061372529072,92.88134843607773,210.41400146484372,133.59300231933594,217.97799682617188,133.46699523925778,9.63115290968791e-07,0.0,2.8607455110386887e-06,0.0,1.2035244724314348e-06,,1.0019266943774694e-06,690045.1830447814
33.1,4.1194439106977884e-06,0.0,2.3872917531697623e-14,7.565044897697603,103.76061372529072,92.88134843607773,210.41400146484372,133.59300231933594,217.97799682617188,133.46699523925778,1.14428997519383e-06,0.0,3.6234936845009858e-06,0.0,-2.0482574241837236e-07,,1.0022892346501614e-06,678826.9970125239
33.15,4.771694558004687e-06,0.0,2.3872917531697623e-14,7.565044897697603,103.76061372529072,92.88134843607773,210.41400146484372,133.59300231933594,217.97799682617188,133.46699523925778,1.3254707105568576e-06,0.0,3.6236147072607553e-06,0.0,-1.7037137375598503e-06,,1.0026518198574159e-06,667967.3711615328
33.2,2.059739805619959e-07,0.0,2.3872917531697623e-14,7.565044897697603,103.76061372529072,92.88134843607773,210.41400146484372,133.59300231933594,217.97799682617188,133.46699523925778,5.721499460055442e-08,0.0,-2.53651143191239e-05,0.0,-2.3406373366889004e-06,,1.0001144316259788e-06,752200.7734506093
33.25,7.209151705299831e-07,0.0,2.3872917531697623e-14,7.565044897697603,103.76061372529072,92.88134843607773,210.41400146484372,133.59300231933594,217.97799682617188,133.46699523925778,2.0025421403610642e-07,0.0,2.8607843887112026e-06,0.0,-1.651152338876472e-06,,1.0004005284789472e-06,741652.5842353702
33.300000000000004,1.4074815771577131e-06,0.0,2.3872917531697623e-14,7.565044897697603,103.76061372529072,92.88134843607773,210.41400146484372,133.59300231933594,217.97799682617188,133.46699523925778,3.9096710476603144e-07,0.0,3.8142578145981752e-06,0.0,-1.0514550815734036e-07,,1.0007820106371708e-06,728040.5010836517
33.35,2.094058917251879e-06,0.0,2.3872917531697623e-14,7.565044897697603,103.76061372529072,92.88134843607773,210.41400146484372,133.59300231933594,217.97799682617188,133.46699523925778,5.816830325699664e-07,0.0,3.814318556078916e-06,0.0,1.3116525273061733e-06,,1.001163535242715e-06,714918.8720180634
33.4,2.71197732664185e-06,0.0,2.3872917531697623e-14,7.565044897697603,103.76061372529072,92.88134843607773,210.41400146484372,133.59300231933594,217.97799682617188,133.46699523925778,7.533270351782916e-07,0.0,3.4328800521666997e-06,0.0,1.837515810750761e-06,,1.0015069378211677e-06,703507.3771075142
33.45,3.2269112239871213e-06,0.0,2.3872917531697623e-14,7.565044897697603,103.76061372529072,92.88134843607773,210.41400146484372,133.59300231933594,217.97799682617188,133.46699523925778,8.963642288853115e-07,0.0,2.860743874140153e-06,0.0,1.2485916629970868e-06,,1.001793130192186e-06,694272.3957082243
33.5,3.7761859387732034e-06,0.0,2.3872917531697623e-14,7.565044897697603,103.76061372529072,92.88134843607773,210.41400146484372,133.59300231933594,217.97799682617188,133.46699523925778,1.048940538548112e-06,0.0,3.0515261932561834e-06,0.0,-1.6862048752679145e-07,,1.002098431215223e-06,684685.0945847961
33.550000000000004,4.428432140231697e-06,0.0,2.3872917531697623e-14,7.565044897697603,103.76061372529072,92.88134843607773,210.41400146484372,133.59300231933594,217.97799682617188,133.46699523925778,1.2301200389532493e-06,0.0,3.623590008102438e-06,0.0,-1.6589790766067424e-06,,1.0024609966755616e-06,673638.8276756776
33.6,0.0,0.0,2.3872917531697623e-14,7.565044897697603,103.76061372529072,92.88134843607773,210.41400146484372,133.59300231933594,217.97799682617188,133.46699523925778,0.0,0.0,-2.4602400779066387e-05,0.0,-2.284569838067219e-06,,1e-06,inf
33.65,5.149408278459375e-07,0.0,2.3872917531697623e-14,7.565044897697603,103.76061372529072,92.88134843607773,210.41400146484372,133.59300231933594,217.97799682617188,133.46699523925778,1.4303911884609377e-07,0.0,2.860782376922038e-06,0.0,-1.5920854757464583e-06,,1.000286088467787e-06,745836.1156905631
33.7,1.1671826317768296e-06,0.0,2.3872917531697623e-14,7.565044897697603,103.76061372529072,92.88134843607773,210.41400146484372,133.59300231933594,217.97799682617188,133.46699523925778,3.24217397715786e-07,0.0,3.6235655773935356e-06,0.0,-5.629071531312742e-09,,1.000648487353892e-06,732747.5397187349
33.75,1.7507737047377896e-06,0.0,2.3872917531697623e-14,7.565044897697603,103.76061372529072,92.88134843607773,210.41400146484372,133.59300231933594,217.97799682617188,133.46699523925778,4.863260290938304e-07,0.0,3.242172627561072e-06,0.0,1.586365059983785e-06,,1.0009727703146909e-06,721419.95935552
33.800000000000004,2.4373506786037072e-06,0.0,2.3872917531697623e-14,7.565044897697603,103.76061372529072,92.88134843607773,210.41400146484372,133.59300231933594,217.97799682617188,133.46699523925778,6.770418551676965e-07,0.0,3.8143165214769966e-06,0.0,2.5148467096620888e-06,,1.0013543129031723e-06,708533.7868218728
33.85,3.0895963110253084e-06,0.0,2.3872917531697623e-14,7.565044897697603,103.76061372529072,92.88134843607773,210.41400146484372,133.59300231933594,217.97799682617188,133.46699523925778,8.582211975070301e-07,0.0,3.623586846786879e-06,0.0,2.5239431381505348e-06,,1.001716810666826e-06,696711.2531686573
33.9,3.741840843298985e-06,0.0,2.3872917531697623e-14,7.565044897697603,103.76061372529072,92.88134843607773,210.41400146484372,133.59300231933594,217.97799682617188,133.46699523925778,1.0394002342497182e-06,0.0,3.623580734853967e-06,0.0,1.5914628685646376e-06,,1.002079340644923e-06,685276.8028309242
33.95,4.394089064314482e-06,0.0,2.3872917531697623e-14,7.565044897697603,103.76061372529072,92.88134843607773,210.41400146484372,133.59300231933594,217.97799682617188,133.46699523925778,1.2205802956429118e-06,0.0,3.6236012278635626e-06,0.0,-5.304894543412085e-08,,1.0024419054994146e-06,674211.5557637605
34.0,5.0120303353612605e-06,0.0,2.3872917531697623e-14,7.565044897697603,103.76061372529072,92.88134843607773,210.41400146484372,133.59300231933594,217.97799682617188,133.46699523925778,1.3922306487114613e-06,0.0,3.4330070613711856e-06,0.0,-1.7209749296677857e-06,-3.512643275827759e-06,1.0027854304505125e-06,664052.9963772511
34.050000000000004,3.089621522417175e-07,0.0,2.3872917531697623e-14,7.565044897697603,103.76061372529072,92.88134843607773,210.41400146484372,133.59300231933594,217.97799682617188,133.46699523925778,8.582282006714374e-08,0.0,-2.612815657288412e-05,0.0,-2.4651681041016584e-06,,1.0001716493229126e-06,750067.2015223088
34.1,9.26879457519848e-07,0.0,2.3872917531697623e-14,7.565044897697603,103.76061372529072,92.88134843607773,210.41400146484372,133.59300231933594,217.97799682617188,133.46699523925778,2.574665159777356e-07,0.0,3.432873918212032e-06,0.0,-1.8169567097513425e-06,,1.0005149661764588e-06,737515.9242210314
34.15,1.4418111524700363e-06,0.0,2.3872917531697623e-14,7.565044897697603,103.76061372529072,92.88134843607773,210.41400146484372,133.59300231933594,217.97799682617188,133.46699523925778,4.005030979083434e-07,0.0,2.8607316386123186e-06,0.0,-2.5042930465592385e-07,,1.0008010863971824e-06,727372.9767186951
34.2,2.128388662963677e-06,0.0,2.3872917531697623e-14,7.565044897697603,103.76061372529072,92.88134843607773,210.41400146484372,133.59300231933594,217.97799682617188,133.46699523925778,5.912190730454659e-07,0.0,3.8143195027421244e-06,0.0,1.230669481579065e-06,,1.001182612916087e-06,714275.1788555254
34.25,2.7806373106347505e-06,0.0,2.3872917531697623e-14,7.565044897697603,103.76061372529072,92.88134843607773,210.41400146484372,133.59300231933594,217.97799682617188,133.46699523925778,7.723992529540973e-07,0.0,3.623603598172835e-06,0.0,1.836948387392707e-06,,1.0015450968062112e-06,702261.8378745154
34.300000000000004,3.3298996865315924e-06,0.0,2.3872917531697623e-14,7.565044897697603,103.76061372529072,92.88134843607773,210.41400146484372,133.59300231933594,217.97799682617188,133.46699523925778,9.249721351476645e-07,0.0,3.0514576438710833e-06,0.0,1.3155193905600791e-06,,1.0018503720570206e-06,692454.3883603554
34.35,3.913488357070621e-06,0.0,2.3872917531697623e-14,7.565044897697603,103.76061372529072,92.88134843607773,210.41400146484372,133.59300231933594,217.97799682617188,133.46699523925778,1.0870800991862836e-06,0.0,3.2421592807725658e-06,0.0,-6.106512340967886e-08,,1.0021747510699436e-06,682329.7775446599
34.4,4.565737133542908e-06,0.0,2.3872917531697623e-14,7.565044897697603,103.76061372529072,92.88134843607773,210.41400146484372,133.59300231933594,217.97799682617188,133.46699523925778,1.2682603148730301e-06,0.0,3.6236043137351367e-06,0.0,-1.5348254627442933e-06,,1.002537324871859e-06,671358.7267514989
34.45,1.3731558097132653e-07,0.0,2.3872917531697623e-14,7.565044897697603,103.76061372529072,92.88134843607773,210.41400146484372,133.59300231933594,217.97799682617188,133.46699523925778,3.814321693647959e-08,0.0,-2.4602341958728914e-05,0.0,-2.1655164995521974e-06,,1.0000762871613255e-06,753629.9028822148
34.5,7.552371226730195e-07,0.0,2.3872917531697623e-14,7.565044897697603,103.76061372529072,92.88134843607773,210.41400146484372,133.59300231933594,217.97799682617188,133.46699523925778,2.097880896313943e-07,0.0,3.4328974538984895e-06,0.0,-1.5076280721984195e-06,,1.000419598184784e-06,740960.0308335806
34.550000000000004,1.407483160567606e-06,0.0,2.3872917531697623e-14,7.565044897697603,103.76061372529072,92.88134843607773,210.41400146484372,133.59300231933594,217.97799682617188,133.46699523925778,3.909675446021128e-07,0.0,3.623589099414061e-06,0.0,1.2355846380181638e-08,,1.0007820115170146e-06,728040.4702666482
34.6,1.9910736243826644e-06,0.0,2.3872917531697623e-14,7.565044897697603,103.76061372529072,92.88134843607773,210.41400146484372,133.59300231933594,217.97799682617188,133.46699523925778,5.530760067729623e-07,0.0,3.2421692434171743e-06,0.0,1.527973307945519e-06,,1.0011063049600805e-06,716856.8569810695
34.65,2.5403345744285228e-06,0.0,2.3872917531697623e-14,7.565044897697603,103.76061372529072,92.88134843607773,210.41400146484372,133.59300231933594,217.97799682617188,133.46699523925778,7.056484928968119e-07,0.0,3.051449722477166e-06,0.0,2.4067657623005168e-06,,1.0014115459556915e-06,706640.5087666574
34.7,3.192581271411751e-06,0.0,2.3872917531697623e-14,7.565044897697603,103.76061372529072,92.88134843607773,210.41400146484372,133.59300231933594,217.97799682617188,133.46699523925778,8.868281309477085e-07,0.0,3.623592761017623e-06,0.0,2.4140081814187325e-06,,1.0017740494939626e-06,694880.5296367857
34.75,3.879143974747559e-06,0.0,2.3872917531697623e-14,7.565044897697603,103.76061372529072,92.88134843607773,210.41400146484372,133.59300231933594,217.97799682617188,133.46699523925778,1.0775399929854331e-06,0.0,3.8142372407547087e-06,0.0,1.5193663962294516e-06,,1.0021556605321891e-06,682917.4078800865
34.800000000000004,4.462741860090913e-06,0.0,2.3872917531697623e-14,7.565044897697603,103.76061372529072,92.88134843607773,210.41400146484372,133.59300231933594,217.97799682617188,133.46699523925778,1.2396505166919203e-06,0.0,3.2422104741294666e-06,0.0,-7.124257129685286e-08,,1.0024800694000856e-06,673067.6266546554
34.85,5.114988133571414e-06,0.0,2.3872917531697623e-14,7.565044897697603,103.76061372529072,92.88134843607773,210.41400146484372,133.59300231933594,217.97799682617188,133.46699523925778,1.4208300371031705e-06,0.0,3.623590408225211e-06,0.0,-1.6912322327643973e-06,,1.0028426694532033e-06,662390.1129007987
34.9,4.806043986401083e-07,0.0,2.3872917531697623e-14,7.565044897697603,103.76061372529072,92.88134843607773,210.41400146484372,133.59300231933594,217.97799682617188,133.46699523925778,1.3350122184447452e-07,0.0,-2.5746576305175386e-05,0.0,-2.4076037091401215e-06,,1.000267011354977e-06,746538.114722863
34.95,1.0641929032710123e-06,0.0,2.3872917531697623e-14,7.565044897697603,103.76061372529072,92.88134843607773,210.41400146484372,133.59300231933594,217.97799682617188,133.46699523925778,2.956091397975034e-07,0.0,3.242158359060302e-06,0.0,-1.7559340520656093e-06,,1.0005912619719766e-06,734783.6145464234
35.0,1.613455679378737e-06,0.0,2.3872917531697623e-14,7.565044897697603,103.76061372529072,92.88134843607773,210.41400146484372,133.59300231933594,217.97799682617188,133.46699523925778,4.481821331607603e-07,0.0,3.0514598672653108e-06,0.0,-2.0518621088206085e-07,1.5157887187857248e-06,1.0008964646999337e-06,724053.6967371034
35.050000000000004,2.300032720699961e-06,0.0,2.3872917531697623e-14,7.565044897697603,103.76061372529072,92.88134843607773,210.41400146484372,133.59300231933594,217.97799682617188,133.46699523925778,6.388979779722114e-07,0.0,3.814316896228697e-06,0.0,1.2488466292888641e-06,,1.0012780000512576e-06,711074.1087433109
35.1,2.9522809943374617e-06,0.0,2.3872917531697623e-14,7.565044897697603,103.76061372529072,92.88134843607773,210.41400146484372,133.59300231933594,217.97799682617188,133.46699523925778,8.200780539826282e-07,0.0,3.623601520208542e-06,0.0,1.8209149235702372e-06,,1.0016404923719726e-06,699167.3128377368
35.15,3.4672155890479087e-06,0.0,2.3872917531697623e-14,7.565044897697603,103.76061372529072,92.88134843607773,210.41400146484372,133.59300231933594,217.97799682617188,133.46699523925778,9.631154414021968e-07,0.0,2.8607477483915346e-06,0.0,1.2588490799150043e-06,,1.0019266946784812e-06,690045.1735761366
35.2,4.119444067642341e-06,0.0,2.3872917531697623e-14,7.565044897697603,103.76061372529072,92.88134843607773,210.41400146484372,133.59300231933594,217.97799682617188,133.46699523925778,1.1442900187895393e-06,0.0,3.623491547746541e-06,0.0,-1.6076811497726825e-07,,1.0022892347374026e-06,678826.9943569986
35.25,4.634387824652361e-06,0.0,2.3872917531697623e-14,7.565044897697603,103.76061372529072,92.88134843607773,210.41400146484372,133.59300231933594,217.97799682617188,133.46699523925778,1.2873299512923226e-06,0.0,2.8607986500558277e-06,0.0,-1.6678666270644646e-06,,1.0025754885117866e-06,670224.4844744222
35.30000000000001,2.059739805619959e-07,0.0,2.3872917531697623e-14,7.565044897697603,103.76061372529072,92.88134843607773,210.41400146484372,133.59300231933594,217.97799682617188,133.46699523925778,5.721499460055442e-08,0.0,-2.460229913382977e-05,0.0,-2.308684873607058e-06,,1.0001144316259788e-06,752200.7734506093
35.35,8.238930256131066e-07,0.0,2.3872917531697623e-14,7.565044897697603,103.76061372529072,92.88134843607773,210.41400146484372,133.59300231933594,217.97799682617188,133.46699523925778,2.2885917378141848e-07,0.0,3.4328835836179644e-06,0.0,-1.6351576071641966e-06,,1.0004577445358237e-06,739578.5560415479
35.4,1.3731557810518999e-06,0.0,2.3872917531697623e-14,7.565044897697603,103.76061372529072,92.88134843607773,210.41400146484372,133.59300231933594,217.97799682617188,133.46699523925778,3.814321614033055e-07,0.0,3.0514597524379144e-06,0.0,-1.090751877154409e-07,,1.0007629370680535e-06,728709.1780865618
35.45,1.991073652650367e-06,0.0,2.3872917531697623e-14,7.565044897697603,103.76061372529072,92.88134843607773,210.41400146484372,133.59300231933594,217.97799682617188,133.46699523925778,5.53076014625102e-07,0.0,3.432877064435637e-06,0.0,1.3112248775963355e-06,,1.0011063049757892e-06,716856.8564476839
35.5,2.677651382709519e-06,0.0,2.3872917531697623e-14,7.565044897697603,103.76061372529072,92.88134843607773,210.41400146484372,133.59300231933594,217.97799682617188,133.46699523925778,7.437920507526442e-07,0.0,3.81432072255106e-06,0.0,1.8673691817941845e-06,,1.0014878607148125e-06,704131.7313254998
35.55000000000001,3.2612400453314017e-06,0.0,2.3872917531697623e-14,7.565044897697603,103.76061372529072,92.88134843607773,210.41400146484372,133.59300231933594,217.97799682617188,133.46699523925778,9.05900012592056e-07,0.0,3.2421592367874997e-06,0.0,1.3054503480296664e-06,,1.0018122103526007e-06,693665.3452684262
35.6,3.8104928143638597e-06,0.0,2.3872917531697623e-14,7.565044897697603,103.76061372529072,92.88134843607773,210.41400146484372,133.59300231933594,217.97799682617188,133.46699523925778,1.0584702262121831e-06,0.0,3.0514042724031487e-06,0.0,-1.1319077287747152e-07,,1.0021175006320342e-06,684095.0640501773
35.65,4.462740768607544e-06,0.0,2.3872917531697623e-14,7.565044897697603,103.76061372529072,92.88134843607773,210.41400146484372,133.59300231933594,217.97799682617188,133.46699523925778,1.2396502135020954e-06,0.0,3.623599745798451e-06,0.0,-1.6252255906244505e-06,,1.00248006879333e-06,673067.6448106702
35.7,0.0,0.0,2.3872917531697623e-14,7.565044897697603,103.76061372529072,92.88134843607773,210.41400146484372,133.59300231933594,217.97799682617188,133.46699523925778,0.0,0.0,-2.4793004270039795e-05,0.0,-2.266620397399773e-06,,1e-06,inf
35.75,5.149408278459375e-07,0.0,2.3872917531697623e-14,7.565044897697603,103.76061372529072,92.88134843607773,210.41400146484372,133.59300231933594,217.97799682617188,133.46699523925778,1.4303911884609377e-07,0.0,2.860782376922038e-06,0.0,-1.5728889306120225e-06,,1.000286088467787e-06,745836.1156905631
35.80000000000001,1.1671826317768296e-06,0.0,2.3872917531697623e-14,7.565044897697603,103.76061372529072,92.88134843607773,210.41400146484372,133.59300231933594,217.97799682617188,133.46699523925778,3.24217397715786e-07,0.0,3.6235655773930206e-06,0.0,1.5972598697642227e-08,,1.000648487353892e-06,732747.5397187349
35.85,1.8537592142981262e-06,0.0,2.3872917531697623e-14,7.565044897697603,103.76061372529072,92.88134843607773,210.41400146484372,133.59300231933594,217.97799682617188,133.46699523925778,5.149331150828128e-07,0.0,3.814314347341295e-06,0.0,1.5868150871170426e-06,,1.0010299988082221e-06,719457.2533082652
35.9,2.47168027640776e-06,0.0,2.3872917531697623e-14,7.565044897697603,103.76061372529072,92.88134843607773,210.41400146484372,133.59300231933594,217.97799682617188,133.46699523925778,6.865778545577111e-07,0.0,3.432894789498161e-06,0.0,2.466139831035009e-06,,1.0013733914036908e-06,707901.5378595863
35.95,3.1239253988441504e-06,0.0,2.3872917531697623e-14,7.565044897697603,103.76061372529072,92.88134843607773,210.41400146484372,133.59300231933594,217.97799682617188,133.46699523925778,8.677570552344862e-07,0.0,3.6235840135351925e-06,0.0,2.426783743973825e-06,,1.0017358906116226e-06,696099.9274504279
36.0,3.7075327955034723e-06,0.0,2.3872917531697623e-14,7.565044897697603,103.76061372529072,92.88134843607773,210.41400146484372,133.59300231933594,217.97799682617188,133.46699523925778,1.0298702209731867e-06,0.0,3.2422633147741944e-06,0.0,1.4930754193397365e-06,1.6982616302217973e-06,1.0020602707582825e-06,685868.8947502524
36.05,4.291092675545542e-06,0.0,2.3872917531697623e-14,7.565044897697603,103.76061372529072,92.88134843607773,210.41400146484372,133.59300231933594,217.97799682617188,133.46699523925778,1.1919701876515394e-06,0.0,3.2419993335672377e-06,0.0,-7.605836257544744e-08,,1.0023846507717672e-06,675935.0472577526
36.1,4.840381662089547e-06,0.0,2.3872917531697623e-14,7.565044897697603,103.76061372529072,92.88134843607773,210.41400146484372,133.59300231933594,217.97799682617188,133.46699523925778,1.3445504616915408e-06,0.0,3.0516054807997678e-06,0.0,-1.6126829254139425e-06,,1.0026900048313551e-06,666843.9550111189
36.15,3.7762180860174005e-07,0.0,2.3872917531697623e-14,7.565044897697603,103.76061372529072,92.88134843607773,210.41400146484372,133.59300231933594,217.97799682617188,133.46699523925778,1.0489494683381668e-07,0.0,-2.479311029715589e-05,0.0,-2.239127704170151e-06,,1.0002097953951426e-06,748651.5136971286
36.2,1.0641989607106813e-06,0.0,2.3872917531697623e-14,7.565044897697603,103.76061372529072,92.88134843607773,210.41400146484372,133.59300231933594,217.97799682617188,133.46699523925778,2.956108224196337e-07,0.0,3.814317511716015e-06,0.0,-1.5559775444491111e-06,,1.0005912653377184e-06,734783.4944599912
36.25,1.6821194030805606e-06,0.0,2.3872917531697623e-14,7.565044897697603,103.76061372529072,92.88134843607773,210.41400146484372,133.59300231933594,217.97799682617188,133.46699523925778,4.6725538974460016e-07,0.0,3.432891346499525e-06,0.0,-5.135852055761273e-08,,1.0009346199432888e-06,722734.3382783544
36.3,2.265706596071514e-06,0.0,2.3872917531697623e-14,7.565044897697603,103.76061372529072,92.88134843607773,210.41400146484372,133.59300231933594,217.97799682617188,133.46699523925778,6.293629433531983e-07,0.0,3.242151072172148e-06,0.0,1.3136341109458578e-06,,1.0012589239355636e-06,711711.9754037763
36.35,2.917951393067707e-06,0.0,2.3872917531697623e-14,7.565044897697603,103.76061372529072,92.88134843607773,210.41400146484372,133.59300231933594,217.97799682617188,133.46699523925778,8.105420536299186e-07,0.0,3.623582205534096e-06,0.0,1.8019887766716834e-06,,1.0016214125964705e-06,699784.0496959579
36.4,3.501541031679174e-06,0.0,2.3872917531697623e-14,7.565044897697603,103.76061372529072,92.88134843607773,210.41400146484372,133.59300231933594,217.97799682617188,133.46699523925778,9.726502865775482e-07,0.0,3.2421646589527774e-06,0.0,1.1899365360800654e-06,,1.001945773597445e-06,689445.5487159425
36.45,4.016484003319772e-06,0.0,2.3872917531697623e-14,7.565044897697603,103.76061372529072,92.88134843607773,210.41400146484372,133.59300231933594,217.97799682617188,133.46699523925778,1.115690000922159e-06,0.0,2.86079428689197e-06,0.0,-2.349156962474495e-07,,1.0022320023839335e-06,680573.5763654802
36.5,4.5313929197897386e-06,0.0,2.3872917531697623e-14,7.565044897697603,103.76061372529072,92.88134843607773,210.41400146484372,133.59300231933594,217.97799682617188,133.46699523925778,1.2587202554971495e-06,0.0,2.860605091499973e-06,0.0,-1.7013157015582805e-06,,1.0025182326993352e-06,671927.601541029
36.55,1.029867805522684e-07,0.0,2.3872917531697623e-14,7.565044897697603,103.76061372529072,92.88134843607773,210.41400146484372,133.59300231933594,217.97799682617188,133.46699523925778,2.8607439042296776e-08,0.0,-2.4602256329098453e-05,0.0,-2.271972683134567e-06,,1.0000572152872772e-06,754346.4976250025
36.6,7.552479493801094e-07,0.0,2.3872917531697623e-14,7.565044897697603,103.76061372529072,92.88134843607773,210.41400146484372,133.59300231933594,217.97799682617188,133.46699523925778,2.0979109705003038e-07,0.0,3.6236731601543635e-06,0.0,-1.53478617036795e-06,,1.0004196042002523e-06,740959.8125747559
36.65,1.4418131243717097e-06,0.0,2.3872917531697623e-14,7.565044897697603,103.76061372529072,92.88134843607773,210.41400146484372,133.59300231933594,217.97799682617188,133.46699523925778,4.0050364565880826e-07,0.0,3.8142509721757742e-06,0.0,3.544358250118646e-08,,1.000801087492903e-06,727372.938411042
36.7,2.025407095757764e-06,0.0,2.3872917531697623e-14,7.565044897697603,103.76061372529072,92.88134843607773,210.41400146484372,133.59300231933594,217.97799682617188,133.46699523925778,5.626130821549344e-07,0.0,3.242188729922247e-06,0.0,1.5413217667945655e-06,,1.0011253844310498e-06,716209.6006790601
36.75,2.677651287320753e-06,0.0,2.3872917531697623e-14,7.565044897697603,103.76061372529072,92.88134843607773,210.41400146484372,133.59300231933594,217.97799682617188,133.46699523925778,7.437920242557647e-07,0.0,3.6235788420168115e-06,0.0,2.3599744291025466e-06,,1.0014878606617992e-06,704131.7330620649
36.8,3.2269105316991005e-06,0.0,2.3872917531697623e-14,7.565044897697603,103.76061372529072,92.88134843607773,210.41400146484372,133.59300231933594,217.97799682617188,133.46699523925778,8.963640365830835e-07,0.0,3.051440246546549e-06,0.0,2.306511652501714e-06,,1.001793129807409e-06,694272.407960947
36.85,3.741840402417405e-06,0.0,2.3872917531697623e-14,7.565044897697603,103.76061372529072,92.88134843607773,210.41400146484372,133.59300231933594,217.97799682617188,133.46699523925778,1.0394001117826125e-06,0.0,2.8607215039903367e-06,0.0,1.408851287319091e-06,,1.0020793403998615e-06,685276.8104331368
36.9,4.394088140215688e-06,0.0,2.3872917531697623e-14,7.565044897697603,103.76061372529072,92.88134843607773,210.41400146484372,133.59300231933594,217.97799682617188,133.46699523925778,1.2205800389488023e-06,0.0,3.623598543324001e-06,0.0,-1.0911300963366197e-07,,1.0024419049857133e-06,674211.5711877522
36.95,5.0120291000290834e-06,0.0,2.3872917531697623e-14,7.565044897697603,103.76061372529072,92.88134843607773,210.41400146484372,133.59300231933594,217.97799682617188,133.46699523925778,1.3922303055636343e-06,0.0,3.433005332296347e-06,0.0,-1.6240436264960446e-06,,1.002785429763739e-06,664053.0163793347
37.0,5.149607773133667e-07,0.0,2.3872917531697623e-14,7.565044897697603,103.76061372529072,92.88134843607773,210.41400146484372,133.59300231933594,217.97799682617188,133.46699523925778,1.4304466036482408e-07,0.0,-2.4983712903977626e-05,0.0,-2.2765419847930346e-06,-3.769617404132771e-06,1.0002860995516171e-06,745835.7082128339
37.05,1.1671816072464687e-06,0.0,2.3872917531697623e-14,7.565044897697603,103.76061372529072,92.88134843607773,210.41400146484372,133.59300231933594,217.97799682617188,133.46699523925778,3.2421711312401905e-07,0.0,3.6234490551841052e-06,0.0,-1.6470988369135546e-06,,1.0006484867846163e-06,732747.559917256
37.1,1.7851012351600852e-06,0.0,2.3872917531697623e-14,7.565044897697603,103.76061372529072,92.88134843607773,210.41400146484372,133.59300231933594,217.97799682617188,133.46699523925778,4.958614542111347e-07,0.0,3.432886821742021e-06,0.0,-1.8052604747915378e-07,,1.0009918458477133e-06,720764.5537910912
37.15,2.3000327475428718e-06,0.0,2.3872917531697623e-14,7.565044897697603,103.76061372529072,92.88134843607773,210.41400146484372,133.59300231933594,217.97799682617188,133.46699523925778,6.388979854285755e-07,0.0,2.860730624348978e-06,0.0,1.2046871042947822e-06,,1.001278000066175e-06,711074.1082449484
37.2,2.8149678153871173e-06,0.0,2.3872917531697623e-14,7.565044897697603,103.76061372529072,92.88134843607773,210.41400146484372,133.59300231933594,217.97799682617188,133.46699523925778,7.819355042741992e-07,0.0,2.8607503769122297e-06,0.0,1.783650328536527e-06,,1.0015641767201147e-06,701640.7114194524
37.25,3.467214241690695e-06,0.0,2.3872917531697623e-14,7.565044897697603,103.76061372529072,92.88134843607773,210.41400146484372,133.59300231933594,217.97799682617188,133.46699523925778,9.631150671363042e-07,0.0,3.6235912572423055e-06,0.0,1.2883839954454242e-06,,1.0019266939295888e-06,690045.1971333438
37.3,4.153789698155008e-06,0.0,2.3872917531697623e-14,7.565044897697603,103.76061372529072,92.88134843607773,210.41400146484372,133.59300231933594,217.97799682617188,133.46699523925778,1.1538304717097244e-06,0.0,3.8143080914686217e-06,0.0,-7.58171206277461e-08,,1.002308326605798e-06,678246.3582251299
37.35,4.840382541631319e-06,0.0,2.3872917531697623e-14,7.565044897697603,103.76061372529072,92.88134843607773,210.41400146484372,133.59300231933594,217.97799682617188,133.46699523925778,1.3445507060086996e-06,0.0,3.814404685979178e-06,0.0,-1.5862280827422378e-06,,1.002690005320318e-06,666843.9406499137
37.4,2.4030330495695127e-07,0.0,2.3872917531697623e-14,7.565044897697603,103.76061372529072,92.88134843607773,210.41400146484372,133.59300231933594,217.97799682617188,133.46699523925778,6.675091804359757e-08,0.0,-2.5555995759303492e-05,0.0,-2.269231035852725e-06,,1.0001335040639298e-06,751488.2367992289
37.45,8.238965522794432e-07,0.0,2.3872917531697623e-14,7.565044897697603,103.76061372529072,92.88134843607773,210.41400146484372,133.59300231933594,217.97799682617188,133.46699523925778,2.2886015341095643e-07,0.0,3.242184707346901e-06,0.0,-1.6273950162424179e-06,,1.0004577464953068e-06,739578.4852112709
37.5,1.4418155841000557e-06,0.0,2.3872917531697623e-14,7.565044897697603,103.76061372529072,92.88134843607773,210.41400146484372,133.59300231933594,217.97799682617188,133.46699523925778,4.0050432891668213e-07,0.0,3.4328835101147093e-06,0.0,-1.0194593528340569e-07,,1.0008010888596922e-06,727372.8906265048
37.55,2.094058953656437e-06,0.0,2.3872917531697623e-14,7.565044897697603,103.76061372529072,92.88134843607773,210.41400146484372,133.59300231933594,217.97799682617188,133.46699523925778,5.816830426823436e-07,0.0,3.6235742753134347e-06,0.0,1.3328540762830876e-06,,1.0011635352629455e-06,714918.8713348518
37.6,2.7119786882126343e-06,0.0,2.3872917531697623e-14,7.565044897697603,103.76061372529072,92.88134843607773,210.41400146484372,133.59300231933594,217.97799682617188,133.46699523925778,7.533274133923984e-07,0.0,3.432887414200803e-06,0.0,1.8971849844279007e-06,,1.0015069385778806e-06,703507.3523638787
37.65,3.329900987210346e-06,0.0,2.3872917531697623e-14,7.565044897697603,103.76061372529072,92.88134843607773,210.41400146484372,133.59300231933594,217.97799682617188,133.46699523925778,9.249724964473183e-07,0.0,3.4329016610985944e-06,0.0,1.328969495593524e-06,,1.0018503727799544e-06,692454.3654602034
37.7,3.982140065861417e-06,0.0,2.3872917531697623e-14,7.565044897697603,103.76061372529072,92.88134843607773,210.41400146484372,133.59300231933594,217.97799682617188,133.46699523925778,1.106150018294838e-06,0.0,3.623550436950085e-06,0.0,-1.0646727118527313e-07,,1.002212911820521e-06,681158.176797173
37.75,4.497083821857232e-06,0.0,2.3872917531697623e-14,7.565044897697603,103.76061372529072,92.88134843607773,210.41400146484372,133.59300231933594,217.97799682617188,133.46699523925778,1.249189950515898e-06,0.0,2.8607986444213603e-06,0.0,-1.636577681355645e-06,,1.002499160138798e-06,672496.8580827158
37.8,0.0,0.0,2.3872917531697623e-14,7.565044897697603,103.76061372529072,92.88134843607773,210.41400146484372,133.59300231933594,217.97799682617188,133.46699523925778,0.0,0.0,-2.498379901031938e-05,0.0,-2.296365391992787e-06,,1e-06,inf
37.85,6.865800113835717e-07,0.0,2.3872917531697623e-14,7.565044897697603,103.76061372529072,92.88134843607773,210.41400146484372,133.59300231933594,217.97799682617188,133.46699523925778,1.907166698287699e-07,0.0,3.8143333965750728e-06,0.0,-1.6343681457784901e-06,,1.0003814515260815e-06,742346.7007080194
37.9,1.2358414322203669e-06,0.0,2.3872917531697623e-14,7.565044897697603,103.76061372529072,92.88134843607773,210.41400146484372,133.59300231933594,217.97799682617188,133.46699523925778,3.4328928672787966e-07,0.0,3.0514523379823686e-06,0.0,-9.504081445699203e-08,,1.0006866374972229e-06,731396.4337635594
37.95,1.8880852732135368e-06,0.0,2.3872917531697623e-14,7.565044897697603,103.76061372529072,92.88134843607773,210.41400146484372,133.59300231933594,217.97799682617188,133.46699523925778,5.244681314482047e-07,0.0,3.623576894406191e-06,0.0,1.436080138847081e-06,,1.001049073796307e-06,718805.4354112643
38.0,2.4030179731831607e-06,0.0,2.3872917531697623e-14,7.565044897697603,103.76061372529072,92.88134843607773,210.41400146484372,133.59300231933594,217.97799682617188,133.46699523925778,6.67504992550878e-07,0.0,2.8607372220536296e-06,0.0,2.3250449149960394e-06,4.601586899789074e-06,1.0013352327665593e-06,709167.2235429256
38.05,2.9866104412637347e-06,0.0,2.3872917531697623e-14,7.565044897697603,103.76061372529072,92.88134843607773,210.41400146484372,133.59300231933594,217.97799682617188,133.46699523925778,8.296140114621486e-07,0.0,3.242180378225595e-06,0.0,2.3487877226481348e-06,,1.001659572152628e-06,698551.6648784251
38.1,3.6731881945362883e-06,0.0,2.3872917531697623e-14,7.565044897697603,103.76061372529072,92.88134843607773,210.41400146484372,133.59300231933594,217.97799682617188,133.46699523925778,1.0203300540378579e-06,0.0,3.8143208515138614e-06,0.0,1.48536369529539e-06,,1.0020411806447854e-06,686462.6431878747
38.15,4.325436252177906e-06,0.0,2.3872917531697623e-14,7.565044897697603,103.76061372529072,92.88134843607773,210.41400146484372,133.59300231933594,217.97799682617188,133.46699523925778,1.2015100700494182e-06,0.0,3.6236003202314117e-06,0.0,-6.058952974311188e-08,,1.0024037419533231e-06,675359.3801540212
38.2,4.909031900507472e-06,0.0,2.3872917531697623e-14,7.565044897697603,103.76061372529072,92.88134843607773,210.41400146484372,133.59300231933594,217.97799682617188,133.46699523925778,1.3636199723631865e-06,0.0,3.2421980462750904e-06,0.0,-1.627190705125708e-06,,1.0027281696744408e-06,665724.9112603306
38.25,3.0896282727726085e-07,0.0,2.3872917531697623e-14,7.565044897697603,103.76061372529072,92.88134843607773,210.41400146484372,133.59300231933594,217.97799682617188,133.46699523925778,8.58230075770169e-08,0.0,-2.5555939295724847e-05,0.0,-2.2897668788235464e-06,,1.0001716496979483e-06,750067.1875774867
38.3,9.2687769655196e-07,0.0,2.3872917531697623e-14,7.565044897697603,103.76061372529072,92.88134843607773,210.41400146484372,133.59300231933594,217.97799682617188,133.46699523925778,2.5746602681998885e-07,0.0,3.432860384859634e-06,0.0,-1.6032626294377215e-06,,1.0005149651980176e-06,737515.9593916696
38.35,1.613455663154319e-06,0.0,2.3872917531697623e-14,7.565044897697603,103.76061372529072,92.88134843607773,210.41400146484372,133.59300231933594,217.97799682617188,133.46699523925778,4.481821286539775e-07,0.0,3.8143220366794474e-06,0.0,-5.948842979285638e-08,,1.0008964646909183e-06,724053.6970494211
38.40000000000001,2.265704425287688e-06,0.0,2.3872917531697623e-14,7.565044897697603,103.76061372529072,92.88134843607773,210.41400146484372,133.59300231933594,217.97799682617188,133.46699523925778,6.293623403576911e-07,0.0,3.6236042340734494e-06,0.0,1.3433890896030475e-06,,1.001258922729193e-06,711712.0157786463
38.45,2.9179521193276195e-06,0.0,2.3872917531697623e-14,7.565044897697603,103.76061372529072,92.88134843607773,210.41400146484372,133.59300231933594,217.97799682617188,133.46699523925778,8.105422553687832e-07,0.0,3.623598300222562e-06,0.0,1.8484988928668435e-06,,1.0016214130001113e-06,699784.0366370719
38.5,3.432884394199452e-06,0.0,2.3872917531697623e-14,7.565044897697603,103.76061372529072,92.88134843607773,210.41400146484372,133.59300231933594,217.97799682617188,133.46699523925778,9.535789983887366e-07,0.0,2.86073486039923e-06,0.0,1.2428557620958924e-06,,1.0019076126532305e-06,690645.9431032008
38.55,3.9478334847698035e-06,0.0,2.3872917531697623e-14,7.565044897697603,103.76061372529072,92.88134843607773,210.41400146484372,133.59300231933594,217.97799682617188,133.46699523925778,1.0966204124360565e-06,0.0,2.8608282809465617e-06,0.0,-1.7792220452600079e-07,,1.0021938421130364e-06,681743.1448965674
38.6,4.600080359401468e-06,0.0,2.3872917531697623e-14,7.565044897697603,103.76061372529072,92.88134843607773,210.41400146484372,133.59300231933594,217.97799682617188,133.46699523925778,1.277800099833741e-06,0.0,3.6235937479533803e-06,0.0,-1.6588017173278232e-06,,1.002556416586215e-06,670790.8307231946
38.65000000000001,1.3731552167045733e-07,0.0,2.3872917531697623e-14,7.565044897697603,103.76061372529072,92.88134843607773,210.41400146484372,133.59300231933594,217.97799682617188,133.46699523925778,3.814320046401592e-08,0.0,-2.4793137987388864e-05,0.0,-2.278691138101127e-06,,1.0000762871283797e-06,753629.9041189117
38.7,7.895672692990612e-07,0.0,2.3872917531697623e-14,7.565044897697603,103.76061372529072,92.88134843607773,210.41400146484372,133.59300231933594,217.97799682617188,133.46699523925778,2.1932424147196142e-07,0.0,3.6236208201596306e-06,0.0,-1.6105678959301984e-06,,1.0004386725345052e-06,740268.6047475832
38.75,1.3731576527880464e-06,0.0,2.3872917531697623e-14,7.565044897697603,103.76061372529072,92.88134843607773,210.41400146484372,133.59300231933594,217.97799682617188,133.46699523925778,3.8143268133001286e-07,0.0,3.242168797161213e-06,0.0,-9.092580469379755e-08,,1.0007629381081054e-06,728709.1415910823
38.8,1.9224159294285373e-06,0.0,2.3872917531697623e-14,7.565044897697603,103.76061372529072,92.88134843607773,210.41400146484372,133.59300231933594,217.97799682617188,133.46699523925778,5.340044248412604e-07,0.0,3.0514348702251238e-06,0.0,1.4089380497074934e-06,,1.0010681514300454e-06,718154.7104591806
38.85,2.5746624982514284e-06,0.0,2.3872917531697623e-14,7.565044897697603,103.76061372529072,92.88134843607773,210.41400146484372,133.59300231933594,217.97799682617188,133.46699523925778,7.151840272920634e-07,0.0,3.6235920490157525e-06,0.0,2.2588750911149e-06,,1.0014306237986806e-06,706011.6633021969
38.90000000000001,3.089596043700992e-06,0.0,2.3872917531697623e-14,7.565044897697603,103.76061372529072,92.88134843607773,210.41400146484372,133.59300231933594,217.97799682617188,133.46699523925778,8.582211232502755e-07,0.0,2.8607419191635914e-06,0.0,2.245367997164058e-06,,1.0017168105182487e-06,696711.2579332975
38.95,3.7075320810448816e-06,0.0,2.3872917531697623e-14,7.565044897697603,103.76061372529072,92.88134843607773,210.41400146484372,133.59300231933594,217.97799682617188,133.46699523925778,1.0298700225124672e-06,0.0,3.432977985244516e-06,0.0,1.3751596520762524e-06,,1.0020602703611564e-06,685868.9070911082
39.0,4.2567839135797475e-06,0.0,2.3872917531697623e-14,7.565044897697603,103.76061372529072,92.88134843607773,210.41400146484372,133.59300231933594,217.97799682617188,133.46699523925778,1.1824399759943743e-06,0.0,3.0513990696383156e-06,0.0,-1.2447861427353676e-07,-2.449523529269576e-06,1.0023655790341372e-06,676511.1115228585
39.05,4.8746891889836715e-06,0.0,2.3872917531697623e-14,7.565044897697603,103.76061372529072,92.88134843607773,210.41400146484372,133.59300231933594,217.97799682617188,133.46699523925778,1.3540803302732421e-06,0.0,3.432807085577552e-06,0.0,-1.6107044645023526e-06,,1.002709077427317e-06,666284.2500353832
39.1,4.1194941584608456e-07,0.0,2.3872917531697623e-14,7.565044897697603,103.76061372529072,92.88134843607773,210.41400146484372,133.59300231933594,217.97799682617188,133.46699523925778,1.1443039329057904e-07,0.0,-2.4792998739651147e-05,0.0,-2.2096077030770936e-06,,1.0002288673337386e-06,747945.7175083121
39.15000000000001,1.064195486532094e-06,0.0,2.3872917531697623e-14,7.565044897697603,103.76061372529072,92.88134843607773,210.41400146484372,133.59300231933594,217.97799682617188,133.46699523925778,2.9560985737002613e-07,0.0,3.6235892815881177e-06,0.0,-1.506216655668426e-06,,1.0005912634073339e-06,734783.5633342525
39.2,1.6821147541524955e-06,0.0,2.3872917531697623e-14,7.565044897697603,103.76061372529072,92.88134843607773,210.41400146484372,133.59300231933594,217.97799682617188,133.46699523925778,4.672540983756932e-07,0.0,3.4328848201140244e-06,0.0,2.7239728770768262e-08,,1.0009346173599476e-06,722734.4274437309
39.25,2.3343633878862513e-06,0.0,2.3872917531697623e-14,7.565044897697603,103.76061372529072,92.88134843607773,210.41400146484372,133.59300231933594,217.97799682617188,133.46699523925778,6.484342744128476e-07,0.0,3.623603520743294e-06,0.0,1.4297676049580015e-06,,1.0012970787823298e-06,710437.3002400616
39.3,2.9866117070578097e-06,0.0,2.3872917531697623e-14,7.565044897697603,103.76061372529072,92.88134843607773,210.41400146484372,133.59300231933594,217.97799682617188,133.46699523925778,8.296143630716138e-07,0.0,3.623601773175529e-06,0.0,1.9488246056191215e-06,,1.001659572856139e-06,698551.6421982658
39.35,3.6045364256628387e-06,0.0,2.3872917531697623e-14,7.565044897697603,103.76061372529072,92.88134843607773,210.41400146484372,133.59300231933594,217.97799682617188,133.46699523925778,1.0012601182396773e-06,0.0,3.4329151033609784e-06,0.0,1.3382737730438573e-06,,1.0020030214973915e-06,687652.5794672413
39.40000000000001,4.188132517109404e-06,0.0,2.3872917531697623e-14,7.565044897697603,103.76061372529072,92.88134843607773,210.41400146484372,133.59300231933594,217.97799682617188,133.46699523925778,1.1633701436415012e-06,0.0,3.2422005080357408e-06,0.0,-1.31438041388668e-07,,1.0023274170023284e-06,677666.7619506055
39.45,4.8060361571002514e-06,0.0,2.3872917531697623e-14,7.565044897697603,103.76061372529072,92.88134843607773,210.41400146484372,133.59300231933594,217.97799682617188,133.46699523925778,1.3350100436389587e-06,0.0,3.432797999949833e-06,0.0,-1.681915782078349e-06,,1.0026709112131861e-06,667405.2222779454
39.5,2.059739805619959e-07,0.0,2.3872917531697623e-14,7.565044897697603,103.76061372529072,92.88134843607773,210.41400146484372,133.59300231933594,217.97799682617188,133.46699523925778,5.721499460055442e-08,0.0,-2.555590098076954e-05,0.0,-2.337775007899318e-06,,1.0001144316259788e-06,752200.7734506093
39.55,8.238930256131066e-07,0.0,2.3872917531697623e-14,7.565044897697603,103.76061372529072,92.88134843607773,210.41400146484372,133.59300231933594,217.97799682617188,133.46699523925778,2.2885917378141848e-07,0.0,3.4328835836174765e-06,0.0,-1.6439871688198249e-06,,1.0004577445358237e-06,739578.5560415479
39.6,1.476141809251843e-06,0.0,2.3872917531697623e-14,7.565044897697603,103.76061372529072,92.88134843607773,210.41400146484372,133.59300231933594,217.97799682617188,133.46699523925778,4.100393914588453e-07,0.0,3.6236043535482276e-06,0.0,-8.371001676302216e-08,,1.0008201628490689e-06,726706.6543383606
39.65000000000001,2.1283887214299593e-06,0.0,2.3872917531697623e-14,7.565044897697603,103.76061372529072,92.88134843607773,210.41400146484372,133.59300231933594,217.97799682617188,133.46699523925778,5.912190892860998e-07,0.0,3.6235939565442665e-06,0.0,1.3572134563035482e-06,,1.001182612948578e-06,714275.1777602519
39.7,2.711978322461875e-06,0.0,2.3872917531697623e-14,7.565044897697603,103.76061372529072,92.88134843607773,210.41400146484372,133.59300231933594,217.97799682617188,133.46699523925778,7.533273117949653e-07,0.0,3.242164450177955e-06,0.0,1.9109524436053897e-06,,1.0015069383746093e-06,703507.359010616
39.75,3.364225260788357e-06,0.0,2.3872917531697623e-14,7.565044897697603,103.76061372529072,92.88134843607773,210.41400146484372,133.59300231933594,217.97799682617188,133.46699523925778,9.345070168856546e-07,0.0,3.623594101813992e-06,0.0,1.3267159535340849e-06,,1.0018694506854538e-06,691850.5686644356
39.8,3.982139888006912e-06,0.0,2.3872917531697623e-14,7.565044897697603,103.76061372529072,92.88134843607773,210.41400146484372,133.59300231933594,217.97799682617188,133.46699523925778,1.106149968890809e-06,0.0,3.432859040103282e-06,0.0,-1.2987098816317668e-07,,1.0022129117216586e-06,681158.1798272022
39.85,4.565736328501806e-06,0.0,2.3872917531697623e-14,7.565044897697603,103.76061372529072,92.88134843607773,210.41400146484372,133.59300231933594,217.97799682617188,133.46699523925778,1.2682600912505017e-06,0.0,3.242202447193578e-06,0.0,-1.6848795713014136e-06,,1.0025373244243305e-06,671358.7400748456
39.90000000000001,0.0,0.0,2.3872917531697623e-14,7.565044897697603,103.76061372529072,92.88134843607773,210.41400146484372,133.59300231933594,217.97799682617188,133.46699523925778,0.0,0.0,-2.5365201825004268e-05,0.0,-2.3578560750701766e-06,,1e-06,inf
39.95,5.835888379550885e-07,0.0,2.3872917531697623e-14,7.565044897697603,103.76061372529072,92.88134843607773,210.41400146484372,133.59300231933594,217.97799682617188,133.46699523925778,1.6210801054308012e-07,0.0,3.2421602108622473e-06,0.0,-1.6770942424028426e-06,,1.00032422916059e-06,744436.576530081
40.0,1.2358369329515232e-06,0.0,2.3872917531697623e-14,7.565044897697603,103.76061372529072,92.88134843607773,210.41400146484372,133.59300231933594,217.97799682617188,133.46699523925778,3.4328803693097865e-07,0.0,3.6236005277581765e-06,0.0,-8.67477568719793e-08,3.7730857401557455e-08,1.0006866349972e-06,731396.5221394215
40.05,1.8194292374418858e-06,0.0,2.3872917531697623e-14,7.565044897697603,103.76061372529072,92.88134843607773,210.41400146484372,133.59300231933594,217.97799682617188,133.46699523925778,5.053970104005238e-07,0.0,3.242179469391087e-06,0.0,1.4980689109579697e-06,,1.0010109217338701e-06,720110.3290249838
40.1,2.437347556743281e-06,0.0,2.3872917531697623e-14,7.565044897697603,103.76061372529072,92.88134843607773,210.41400146484372,133.59300231933594,217.97799682617188,133.46699523925778,6.770409879842446e-07,0.0,3.432879551674124e-06,0.0,2.4036413772078333e-06,,1.001354311168218e-06,708533.844368601
40.15000000000001,3.123925305502519e-06,0.0,2.3872917531697623e-14,7.565044897697603,103.76061372529072,92.88134843607773,210.41400146484372,133.59300231933594,217.97799682617188,133.46699523925778,8.677570293062552e-07,0.0,3.814320826439344e-06,0.0,2.3912830701109885e-06,,1.0017358905597436e-06,696099.9291111791
40.2,3.707532244308253e-06,0.0,2.3872917531697623e-14,7.565044897697603,103.76061372529072,92.88134843607773,210.41400146484372,133.59300231933594,217.97799682617188,133.46699523925778,1.0298700678634036e-06,0.0,3.2422607711436127e-06,0.0,1.4636886373193922e-06,,1.0020602704519054e-06,685868.904271057
40.25,4.291092002325927e-06,0.0,2.3872917531697623e-14,7.565044897697603,103.76061372529072,92.88134843607773,210.41400146484372,133.59300231933594,217.97799682617188,133.46699523925778,1.191970000646091e-06,0.0,3.2419986556539305e-06,0.0,-1.3506219422309922e-07,,1.0023846503975332e-06,675935.0585518802
40.3,4.840380214867598e-06,0.0,2.3872917531697623e-14,7.565044897697603,103.76061372529072,92.88134843607773,210.41400146484372,133.59300231933594,217.97799682617188,133.46699523925778,1.3445500596854438e-06,0.0,3.0516011807872326e-06,0.0,-1.7306409035726708e-06,,1.0026900040268023e-06,666843.9786414378
40.35,3.7762180860174005e-07,0.0,2.3872917531697623e-14,7.565044897697603,103.76061372529072,92.88134843607773,210.41400146484372,133.59300231933594,217.97799682617188,133.46699523925778,1.0489494683381668e-07,0.0,-2.479310225703043e-05,0.0,-2.4151686579572403e-06,,1.0002097953951426e-06,748651.5136971286
40.40000000000001,8.925517237344116e-07,0.0,2.3872917531697623e-14,7.565044897697603,103.76061372529072,92.88134843607773,210.41400146484372,133.59300231933594,217.97799682617188,133.46699523925778,2.479310343706699e-07,0.0,2.860721750736414e-06,0.0,-1.751161637190371e-06,,1.0004958928036402e-06,738202.1670837849
40.45,1.4418112770759463e-06,0.0,2.3872917531697623e-14,7.565044897697603,103.76061372529072,92.88134843607773,210.41400146484372,133.59300231933594,217.97799682617188,133.46699523925778,4.005031325210962e-07,0.0,3.051441963009133e-06,0.0,-2.1158232223246951e-07,,1.0008010864664218e-06,727372.9742980064
40.5,2.1283886629651788e-06,0.0,2.3872917531697623e-14,7.565044897697603,103.76061372529072,92.88134843607773,210.41400146484372,133.59300231933594,217.97799682617188,133.46699523925778,5.91219073045883e-07,0.0,3.8143188104959534e-06,0.0,1.222022544589485e-06,,1.0011826129160878e-06,714275.1788554973
40.55,2.780636704661797e-06,0.0,2.3872917531697623e-14,7.565044897697603,103.76061372529072,92.88134843607773,210.41400146484372,133.59300231933594,217.97799682617188,133.46699523925778,7.723990846282769e-07,0.0,3.6236002316480836e-06,0.0,1.7827476889795655e-06,,1.0015450964694296e-06,702261.8488478186
40.6,3.2955695152997805e-06,0.0,2.3872917531697623e-14,7.565044897697603,103.76061372529072,92.88134843607773,210.41400146484372,133.59300231933594,217.97799682617188,133.46699523925778,9.154359764721613e-07,0.0,2.860737836877443e-06,0.0,1.2342438674539704e-06,,1.0018312909644576e-06,693059.3440338793
40.65000000000001,3.810493316573945e-06,0.0,2.3872917531697623e-14,7.565044897697603,103.76061372529072,92.88134843607773,210.41400146484372,133.59300231933594,217.97799682617188,133.46699523925778,1.0584703657149846e-06,0.0,2.8606877848558164e-06,0.0,-1.4367357263302653e-07,,1.0021175009111877e-06,684095.0554203059
40.7,4.462740125937261e-06,0.0,2.3872917531697623e-14,7.565044897697603,103.76061372529072,92.88134843607773,210.41400146484372,133.59300231933594,217.97799682617188,133.46699523925778,1.2396500349825724e-06,0.0,3.623593385352476e-06,0.0,-1.6024086220781293e-06,,1.0024800684360698e-06,673067.6555010134
40.75,1.029867805522684e-07,0.0,2.3872917531697623e-14,7.565044897697603,103.76061372529072,92.88134843607773,210.41400146484372,133.59300231933594,217.97799682617188,133.46699523925778,2.8607439042296776e-08,0.0,-2.4220851918806887e-05,0.0,-2.221428781650316e-06,,1.0000572152872772e-06,754346.4976250025
40.8,6.865800288727455e-07,0.0,2.3872917531697623e-14,7.565044897697603,103.76061372529072,92.88134843607773,210.41400146484372,133.59300231933594,217.97799682617188,133.46699523925778,1.9071667468687374e-07,0.0,3.2421847128917238e-06,0.0,-1.5650803443559854e-06,,1.0003814515357987e-06,742346.700354129
40.85,1.27016644386068e-06,0.0,2.3872917531697623e-14,7.565044897697603,103.76061372529072,92.88134843607773,210.41400146484372,133.59300231933594,217.97799682617188,133.46699523925778,3.5282401218352224e-07,0.0,3.2421467499326933e-06,0.0,-5.4290312850776686e-08,,1.0007057102667588e-06,730722.8335761165
40.90000000000001,1.8537592039048663e-06,0.0,2.3872917531697623e-14,7.565044897697603,103.76061372529072,92.88134843607773,210.41400146484372,133.59300231933594,217.97799682617188,133.46699523925778,5.149331121957962e-07,0.0,3.242182000244742e-06,0.0,1.449339758734656e-06,,1.0010299988024466e-06,719457.2535058019
40.95,2.4716772282327633e-06,0.0,2.3872917531697623e-14,7.565044897697603,103.76061372529072,92.88134843607773,210.41400146484372,133.59300231933594,217.97799682617188,133.46699523925778,6.865770078424342e-07,0.0,3.432877912933444e-06,0.0,2.3126184612446803e-06,,1.0013733897096787e-06,707901.593947803
41.0,3.055266160661128e-06,0.0,2.3872917531697623e-14,7.565044897697603,103.76061372529072,92.88134843607773,210.41400146484372,133.59300231933594,217.97799682617188,133.46699523925778,8.486850446280911e-07,0.0,3.2421607357133216e-06,0.0,2.3135680428517514e-06,2.4003157997237307e-06,1.0016977302224087e-06,697323.6725536209
41.05,3.67318819490784e-06,0.0,2.3872917531697623e-14,7.565044897697603,103.76061372529072,92.88134843607773,210.41400146484372,133.59300231933594,217.97799682617188,133.46699523925778,1.0203300541410667e-06,0.0,3.4329001902597078e-06,0.0,1.4534766079463652e-06,,1.002041180644992e-06,686462.6431814458
41.1,4.188132193219473e-06,0.0,2.3872917531697623e-14,7.565044897697603,103.76061372529072,92.88134843607773,210.41400146484372,133.59300231933594,217.97799682617188,133.46699523925778,1.1633700536720758e-06,0.0,2.8607999906199374e-06,0.0,-4.606650807820711e-08,,1.0023274168222852e-06,677666.7674121542
41.15000000000001,4.874688261067253e-06,0.0,2.3872917531697623e-14,7.565044897697603,103.76061372529072,92.88134843607773,210.41400146484372,133.59300231933594,217.97799682617188,133.46699523925778,1.3540800725186815e-06,0.0,3.814200376931246e-06,0.0,-1.5550708256542776e-06,,1.0027090769114587e-06,666284.2651610299
41.2,4.80605729981326e-07,0.0,2.3872917531697623e-14,7.565044897697603,103.76061372529072,92.88134843607773,210.41400146484372,133.59300231933594,217.97799682617188,133.46699523925778,1.3350159166147945e-07,0.0,-2.4411569617148897e-05,0.0,-2.2107729619538503e-06,,1.0002670120946603e-06,746538.0874783328
41.25,1.0641929342832395e-06,0.0,2.3872917531697623e-14,7.565044897697603,103.76061372529072,92.88134843607773,210.41400146484372,133.59300231933594,217.97799682617188,133.46699523925778,2.95609148412011e-07,0.0,3.242151135010815e-06,0.0,-1.586702194680686e-06,,1.0005912619892084e-06,734783.6139316177
41.3,1.6477848190430528e-06,0.0,2.3872917531697623e-14,7.565044897697603,103.76061372529072,92.88134843607773,210.41400146484372,133.59300231933594,217.97799682617188,133.46699523925778,4.577180052897369e-07,0.0,3.242177137554703e-06,0.0,-1.1743510467875651e-07,,1.0009155407634656e-06,723393.4682376251
41.35,2.1970440617978474e-06,0.0,2.3872917531697623e-14,7.565044897697603,103.76061372529072,92.88134843607773,210.41400146484372,133.59300231933594,217.97799682617188,133.46699523925778,6.102900171660688e-07,0.0,3.051440237526377e-06,0.0,1.2738556877997796e-06,,1.0012207662612847e-06,712991.3400536972
41.40000000000001,2.8149670563884867e-06,0.0,2.3872917531697623e-14,7.565044897697603,103.76061372529072,92.88134843607773,210.41400146484372,133.59300231933594,217.97799682617188,133.46699523925778,7.819352934412462e-07,0.0,3.4329055255027693e-06,0.0,1.8430076993011059e-06,,1.0015641762982843e-06,701640.7251395296
41.45,3.4672146323364302e-06,0.0,2.3872917531697623e-14,7.565044897697603,103.76061372529072,92.88134843607773,210.41400146484372,133.59300231933594,217.97799682617188,133.46699523925778,9.631151756490083e-07,0.0,3.6235976441559623e-06,0.0,1.3185562557036739e-06,,1.001926694146719e-06,690045.1903032896
41.5,4.085136991653545e-06,0.0,2.3872917531697623e-14,7.565044897697603,103.76061372529072,92.88134843607773,210.41400146484372,133.59300231933594,217.97799682617188,133.46699523925778,1.1347602754593181e-06,0.0,3.4329019962063917e-06,0.0,-6.875894808139186e-08,,1.00227016439136e-06,679407.9720217001
41.55,4.668732568144647e-06,0.0,2.3872917531697623e-14,7.565044897697603,103.76061372529072,92.88134843607773,210.41400146484372,133.59300231933594,217.97799682617188,133.46699523925778,1.2968701578179576e-06,0.0,3.2421976471729727e-06,0.0,-1.5738365601851183e-06,,1.0025945812517391e-06,669658.4799164254
41.6,2.4030330495695127e-07,0.0,2.3872917531697623e-14,7.565044897697603,103.76061372529072,92.88134843607773,210.41400146484372,133.59300231933594,217.97799682617188,133.46699523925778,6.675091804359757e-08,0.0,-2.46023847954851e-05,0.0,-2.234445672910787e-06,,1.0001335040639298e-06,751488.2367992289
41.65000000000001,8.238965522794432e-07,0.0,2.3872917531697623e-14,7.565044897697603,103.76061372529072,92.88134843607773,210.41400146484372,133.59300231933594,217.97799682617188,133.46699523925778,2.2886015341095643e-07,0.0,3.24218470734644e-06,0.0,-1.5801109793031908e-06,,1.0004577464953068e-06,739578.4852112709
41.7,1.4074832256228734e-06,0.0,2.3872917531697623e-14,7.565044897697603,103.76061372529072,92.88134843607773,210.41400146484372,133.59300231933594,217.97799682617188,133.46699523925778,3.9096756267302036e-07,0.0,3.2421481852419237e-06,0.0,-5.830218595127319e-08,,1.0007820115531636e-06,728040.4690005148
41.75,2.025403411059949e-06,0.0,2.3872917531697623e-14,7.565044897697603,103.76061372529072,92.88134843607773,210.41400146484372,133.59300231933594,217.97799682617188,133.46699523925778,5.626120586277636e-07,0.0,3.4328899190950593e-06,0.0,1.370331839080559e-06,,1.0011253823834196e-06,716209.6700804528
41.8,2.7119777328854918e-06,0.0,2.3872917531697623e-14,7.565044897697603,103.76061372529072,92.88134843607773,210.41400146484372,133.59300231933594,217.97799682617188,133.46699523925778,7.533271480237477e-07,0.0,3.8143017879198992e-06,0.0,1.9314867451469887e-06,,1.0015069380469434e-06,703507.3697249051
41.85,3.3299007735243822e-06,0.0,2.3872917531697623e-14,7.565044897697603,103.76061372529072,92.88134843607773,210.41400146484372,133.59300231933594,217.97799682617188,133.46699523925778,9.249724370901062e-07,0.0,3.4329057813268775e-06,0.0,1.3520204776877065e-06,,1.0018503726611849e-06,692454.3692224245
41.90000000000001,3.982139888861094e-06,0.0,2.3872917531697623e-14,7.565044897697603,103.76061372529072,92.88134843607773,210.41400146484372,133.59300231933594,217.97799682617188,133.46699523925778,1.1061499691280815e-06,0.0,3.6235506407586828e-06,0.0,-1.1332131753239152e-07,,1.0022129117221331e-06,681158.17981265
41.95,4.497084573270018e-06,0.0,2.3872917531697623e-14,7.565044897697603,103.76061372529072,92.88134843607773,210.41400146484372,133.59300231933594,217.97799682617188,133.46699523925778,1.2491901592416717e-06,0.0,2.8608038022723717e-06,0.0,-1.687202802434518e-06,,1.0024991605565104e-06,672496.845604713
42.0,0.0,0.0,2.3872917531697623e-14,7.565044897697603,103.76061372529072,92.88134843607773,210.41400146484372,133.59300231933594,217.97799682617188,133.46699523925778,0.0,0.0,-2.4983803184834852e-05,0.0,-2.384283214985748e-06,-4.697851257837499e-06,1e-06,inf
42.05,5.835887881544088e-07,0.0,2.3872917531697623e-14,7.565044897697603,103.76061372529072,92.88134843607773,210.41400146484372,133.59300231933594,217.97799682617188,133.46699523925778,1.62107996709558e-07,0.0,3.242159934191344e-06,0.0,-1.7290271674722156e-06,,1.0003242291329205e-06,744436.577543471
42.1,1.132851627427855e-06,0.0,2.3872917531697623e-14,7.565044897697603,103.76061372529072,92.88134843607773,210.41400146484372,133.59300231933594,217.97799682617188,133.46699523925778,3.146810076188486e-07,0.0,3.0514602181855517e-06,0.0,-1.5858478319708468e-07,,1.0006294115273058e-06,733424.9980304528
42.15000000000001,1.7507712144620753e-06,0.0,2.3872917531697623e-14,7.565044897697603,103.76061372529072,92.88134843607773,210.41400146484372,133.59300231933594,217.97799682617188,133.46699523925778,4.863253373505765e-07,0.0,3.4328865946337772e-06,0.0,1.4180864264931736e-06,,1.0009727689308682e-06,721420.0069448685
42.2,2.368688396216921e-06,0.0,2.3872917531697623e-14,7.565044897697603,103.76061372529072,92.88134843607773,210.41400146484372,133.59300231933594,217.97799682617188,133.46699523925778,6.579689989491448e-07,0.0,3.432873231972049e-06,0.0,2.3299520014627955e-06,,1.0013161544595e-06,709801.7360008742
42.25,3.0209363562223825e-06,0.0,2.3872917531697623e-14,7.565044897697603,103.76061372529072,92.88134843607773,210.41400146484372,133.59300231933594,217.97799682617188,133.46699523925778,8.391489878395507e-07,0.0,3.623599777808324e-06,0.0,2.345180762227821e-06,,1.0016786500611909e-06,697937.1633497088
42.3,3.570199215823986e-06,0.0,2.3872917531697623e-14,7.565044897697603,103.76061372529072,92.88134843607773,210.41400146484372,133.59300231933594,217.97799682617188,133.46699523925778,9.917220043955516e-07,0.0,3.0514603311201933e-06,0.0,1.4775209298662873e-06,,1.0019839357650581e-06,688249.2929381189
42.35,4.119444137933631e-06,0.0,2.3872917531697623e-14,7.565044897697603,103.76061372529072,92.88134843607773,210.41400146484372,133.59300231933594,217.97799682617188,133.46699523925778,1.1442900383148975e-06,0.0,3.051360678386657e-06,0.0,-3.251983595244743e-08,,1.0022892347764758e-06,678826.9931676594
42.40000000000001,4.806035985773435e-06,0.0,2.3872917531697623e-14,7.565044897697603,103.76061372529072,92.88134843607773,210.41400146484372,133.59300231933594,217.97799682617188,133.46699523925778,1.3350099960481762e-06,0.0,3.814399154664708e-06,0.0,-1.5426784622665846e-06,,1.002670911117941e-06,667405.2250800899
42.45,3.776211882515311e-07,0.0,2.3872917531697623e-14,7.565044897697603,103.76061372529072,92.88134843607773,210.41400146484372,133.59300231933594,217.97799682617188,133.46699523925778,1.0489477451431418e-07,0.0,-2.4602304430682136e-05,0.0,-2.1892489991318616e-06,,1.0002097950504855e-06,748651.526463937
42.5,9.955388572285221e-07,0.0,2.3872917531697623e-14,7.565044897697603,103.76061372529072,92.88134843607773,210.41400146484372,133.59300231933594,217.97799682617188,133.46699523925778,2.765385714523673e-07,0.0,3.4328759387612573e-06,0.0,-1.5544784121357473e-06,,1.0005531153796957e-06,736147.1807942084
42.55,1.6134556591453194e-06,0.0,2.3872917531697623e-14,7.565044897697603,103.76061372529072,92.88134843607773,210.41400146484372,133.59300231933594,217.97799682617188,133.46699523925778,4.481821275403665e-07,0.0,3.4328711217601794e-06,0.0,-8.590034679474124e-08,,1.0008964646886906e-06,724053.6971265938
42.6,2.128388980128907e-06,0.0,2.3872917531697623e-14,7.565044897697603,103.76061372529072,92.88134843607773,210.41400146484372,133.59300231933594,217.97799682617188,133.46699523925778,5.912191611469186e-07,0.0,2.8607406721307985e-06,0.0,1.2856218233143264e-06,,1.001182613092342e-06,714275.1729139355
42.65000000000001,2.814966084955995e-06,0.0,2.3872917531697623e-14,7.565044897697603,103.76061372529072,92.88134843607773,210.41400146484372,133.59300231933594,217.97799682617188,133.46699523925778,7.819350235988875e-07,0.0,3.814317249038511e-06,0.0,1.822142229440613e-06,,1.0015641757583884e-06,701640.7426996788
42.7,3.398554783618566e-06,0.0,2.3872917531697623e-14,7.565044897697603,103.76061372529072,92.88134843607773,210.41400146484372,133.59300231933594,217.97799682617188,133.46699523925778,9.440429954496017e-07,0.0,3.2421594370149283e-06,0.0,1.2717863591468438e-06,,1.0018885315994877e-06,691247.731833935
42.75,3.9478324570656095e-06,0.0,2.3872917531697623e-14,7.565044897697603,103.76061372529072,92.88134843607773,210.41400146484372,133.59300231933594,217.97799682617188,133.46699523925778,1.0966201269626692e-06,0.0,3.051542630261524e-06,0.0,-1.1567850154376154e-07,,1.002193841541777e-06,681743.1624351984
42.8,4.600080442817439e-06,0.0,2.3872917531697623e-14,7.565044897697603,103.76061372529072,92.88134843607773,210.41400146484372,133.59300231933594,217.97799682617188,133.46699523925778,1.277800123004844e-06,0.0,3.6235999208437008e-06,0.0,-1.5949177782298793e-06,,1.0025564166325869e-06,670790.8293450036
42.85,1.029867805522684e-07,0.0,2.3872917531697623e-14,7.565044897697603,103.76061372529072,92.88134843607773,210.41400146484372,133.59300231933594,217.97799682617188,133.46699523925778,2.8607439042296776e-08,0.0,-2.4983853679248813e-05,0.0,-2.224888647557893e-06,,1.0000572152872772e-06,754346.4976250025
42.90000000000001,7.89562934372107e-07,0.0,2.3872917531697623e-14,7.565044897697603,103.76061372529072,92.88134843607773,210.41400146484372,133.59300231933594,217.97799682617188,133.46699523925778,2.1932303732558526e-07,0.0,3.814311965664903e-06,0.0,-1.559840850717107e-06,,1.0004386701259484e-06,740268.6919736895
42.95,1.373156409822012e-06,0.0,2.3872917531697623e-14,7.565044897697603,103.76061372529072,92.88134843607773,210.41400146484372,133.59300231933594,217.97799682617188,133.46699523925778,3.8143233606167e-07,0.0,3.2421859747223393e-06,0.0,-3.154805016269815e-08,,1.0007629374174368e-06,728709.1658266782
43.0,1.991074145991964e-06,0.0,2.3872917531697623e-14,7.565044897697603,103.76061372529072,92.88134843607773,210.41400146484372,133.59300231933594,217.97799682617188,133.46699523925778,5.530761516644345e-07,0.0,3.4328763120554856e-06,0.0,1.4873226925939167e-06,3.871605907579664e-06,1.0011063052499435e-06,716856.8471387787
43.05,2.506007040991357e-06,0.0,2.3872917531697623e-14,7.565044897697603,103.76061372529072,92.88134843607773,210.41400146484372,133.59300231933594,217.97799682617188,133.46699523925778,6.961130669420436e-07,0.0,2.8607383055523454e-06,0.0,2.3616127359755673e-06,,1.001392468420585e-06,707270.4682861401
43.1,3.192580835918285e-06,0.0,2.3872917531697623e-14,7.565044897697603,103.76061372529072,92.88134843607773,210.41400146484372,133.59300231933594,217.97799682617188,133.46699523925778,8.868280099773014e-07,0.0,3.8142988607048302e-06,0.0,2.3618028670161054e-06,,1.0017740492519142e-06,694880.5373580413
43.15000000000001,3.8448358776704076e-06,0.0,2.3872917531697623e-14,7.565044897697603,103.76061372529072,92.88134843607773,210.41400146484372,133.59300231933594,217.97799682617188,133.46699523925778,1.0680099660195577e-06,0.0,3.623639120844302e-06,0.0,1.4738294325454213e-06,,1.002136590254683e-06,683505.4287919345
43.2,4.359779985051065e-06,0.0,2.3872917531697623e-14,7.565044897697603,103.76061372529072,92.88134843607773,210.41400146484372,133.59300231933594,217.97799682617188,133.46699523925778,1.211049995847518e-06,0.0,2.860800596559775e-06,0.0,-7.959849274023616e-08,,1.0024228333127414e-06,674784.6901494181
43.25,5.012028504641481e-06,0.0,2.3872917531697623e-14,7.565044897697603,103.76061372529072,92.88134843607773,210.41400146484372,133.59300231933594,217.97799682617188,133.46699523925778,1.392230140178189e-06,0.0,3.623602886613628e-06,0.0,-1.6363910656357603e-06,,1.002785429432738e-06,664053.0260196512
43.3,4.806070849463258e-07,0.0,2.3872917531697623e-14,7.565044897697603,103.76061372529072,92.88134843607773,210.41400146484372,133.59300231933594,217.97799682617188,133.46699523925778,1.3350196804064606e-07,0.0,-2.517456344275229e-05,0.0,-2.295529361777499e-06,,1.0002670128474691e-06,746538.0597503682
43.35,1.0985229253829108e-06,0.0,2.3872917531697623e-14,7.565044897697603,103.76061372529072,92.88134843607773,210.41400146484372,133.59300231933594,217.97799682617188,133.46699523925778,3.0514525705080853e-07,0.0,3.432865780202957e-06,0.0,-1.625234116946084e-06,,1.0006103370709156e-06,734103.6646253557
43.40000000000001,1.7164418422776012e-06,0.0,2.3872917531697623e-14,7.565044897697603,103.76061372529072,92.88134843607773,210.41400146484372,133.59300231933594,217.97799682617188,133.46699523925778,4.76789400632667e-07,0.0,3.432882871636388e-06,0.0,-9.44327157981893e-08,,1.0009536924653315e-06,722076.6408877865
43.45,2.3343627290290717e-06,0.0,2.3872917531697623e-14,7.565044897697603,103.76061372529072,92.88134843607773,210.41400146484372,133.59300231933594,217.97799682617188,133.46699523925778,6.484340913969643e-07,0.0,3.43289381528663e-06,0.0,1.3313335005583339e-06,,1.0012970784161793e-06,710437.3124504306
43.5,2.917951618786474e-06,0.0,2.3872917531697623e-14,7.565044897697603,103.76061372529072,92.88134843607773,210.41400146484372,133.59300231933594,217.97799682617188,133.46699523925778,8.105421163295761e-07,0.0,3.242160498652419e-06,0.0,1.8887286378277344e-06,,1.0016214127219203e-06,699784.0456373068
43.55,3.6045360705722814e-06,0.0,2.3872917531697623e-14,7.565044897697603,103.76061372529072,92.88134843607773,210.41400146484372,133.59300231933594,217.97799682617188,133.46699523925778,1.0012600196034114e-06,0.0,3.8143580654769237e-06,0.0,1.3128361865969716e-06,,1.00200302130002e-06,687652.5856326699
43.6,4.222440462838974e-06,0.0,2.3872917531697623e-14,7.565044897697603,103.76061372529072,92.88134843607773,210.41400146484372,133.59300231933594,217.97799682617188,133.46699523925778,1.1729001285663818e-06,0.0,3.4328021792591145e-06,0.0,-1.4443107726355623e-07,,1.0023464881044885e-06,677088.7424613801
43.65000000000001,4.771691985010712e-06,0.0,2.3872917531697623e-14,7.565044897697603,103.76061372529072,92.88134843607773,210.41400146484372,133.59300231933594,217.97799682617188,133.46699523925778,1.3254699958363088e-06,0.0,3.0513973453978473e-06,0.0,-1.7075804641154187e-06,,1.0026518184270275e-06,667967.4133151924
43.7,2.4030330495695127e-07,0.0,2.3872917531697623e-14,7.565044897697603,103.76061372529072,92.88134843607773,210.41400146484372,133.59300231933594,217.97799682617188,133.46699523925778,6.675091804359757e-08,0.0,-2.517438155585923e-05,0.0,-2.3842278911365388e-06,,1.0001335040639298e-06,751488.2367992289
43.75,7.552333780304555e-07,0.0,2.3872917531697623e-14,7.565044897697603,103.76061372529072,92.88134843607773,210.41400146484372,133.59300231933594,217.97799682617188,133.46699523925778,2.097870494529043e-07,0.0,2.860722628186297e-06,0.0,-1.6960215873955165e-06,,1.000419596104209e-06,740960.1063229794
43.8,1.407483582293306e-06,0.0,2.3872917531697623e-14,7.565044897697603,103.76061372529072,92.88134843607773,210.41400146484372,133.59300231933594,217.97799682617188,133.46699523925778,3.909676617481405e-07,0.0,3.6236122459049304e-06,0.0,-1.161818650202784e-07,,1.0007820117513524e-06,728040.4620588421
43.85,2.05973130884108e-06,0.0,2.3872917531697623e-14,7.565044897697603,103.76061372529072,92.88134843607773,210.41400146484372,133.59300231933594,217.97799682617188,133.46699523925778,5.721475857891889e-07,0.0,3.623598480820658e-06,0.0,1.357609264431066e-06,,1.0011444588480085e-06,715563.6862151208
43.90000000000001,2.711977728855975e-06,0.0,2.3872917531697623e-14,7.565044897697603,103.76061372529072,92.88134843607773,210.41400146484372,133.59300231933594,217.97799682617188,133.46699523925778,7.533271469044374e-07,0.0,3.6235912223041463e-06,0.0,1.9363055362416494e-06,,1.0015069380447039e-06,703507.3697981329
43.95,3.364225515436764e-06,0.0,2.3872917531697623e-14,7.565044897697603,103.76061372529072,92.88134843607773,210.41400146484372,133.59300231933594,217.97799682617188,133.46699523925778,9.345070876213233e-07,0.0,3.6235988143384397e-06,0.0,1.359791624957819e-06,,1.0018694508269911e-06,691850.5641888326
44.0,3.91348921714315e-06,0.0,2.3872917531697623e-14,7.565044897697603,103.76061372529072,92.88134843607773,210.41400146484372,133.59300231933594,217.97799682617188,133.46699523925778,1.0870803380953196e-06,0.0,3.0514650094800982e-06,0.0,-1.0011012090755279e-07,-1.5874328135014695e-06,1.0021747515480215e-06,682329.7628415329
44.05,4.56573632203362e-06,0.0,2.3872917531697623e-14,7.565044897697603,103.76061372529072,92.88134843607773,210.41400146484372,133.59300231933594,217.97799682617188,133.46699523925778,1.2682600894537832e-06,0.0,3.6235950271694796e-06,0.0,-1.6631958708619378e-06,,1.0025373244207348e-06,671358.7401818936
44.1,0.0,0.0,2.3872917531697623e-14,7.565044897697603,103.76061372529072,92.88134843607773,210.41400146484372,133.59300231933594,217.97799682617188,133.46699523925778,0.0,0.0,-2.5365201789073503e-05,0.0,-2.3496567237248713e-06,,1e-06,inf
44.15000000000001,6.179201172448918e-07,0.0,2.3872917531697623e-14,7.565044897697603,103.76061372529072,92.88134843607773,210.41400146484372,133.59300231933594,217.97799682617188,133.46699523925778,1.7164447701246995e-07,0.0,3.4328895402486185e-06,0.0,-1.686326422566401e-06,,1.0003433036849384e-06,743738.6270031672
44.2,1.1328520913412206e-06,0.0,2.3872917531697623e-14,7.565044897697603,103.76061372529072,92.88134843607773,210.41400146484372,133.59300231933594,217.97799682617188,133.46699523925778,3.146811364836724e-07,0.0,2.860733189424618e-06,0.0,-1.1197165355628098e-07,,1.0006294117850762e-06,733424.9888675244
44.25,1.8194296011506103e-06,0.0,2.3872917531697623e-14,7.565044897697603,103.76061372529072,92.88134843607773,210.41400146484372,133.59300231933594,217.97799682617188,133.46699523925778,5.053971114307251e-07,0.0,3.814319498941271e-06,0.0,1.4579375405926769e-06,,1.0010109219359815e-06,720110.3220996966
44.3,2.4716779807765985e-06,0.0,2.3872917531697623e-14,7.565044897697603,103.76061372529072,92.88134843607773,210.41400146484372,133.59300231933594,217.97799682617188,133.46699523925778,6.865772168823885e-07,0.0,3.6236021090334733e-06,0.0,2.3469128385239497e-06,,1.001373390127902e-06,707901.5801005521
44.35,3.0209368699345102e-06,0.0,2.3872917531697623e-14,7.565044897697603,103.76061372529072,92.88134843607773,210.41400146484372,133.59300231933594,217.97799682617188,133.46699523925778,8.391491305373639e-07,0.0,3.0514382730992485e-06,0.0,2.326294321970461e-06,,1.0016786503467066e-06,697937.1541613392
44.40000000000001,3.6388440583678797e-06,0.0,2.3872917531697623e-14,7.565044897697603,103.76061372529072,92.88134843607773,210.41400146484372,133.59300231933594,217.97799682617188,133.46699523925778,1.0107900162133e-06,0.0,3.4328177135179405e-06,0.0,1.418770981266343e-06,,1.002022090880655e-06,687057.4124616067
44.45,4.188132109142559e-06,0.0,2.3872917531697623e-14,7.565044897697603,103.76061372529072,92.88134843607773,210.41400146484372,133.59300231933594,217.97799682617188,133.46699523925778,1.1633700303173776e-06,0.0,3.05160028208216e-06,0.0,-1.2457551611527839e-07,,1.0023274167755485e-06,677666.7688298895
44.5,4.737384313460761e-06,0.0,2.3872917531697623e-14,7.565044897697603,103.76061372529072,92.88134843607773,210.41400146484372,133.59300231933594,217.97799682617188,133.46699523925778,1.3159400870724336e-06,0.0,3.051401135101294e-06,0.0,-1.6481878700216739e-06,,1.0026327460233014e-06,668529.9532771534
44.55,3.7762180860174005e-07,0.0,2.3872917531697623e-14,7.565044897697603,103.76061372529072,92.88134843607773,210.41400146484372,133.59300231933594,217.97799682617188,133.46699523925778,1.0489494683381668e-07,0.0,-2.4220902804773717e-05,0.0,-2.2756398011174675e-06,,1.0002097953951426e-06,748651.5136971286
44.6,9.268795134437885e-07,0.0,2.3872917531697623e-14,7.565044897697603,103.76061372529072,92.88134843607773,210.41400146484372,133.59300231933594,217.97799682617188,133.46699523925778,2.5746653151216345e-07,0.0,3.0514316935666754e-06,0.0,-1.587880762818822e-06,,1.0005149662075318e-06,737515.9231040998
44.65000000000001,1.5104733607503167e-06,0.0,2.3872917531697623e-14,7.565044897697603,103.76061372529072,92.88134843607773,210.41400146484372,133.59300231933594,217.97799682617188,133.46699523925778,4.195759335417546e-07,0.0,3.242188040591086e-06,0.0,-4.9506992410967964e-08,,1.0008392398890656e-06,726041.5343147408
44.7,2.1627185179599486e-06,0.0,2.3872917531697623e-14,7.565044897697603,103.76061372529072,92.88134843607773,210.41400146484372,133.59300231933594,217.97799682617188,133.46699523925778,6.007551438777635e-07,0.0,3.623584206720898e-06,0.0,1.377318349672164e-06,,1.001201690741127e-06,713632.6417337005
44.75,2.8492922567321506e-06,0.0,2.3872917531697623e-14,7.565044897697603,103.76061372529072,92.88134843607773,210.41400146484372,133.59300231933594,217.97799682617188,133.46699523925778,7.914700713144862e-07,0.0,3.8142985487346718e-06,0.0,1.924916257822961e-06,,1.001583253355066e-06,701020.7921353314
44.8,3.4328855214891582e-06,0.0,2.3872917531697623e-14,7.565044897697603,103.76061372529072,92.88134843607773,210.41400146484372,133.59300231933594,217.97799682617188,133.46699523925778,9.535793115247661e-07,0.0,3.2421848042057824e-06,0.0,1.3302962794650661e-06,,1.0019076132798011e-06,690645.9233593233
44.85,4.0851366870013255e-06,0.0,2.3872917531697623e-14,7.565044897697603,103.76061372529072,92.88134843607773,210.41400146484372,133.59300231933594,217.97799682617188,133.46699523925778,1.1347601908337014e-06,0.0,3.623617586178397e-06,0.0,-1.4097561850611645e-07,,1.0022701642220127e-06,679407.9771852886
44.90000000000001,4.600080191285889e-06,0.0,2.3872917531697623e-14,7.565044897697603,103.76061372529072,92.88134843607773,210.41400146484372,133.59300231933594,217.97799682617188,133.46699523925778,1.2778000531349691e-06,0.0,2.860797246024704e-06,0.0,-1.7026181788078129e-06,,1.0025564164927578e-06,670790.8335007849
44.95,1.0298664470203106e-07,0.0,2.3872917531697623e-14,7.565044897697603,103.76061372529072,92.88134843607773,210.41400146484372,133.59300231933594,217.97799682617188,133.46699523925778,2.8607401306119737e-08,0.0,-2.498385303658196e-05,0.0,-2.3636125053454925e-06,,1.0000572152118038e-06,754346.5004634976
45.0,6.179239569359846e-07,0.0,2.3872917531697623e-14,7.565044897697603,103.76061372529072,92.88134843607773,210.41400146484372,133.59300231933594,217.97799682617188,133.46699523925778,1.7164554359332904e-07,0.0,2.860762845744349e-06,0.0,-1.652814568880412e-06,-1.5527044479728592e-06,1.000343305818283e-06,743738.549016043
45.05,1.2701679796402495e-06,0.0,2.3872917531697623e-14,7.565044897697603,103.76061372529072,92.88134843607773,210.41400146484372,133.59300231933594,217.97799682617188,133.46699523925778,3.5282443878895816e-07,0.0,3.6235779039127884e-06,0.0,-3.0228056648743873e-08,,1.0007057111201204e-06,730722.8034654607
45.1,1.956744067116256e-06,0.0,2.3872917531697623e-14,7.565044897697603,103.76061372529072,92.88134843607773,210.41400146484372,133.59300231933594,217.97799682617188,133.46699523925778,5.435400186434044e-07,0.0,3.8143115970885997e-06,0.0,1.562663353867138e-06,,1.0010872277551629e-06,717505.2102349745
45.15000000000001,2.6089941907951143e-06,0.0,2.3872917531697623e-14,7.565044897697603,103.76061372529072,92.88134843607773,210.41400146484372,133.59300231933594,217.97799682617188,133.46699523925778,7.247206085541984e-07,0.0,3.623611798215057e-06,0.0,2.438679495258617e-06,,1.0014497038270885e-06,705383.8672182852
45.2,3.261240243872284e-06,0.0,2.3872917531697623e-14,7.565044897697603,103.76061372529072,92.88134843607773,210.41400146484372,133.59300231933594,217.97799682617188,133.46699523925778,9.059000677423011e-07,0.0,3.623589183762775e-06,0.0,2.3814815075023442e-06,,1.001812210462951e-06,693665.3417606172
45.25,3.7761840779382166e-06,0.0,2.3872917531697623e-14,7.565044897697603,103.76061372529072,92.88134843607773,210.41400146484372,133.59300231933594,217.97799682617188,133.46699523925778,1.0489400216495045e-06,0.0,2.8607990781442294e-06,0.0,1.4396522649885523e-06,,1.0020984301808836e-06,684685.1266161739
45.3,4.291092796478563e-06,0.0,2.3872917531697623e-14,7.565044897697603,103.76061372529072,92.88134843607773,210.41400146484372,133.59300231933594,217.97799682617188,133.46699523925778,1.191970221244045e-06,0.0,2.8606039918909744e-06,0.0,-1.1642809809943968e-07,,1.0023846508389922e-06,675935.0452289453
45.35,4.943340347426877e-06,0.0,2.3872917531697623e-14,7.565044897697603,103.76061372529072,92.88134843607773,210.41400146484372,133.59300231933594,217.97799682617188,133.46699523925778,1.3731500965074658e-06,0.0,3.6235975052681046e-06,0.0,-1.6333700380858153e-06,,1.0027472429636086e-06,665167.0674794595
45.40000000000001,5.149379785488736e-07,0.0,2.3872917531697623e-14,7.565044897697603,103.76061372529072,92.88134843607773,210.41400146484372,133.59300231933594,217.97799682617188,133.46699523925778,1.430383273746871e-07,0.0,-2.460223538264998e-05,0.0,-2.2537288205638246e-06,,1.000286086884731e-06,745836.1738888997
45.45,1.098525057940638e-06,0.0,2.3872917531697623e-14,7.565044897697603,103.76061372529072,92.88134843607773,210.41400146484372,133.59300231933594,217.97799682617188,133.46699523925778,3.05145849427955e-07,0.0,3.2421504410660035e-06,0.0,-1.5761749137936883e-06,,1.0006103382558508e-06,734103.6224264156
45.5,1.7507709859421494e-06,0.0,2.3872917531697623e-14,7.565044897697603,103.76061372529072,92.88134843607773,210.41400146484372,133.59300231933594,217.97799682617188,133.46699523925778,4.863252738728193e-07,0.0,3.623588488897491e-06,0.0,-6.825417402117142e-08,,1.0009727688038816e-06,721420.011311901
45.55,2.30003342227783e-06,0.0,2.3872917531697623e-14,7.565044897697603,103.76061372529072,92.88134843607773,210.41400146484372,133.59300231933594,217.97799682617188,133.46699523925778,6.388981728549528e-07,0.0,3.051457979642844e-06,0.0,1.3230144556316042e-06,,1.0012780004411475e-06,711074.0957178951
45.6,2.9866105714436473e-06,0.0,2.3872917531697623e-14,7.565044897697603,103.76061372529072,92.88134843607773,210.41400146484372,133.59300231933594,217.97799682617188,133.46699523925778,8.296140476232353e-07,0.0,3.814317495365325e-06,0.0,1.8553439874140778e-06,,1.0016595722249804e-06,698551.6625458961
45.65000000000001,3.570199321066462e-06,0.0,2.3872917531697623e-14,7.565044897697603,103.76061372529072,92.88134843607773,210.41400146484372,133.59300231933594,217.97799682617188,133.46699523925778,9.917220336295729e-07,0.0,3.242159720126014e-06,0.0,1.2855445662679918e-06,,1.001983935823555e-06,688249.2911076238
45.7,4.119443934691185e-06,0.0,2.3872917531697623e-14,7.565044897697603,103.76061372529072,92.88134843607773,210.41400146484372,133.59300231933594,217.97799682617188,133.46699523925778,1.1442899818586625e-06,0.0,3.051358964582399e-06,0.0,-1.229625212492905e-07,,1.0022892346634985e-06,678826.996606552
45.75,4.737384255141381e-06,0.0,2.3872917531697623e-14,7.565044897697603,103.76061372529072,92.88134843607773,210.41400146484372,133.59300231933594,217.97799682617188,133.46699523925778,1.3159400708726058e-06,0.0,3.4330017802790615e-06,0.0,-1.6154135508545868e-06,,1.0026327459908803e-06,668529.9542342167
45.8,2.746367363733049e-07,0.0,2.3872917531697623e-14,7.565044897697603,103.76061372529072,92.88134843607773,210.41400146484372,133.59300231933594,217.97799682617188,133.46699523925778,7.628798232591802e-08,0.0,-2.4793041770935165e-05,0.0,-2.2491234231454696e-06,,1.0001525788745798e-06,750776.9637952881
45.85,9.268776622224727e-07,0.0,2.3872917531697623e-14,7.565044897697603,103.76061372529072,92.88134843607773,210.41400146484372,133.59300231933594,217.97799682617188,133.46699523925778,2.574660172840202e-07,0.0,3.6235606991617348e-06,0.0,-1.5817436671802636e-06,,1.000514965178943e-06,737515.9600773097
45.90000000000001,1.510470920708391e-06,0.0,2.3872917531697623e-14,7.565044897697603,103.76061372529072,92.88134843607773,210.41400146484372,133.59300231933594,217.97799682617188,133.46699523925778,4.195752557523308e-07,0.0,3.2421847693654746e-06,0.0,-7.140573257875591e-08,,1.0008392385332022e-06,726041.5815434676
45.95,2.0940618557781313e-06,0.0,2.3872917531697623e-14,7.565044897697603,103.76061372529072,92.88134843607773,210.41400146484372,133.59300231933594,217.97799682617188,133.46699523925778,5.816838488272587e-07,0.0,3.242171861499203e-06,0.0,1.3354496521596095e-06,,1.0011635368757047e-06,714918.8168701541
46.0,2.7463068549619643e-06,0.0,2.3872917531697623e-14,7.565044897697603,103.76061372529072,92.88134843607773,210.41400146484372,133.59300231933594,217.97799682617188,133.46699523925778,7.628630152672122e-07,0.0,3.623583328799277e-06,0.0,1.8871104864785641e-06,3.539925055358976e-06,1.0015260170105245e-06,702884.0641162599
46.05,3.364226520264933e-06,0.0,2.3872917531697623e-14,7.565044897697603,103.76061372529072,92.88134843607773,210.41400146484372,133.59300231933594,217.97799682617188,133.46699523925778,9.345073667402591e-07,0.0,3.4328870294611324e-06,0.0,1.3185626361891034e-06,,1.0018694513854897e-06,691850.5465283578
46.1,3.98214114337148e-06,0.0,2.3872917531697623e-14,7.565044897697603,103.76061372529072,92.88134843607773,210.41400146484372,133.59300231933594,217.97799682617188,133.46699523925778,1.1061503176031889e-06,0.0,3.4328590172583028e-06,0.0,-1.2634756429305532e-07,,1.002212912419469e-06,681158.1584401074
46.15000000000001,4.634387825668221e-06,0.0,2.3872917531697623e-14,7.565044897697603,103.76061372529072,92.88134843607773,210.41400146484372,133.59300231933594,217.97799682617188,133.46699523925778,1.2873299515745059e-06,0.0,3.6235926794255165e-06,0.0,-1.682386790238928e-06,,1.0025754885123511e-06,670224.4844576666
46.2,0.0,0.0,2.3872917531697623e-14,7.565044897697603,103.76061372529072,92.88134843607773,210.41400146484372,133.59300231933594,217.97799682617188,133.46699523925778,0.0,0.0,-2.574659903149524e-05,0.0,-2.361761369628296e-06,,1e-06,inf
46.25,5.835945608423027e-07,0.0,2.3872917531697623e-14,7.565044897697603,103.76061372529072,92.88134843607773,210.41400146484372,133.59300231933594,217.97799682617188,133.46699523925778,1.6210960023397296e-07,0.0,3.2421920046796434e-06,0.0,-1.6811229476755408e-06,,1.0003242323402292e-06,744436.4600755166
46.3,1.2358387503101302e-06,0.0,2.3872917531697623e-14,7.565044897697603,103.76061372529072,92.88134843607773,210.41400146484372,133.59300231933594,217.97799682617188,133.46699523925778,3.432885417528139e-07,0.0,3.6235788303770254e-06,0.0,-8.202219445135808e-08,,1.000686636007017e-06,731396.486442367
46.35,1.8537593063040875e-06,0.0,2.3872917531697623e-14,7.565044897697603,103.76061372529072,92.88134843607773,210.41400146484372,133.59300231933594,217.97799682617188,133.46699523925778,5.149331406400243e-07,0.0,3.432891977743915e-06,0.0,1.5135366262448682e-06,,1.0010299988593499e-06,719457.2515595788
46.40000000000001,2.4716774666265323e-06,0.0,2.3872917531697623e-14,7.565044897697603,103.76061372529072,92.88134843607773,210.41400146484372,133.59300231933594,217.97799682617188,133.46699523925778,6.865770740629256e-07,0.0,3.4328786684572456e-06,0.0,2.426959288875851e-06,,1.0013733898421652e-06,707901.5895612168
46.45,3.123927105540742e-06,0.0,2.3872917531697623e-14,7.565044897697603,103.76061372529072,92.88134843607773,210.41400146484372,133.59300231933594,217.97799682617188,133.46699523925778,8.677575293168727e-07,0.0,3.6236091050796616e-06,0.0,2.420967276413977e-06,,1.0017358915601987e-06,696099.8970845761
46.5,3.741840866641883e-06,0.0,2.3872917531697623e-14,7.565044897697603,103.76061372529072,92.88134843607773,210.41400146484372,133.59300231933594,217.97799682617188,133.46699523925778,1.0394002407338564e-06,0.0,3.43285422833987e-06,0.0,1.4984025401867505e-06,,1.0020793406578978e-06,685276.8024284178
46.55,4.32543690661541e-06,0.0,2.3872917531697623e-14,7.565044897697603,103.76061372529072,92.88134843607773,210.41400146484372,133.59300231933594,217.97799682617188,133.46699523925778,1.2015102518376138e-06,0.0,3.2422002220753324e-06,0.0,-9.948561900912476e-08,,1.0024037423171179e-06,675359.369193681
46.6,4.977684534524121e-06,0.0,2.3872917531697623e-14,7.565044897697603,103.76061372529072,92.88134843607773,210.41400146484372,133.59300231933594,217.97799682617188,133.46699523925778,1.3826901484789225e-06,0.0,3.6235979328258656e-06,0.0,-1.6943754118467074e-06,,1.0027663362129812e-06,664609.578141642
46.65000000000001,3.0896282727726085e-07,0.0,2.3872917531697623e-14,7.565044897697603,103.76061372529072,92.88134843607773,210.41400146484372,133.59300231933594,217.97799682617188,133.46699523925778,8.58230075770169e-08,0.0,-2.5937342818032218e-05,0.0,-2.3679587358460076e-06,,1.0001716496979483e-06,750067.1875774867
46.7,9.612089099998638e-07,0.0,2.3872917531697623e-14,7.565044897697603,103.76061372529072,92.88134843607773,210.41400146484372,133.59300231933594,217.97799682617188,133.46699523925778,2.670024749999622e-07,0.0,3.623589348459626e-06,0.0,-1.6824273773632703e-06,,1.0005340405951607e-06,736830.9217922565
46.75,1.5791277926919237e-06,0.0,2.3872917531697623e-14,7.565044897697603,103.76061372529072,92.88134843607773,210.41400146484372,133.59300231933594,217.97799682617188,133.46699523925778,4.386466090810899e-07,0.0,3.43288268162275e-06,0.0,-1.2415985691077882e-07,,1.000877389423586e-06,724715.1073316727
46.8,2.2313741415878324e-06,0.0,2.3872917531697623e-14,7.565044897697603,103.76061372529072,92.88134843607773,210.41400146484372,133.59300231933594,217.97799682617188,133.46699523925778,6.198261504410645e-07,0.0,3.6235908271996984e-06,0.0,1.3164214481354856e-06,,1.0012398443931105e-06,712351.1054259029
46.85,2.849292474030906e-06,0.0,2.3872917531697623e-14,7.565044897697603,103.76061372529072,92.88134843607773,210.41400146484372,133.59300231933594,217.97799682617188,133.46699523925778,7.914701316752516e-07,0.0,3.4328796246834493e-06,0.0,1.8729787397270577e-06,,1.0015832534758352e-06,701020.7882142576
46.90000000000001,3.432884364862936e-06,0.0,2.3872917531697623e-14,7.565044897697603,103.76061372529072,92.88134843607773,210.41400146484372,133.59300231933594,217.97799682617188,133.46699523925778,9.535789902397044e-07,0.0,3.2421771712883177e-06,0.0,1.3023637526387895e-06,,1.001907612636925e-06,690645.9436170141
46.95,4.0164839928751154e-06,0.0,2.3872917531697623e-14,7.565044897697603,103.76061372529072,92.88134843607773,210.41400146484372,133.59300231933594,217.97799682617188,133.46699523925778,1.1156899980208653e-06,0.0,3.242220155623863e-06,0.0,-1.2708709885047912e-07,,1.0022320023781275e-06,680573.576543116
47.0,4.703040255597071e-06,0.0,2.3872917531697623e-14,7.565044897697603,103.76061372529072,92.88134843607773,210.41400146484372,133.59300231933594,217.97799682617188,133.46699523925778,1.3064000709991863e-06,0.0,3.8142014595666364e-06,0.0,-1.653462292676329e-06,-3.540572779154893e-06,1.002613653482571e-06,669094.0396759773
47.05,1.0298664470203106e-07,0.0,2.3872917531697623e-14,7.565044897697603,103.76061372529072,92.88134843607773,210.41400146484372,133.59300231933594,217.97799682617188,133.46699523925778,2.8607401306119737e-08,0.0,-2.5555853393862784e-05,0.0,-2.315403705347048e-06,,1.0000572152118038e-06,754346.5004634976
47.1,7.209090905042888e-07,0.0,2.3872917531697623e-14,7.565044897697603,103.76061372529072,92.88134843607773,210.41400146484372,133.59300231933594,217.97799682617188,133.46699523925778,2.002525251400802e-07,0.0,3.4329024766789167e-06,0.0,-1.6512059994624662e-06,,1.0004005251008171e-06,741652.7070337125
47.15000000000001,1.3731559239041892e-06,0.0,2.3872917531697623e-14,7.565044897697603,103.76061372529072,92.88134843607773,210.41400146484372,133.59300231933594,217.97799682617188,133.46699523925778,3.81432201084497e-07,0.0,3.6235935188875117e-06,0.0,-9.998685583462408e-08,,1.0007629371474309e-06,728709.1753011997
47.2,1.956744065685838e-06,0.0,2.3872917531697623e-14,7.565044897697603,103.76061372529072,92.88134843607773,210.41400146484372,133.59300231933594,217.97799682617188,133.46699523925778,5.43540018246066e-07,0.0,3.242156343232026e-06,0.0,1.4385559185519278e-06,,1.001087227754368e-06,717505.210262014
47.25,2.5060069466759228e-06,0.0,2.3872917531697623e-14,7.565044897697603,103.76061372529072,92.88134843607773,210.41400146484372,133.59300231933594,217.97799682617188,133.46699523925778,6.961130407433118e-07,0.0,3.05146044994509e-06,0.0,2.3094806199377245e-06,,1.0013924683681693e-06,707270.4700185067
47.3,3.1925807852525757e-06,0.0,2.3872917531697623e-14,7.565044897697603,103.76061372529072,92.88134843607773,210.41400146484372,133.59300231933594,217.97799682617188,133.46699523925778,8.868279959034932e-07,0.0,3.814299103203845e-06,0.0,2.290566763929375e-06,,1.001774049223754e-06,694880.5382563393
47.35,3.741840116542346e-06,0.0,2.3872917531697623e-14,7.565044897697603,103.76061372529072,92.88134843607773,210.41400146484372,133.59300231933594,217.97799682617188,133.46699523925778,1.039400032372874e-06,0.0,3.0514407293873536e-06,0.0,1.394473373748339e-06,,1.0020793402409594e-06,685276.8153625398
47.40000000000001,4.2910920878366865e-06,0.0,2.3872917531697623e-14,7.565044897697603,103.76061372529072,92.88134843607773,210.41400146484372,133.59300231933594,217.97799682617188,133.46699523925778,1.1919700243990797e-06,0.0,3.051399840523421e-06,0.0,-1.3611477143487896e-07,,1.0023846504450677e-06,675935.0571173269
47.45,4.840380078535479e-06,0.0,2.3872917531697623e-14,7.565044897697603,103.76061372529072,92.88134843607773,210.41400146484372,133.59300231933594,217.97799682617188,133.46699523925778,1.344550021815411e-06,0.0,3.0515999483272333e-06,0.0,-1.646983540172672e-06,,1.0026900039510113e-06,666843.9808674762
47.5,4.806043986401083e-07,0.0,2.3872917531697623e-14,7.565044897697603,103.76061372529072,92.88134843607773,210.41400146484372,133.59300231933594,217.97799682617188,133.46699523925778,1.3350122184447452e-07,0.0,-2.4220975999420106e-05,0.0,-2.2686054394613485e-06,,1.000267011354977e-06,746538.114722863
47.55,1.0298665285996138e-06,0.0,2.3872917531697623e-14,7.565044897697603,103.76061372529072,92.88134843607773,210.41400146484372,133.59300231933594,217.97799682617188,133.46699523925778,2.8607403572211496e-07,0.0,3.051456277552982e-06,0.0,-1.5979766035988283e-06,,1.0005721889906212e-06,735464.7527740172
47.6,1.7164404931420485e-06,0.0,2.3872917531697623e-14,7.565044897697603,103.76061372529072,92.88134843607773,210.41400146484372,133.59300231933594,217.97799682617188,133.46699523925778,4.7678902587279125e-07,0.0,3.814299803013201e-06,0.0,-1.068448645527757e-07,,1.0009536917156332e-06,722076.6667168217
47.65000000000001,2.2657036919708803e-06,0.0,2.3872917531697623e-14,7.565044897697603,103.76061372529072,92.88134843607773,210.41400146484372,133.59300231933594,217.97799682617188,133.46699523925778,6.293621366585779e-07,0.0,3.051462215715039e-06,0.0,1.264933094367506e-06,,1.0012589223216666e-06,711712.0294177626
47.7,2.8492922791114526e-06,0.0,2.3872917531697623e-14,7.565044897697603,103.76061372529072,92.88134843607773,210.41400146484372,133.59300231933594,217.97799682617188,133.46699523925778,7.91470077530959e-07,0.0,3.242158817448268e-06,0.0,1.7953059658615548e-06,,1.0015832533675037e-06,701020.7917315053
47.75,3.467214428024603e-06,0.0,2.3872917531697623e-14,7.565044897697603,103.76061372529072,92.88134843607773,210.41400146484372,133.59300231933594,217.97799682617188,133.46699523925778,9.63115118895723e-07,0.0,3.432900827295476e-06,0.0,1.255966920805886e-06,,1.0019266940331575e-06,690045.1938754797
47.8,3.982140018715877e-06,0.0,2.3872917531697623e-14,7.565044897697603,103.76061372529072,92.88134843607773,210.41400146484372,133.59300231933594,217.97799682617188,133.46699523925778,1.1061500051988546e-06,0.0,2.860697726062794e-06,0.0,-9.839403110070484e-08,,1.0022129117943147e-06,681158.177600371
47.85,4.6343883411152405e-06,0.0,2.3872917531697623e-14,7.565044897697603,103.76061372529072,92.88134843607773,210.41400146484372,133.59300231933594,217.97799682617188,133.46699523925778,1.2873300947542336e-06,0.0,3.623601791107269e-06,0.0,-1.5437523329207301e-06,,1.002575488798895e-06,670224.4759558722
47.90000000000001,2.746357714868034e-07,0.0,2.3872917531697623e-14,7.565044897697603,103.76061372529072,92.88134843607773,210.41400146484372,133.59300231933594,217.97799682617188,133.46699523925778,7.628771430188983e-08,0.0,-2.4220847609041367e-05,0.0,-2.1683989535387233e-06,,1.0001525783385115e-06,750776.983765566
47.95,9.268776834154772e-07,0.0,2.3872917531697623e-14,7.565044897697603,103.76061372529072,92.88134843607773,210.41400146484372,133.59300231933594,217.97799682617188,133.46699523925778,2.574660231709659e-07,0.0,3.623566177382242e-06,0.0,-1.5369889696858392e-06,,1.0005149651907187e-06,737515.9596540359
48.0,1.4418128612850612e-06,0.0,2.3872917531697623e-14,7.565044897697603,103.76061372529072,92.88134843607773,210.41400146484372,133.59300231933594,217.97799682617188,133.46699523925778,4.0050357257918367e-07,0.0,2.8607509881645182e-06,0.0,-8.469679449698835e-08,1.5687654981793407e-06,1.0008010873467143e-06,727372.9435219619
48.05,2.094059872235813e-06,0.0,2.3872917531697623e-14,7.565044897697603,103.76061372529072,92.88134843607773,210.41400146484372,133.59300231933594,217.97799682617188,133.46699523925778,5.816832978432813e-07,0.0,3.6235945052821583e-06,0.0,1.2786109953289259e-06,,1.001163535773416e-06,714918.8540956883
48.1,2.608992073535064e-06,0.0,2.3872917531697623e-14,7.565044897697603,103.76061372529072,92.88134843607773,210.41400146484372,133.59300231933594,217.97799682617188,133.46699523925778,7.247200204264066e-07,0.0,2.8607344516622617e-06,0.0,1.8279524073762588e-06,,1.0014497026504069e-06,705383.9059004938
48.15000000000001,3.2269105209050047e-06,0.0,2.3872917531697623e-14,7.565044897697603,103.76061372529072,92.88134843607773,210.41400146484372,133.59300231933594,217.97799682617188,133.46699523925778,8.963640335847236e-07,0.0,3.4328802631655592e-06,0.0,1.2983887751034672e-06,,1.0017931298014099e-06,694272.4081519905
48.2,3.913488093438534e-06,0.0,2.3872917531697623e-14,7.565044897697603,103.76061372529072,92.88134843607773,210.41400146484372,133.59300231933594,217.97799682617188,133.46699523925778,1.0870800259551484e-06,0.0,3.814319847409257e-06,0.0,-9.426678311128127e-08,,1.0021747509234017e-06,682329.7820515078
48.25,4.565736211764119e-06,0.0,2.3872917531697623e-14,7.565044897697603,103.76061372529072,92.88134843607773,210.41400146484372,133.59300231933594,217.97799682617188,133.46699523925778,1.2682600588233664e-06,0.0,3.6236006573645643e-06,0.0,-1.6218090233050616e-06,,1.002537324359435e-06,671358.7420068423
48.3,0.0,0.0,2.3872917531697623e-14,7.565044897697603,103.76061372529072,92.88134843607773,210.41400146484372,133.59300231933594,217.97799682617188,133.46699523925778,0.0,0.0,-2.536520117646877e-05,0.0,-2.314506473702434e-06,,1e-06,inf
48.35,5.835887881544088e-07,0.0,2.3872917531697623e-14,7.565044897697603,103.76061372529072,92.88134843607773,210.41400146484372,133.59300231933594,217.97799682617188,133.46699523925778,1.62107996709558e-07,0.0,3.2421599341908833e-06,0.0,-1.6768658585737297e-06,,1.0003242291329205e-06,744436.577543471
48.40000000000001,1.132851627427855e-06,0.0,2.3872917531697623e-14,7.565044897697603,103.76061372529072,92.88134843607773,210.41400146484372,133.59300231933594,217.97799682617188,133.46699523925778,3.146810076188486e-07,0.0,3.051460218185118e-06,0.0,-1.2484595504371135e-07,,1.0006294115273058e-06,733424.9980304528
48.45,1.7850998118010292e-06,0.0,2.3872917531697623e-14,7.565044897697603,103.76061372529072,92.88134843607773,210.41400146484372,133.59300231933594,217.97799682617188,133.46699523925778,4.958610588336192e-07,0.0,3.623601024296133e-06,0.0,1.4339635013143259e-06,,1.000991845056762e-06,720764.5809421841
48.5,2.4373482989782087e-06,0.0,2.3872917531697623e-14,7.565044897697603,103.76061372529072,92.88134843607773,210.41400146484372,133.59300231933594,217.97799682617188,133.46699523925778,6.770411941606135e-07,0.0,3.623602706540092e-06,0.0,2.321742596588124e-06,,1.0013543115807106e-06,708533.830686633
48.55,2.9866109771727746e-06,0.0,2.3872917531697623e-14,7.565044897697603,103.76061372529072,92.88134843607773,210.41400146484372,133.59300231933594,217.97799682617188,133.46699523925778,8.296141603257708e-07,0.0,3.0514593233033185e-06,0.0,2.3083403394028657e-06,,1.0016595724504792e-06,698551.6552761502
48.6,3.604535962836677e-06,0.0,2.3872917531697623e-14,7.565044897697603,103.76061372529072,92.88134843607773,210.41400146484372,133.59300231933594,217.97799682617188,133.46699523925778,1.0012599896768546e-06,0.0,3.4329165870213837e-06,0.0,1.4181675811159354e-06,,1.0020030212401374e-06,687652.5875032805
48.65000000000001,4.119444077090366e-06,0.0,2.3872917531697623e-14,7.565044897697603,103.76061372529072,92.88134843607773,210.41400146484372,133.59300231933594,217.97799682617188,133.46699523925778,1.1442900214139906e-06,0.0,2.860600634742071e-06,0.0,-9.365796165756599e-08,,1.0022892347426546e-06,678826.9941971366
48.7,4.737384496876078e-06,0.0,2.3872917531697623e-14,7.565044897697603,103.76061372529072,92.88134843607773,210.41400146484372,133.59300231933594,217.97799682617188,133.46699523925778,1.3159401380211327e-06,0.0,3.4330023321435246e-06,0.0,-1.5705966490451285e-06,,1.0026327461252655e-06,668529.9502671754
48.75,3.0896282727726085e-07,0.0,2.3872917531697623e-14,7.565044897697603,103.76061372529072,92.88134843607773,210.41400146484372,133.59300231933594,217.97799682617188,133.46699523925778,8.58230075770169e-08,0.0,-2.4602342608883717e-05,0.0,-2.147503152855399e-06,,1.0001716496979483e-06,750067.1875774867
48.8,9.612089099998638e-07,0.0,2.3872917531697623e-14,7.565044897697603,103.76061372529072,92.88134843607773,210.41400146484372,133.59300231933594,217.97799682617188,133.46699523925778,2.670024749999622e-07,0.0,3.623589348459111e-06,0.0,-1.4324510627963605e-06,,1.0005340405951607e-06,736830.9217922565
48.85,1.647785356765884e-06,0.0,2.3872917531697623e-14,7.565044897697603,103.76061372529072,92.88134843607773,210.41400146484372,133.59300231933594,217.97799682617188,133.46699523925778,4.5771815465718997e-07,0.0,3.8143135931442308e-06,0.0,8.211209064183524e-08,,1.000915541062269e-06,723393.4579054057
48.90000000000001,2.300033994298872e-06,0.0,2.3872917531697623e-14,7.565044897697603,103.76061372529072,92.88134843607773,210.41400146484372,133.59300231933594,217.97799682617188,133.46699523925778,6.388983317496866e-07,0.0,3.62360354184911e-06,0.0,1.4349766068138115e-06,,1.0012780007590386e-06,711074.0850978172
48.95,2.9522816918512697e-06,0.0,2.3872917531697623e-14,7.565044897697603,103.76061372529072,92.88134843607773,210.41400146484372,133.59300231933594,217.97799682617188,133.46699523925778,8.200782477364638e-07,0.0,3.6235983197362633e-06,0.0,1.8999626267579253e-06,,1.0016404927596393e-06,699167.300317832
49.0,3.4672139762723036e-06,0.0,2.3872917531697623e-14,7.565044897697603,103.76061372529072,92.88134843607773,210.41400146484372,133.59300231933594,217.97799682617188,133.46699523925778,9.631149934089731e-07,0.0,2.86073491345035e-06,0.0,1.2683288152504863e-06,1.3530256097474746e-06,1.0019266937820632e-06,690045.2017739218
49.05,4.016484412914602e-06,0.0,2.3872917531697623e-14,7.565044897697603,103.76061372529072,92.88134843607773,210.41400146484372,133.59300231933594,217.97799682617188,133.46699523925778,1.1156901146985005e-06,0.0,3.0515024257907215e-06,0.0,-1.7341527047476516e-07,,1.002232002611613e-06,680573.5693993656
49.1,4.668732869171971e-06,0.0,2.3872917531697623e-14,7.565044897697603,103.76061372529072,92.88134843607773,210.41400146484372,133.59300231933594,217.97799682617188,133.46699523925778,1.2968702414366586e-06,0.0,3.623602534762852e-06,0.0,-1.672444909923728e-06,,1.0025945814190849e-06,669658.4749596567
49.15000000000001,1.3731558097132653e-07,0.0,2.3872917531697623e-14,7.565044897697603,103.76061372529072,92.88134843607773,210.41400146484372,133.59300231933594,217.97799682617188,133.46699523925778,3.814321693647959e-08,0.0,-2.5174540489997857e-05,0.0,-2.3015164070886613e-06,,1.0000762871613255e-06,753629.9028822148
49.2,7.895709249151267e-07,0.0,2.3872917531697623e-14,7.565044897697603,103.76061372529072,92.88134843607773,210.41400146484372,133.59300231933594,217.97799682617188,133.46699523925778,2.193252569208685e-07,0.0,3.623640799688499e-06,0.0,-1.6325362471559848e-06,,1.0004386745656258e-06,740268.5311903838
49.25,1.4418113714293156e-06,0.0,2.3872917531697623e-14,7.565044897697603,103.76061372529072,92.88134843607773,210.41400146484372,133.59300231933594,217.97799682617188,133.46699523925778,4.005031587303654e-07,0.0,3.6235580361901442e-06,0.0,-1.0782704321230013e-07,,1.0008010865188508e-06,727372.9724650264
49.3,1.9910741666010457e-06,0.0,2.3872917531697623e-14,7.565044897697603,103.76061372529072,92.88134843607773,210.41400146484372,133.59300231933594,217.97799682617188,133.46699523925778,5.530761573891793e-07,0.0,3.0514599731764512e-06,0.0,1.4045768145721915e-06,,1.0011063052613962e-06,716856.8467499041
49.35,2.506007125478841e-06,0.0,2.3872917531697623e-14,7.565044897697603,103.76061372529072,92.88134843607773,210.41400146484372,133.59300231933594,217.97799682617188,133.46699523925778,6.961130904107891e-07,0.0,2.860738660431952e-06,0.0,2.287541891585586e-06,,1.001392468467539e-06,707270.4667342913
49.40000000000001,3.089595778688656e-06,0.0,2.3872917531697623e-14,7.565044897697603,103.76061372529072,92.88134843607773,210.41400146484372,133.59300231933594,217.97799682617188,133.46699523925778,8.582210496357378e-07,0.0,3.2421591844982373e-06,0.0,2.321652748484876e-06,,1.0017168103709565e-06,696711.2626567303
49.45,3.7761842740268152e-06,0.0,2.3872917531697623e-14,7.565044897697603,103.76061372529072,92.88134843607773,210.41400146484372,133.59300231933594,217.97799682617188,133.46699523925778,1.0489400761185598e-06,0.0,3.8143805296571975e-06,0.0,1.4746451110407369e-06,,1.0020984302898787e-06,684685.1232408137
49.5,4.46274014476363e-06,0.0,2.3872917531697623e-14,7.565044897697603,103.76061372529072,92.88134843607773,210.41400146484372,133.59300231933594,217.97799682617188,133.46699523925778,1.2396500402121195e-06,0.0,3.8141992818714115e-06,0.0,-6.397346236478132e-08,,1.0024800684465353e-06,673067.6551878506
49.55,4.977684938993708e-06,0.0,2.3872917531697623e-14,7.565044897697603,103.76061372529072,92.88134843607773,210.41400146484372,133.59300231933594,217.97799682617188,133.46699523925778,1.3826902608315855e-06,0.0,2.8608044123894837e-06,0.0,-1.6436180467714813e-06,,1.002766336437842e-06,664609.5715816239
49.6,4.806041048232413e-07,0.0,2.3872917531697623e-14,7.565044897697603,103.76061372529072,92.88134843607773,210.41400146484372,133.59300231933594,217.97799682617188,133.46699523925778,1.3350114022867815e-07,0.0,-2.498378241205602e-05,0.0,-2.3399489749525913e-06,,1.0002670111917346e-06,746538.1207355235
49.65000000000001,1.0641929032814556e-06,0.0,2.3872917531697623e-14,7.565044897697603,103.76061372529072,92.88134843607773,210.41400146484372,133.59300231933594,217.97799682617188,133.46699523925778,2.9560913980040435e-07,0.0,3.242159991433787e-06,0.0,-1.68848222662351e-06,,1.0005912619719828e-06,734783.6145462163
49.7,1.6134557107728902e-06,0.0,2.3872917531697623e-14,7.565044897697603,103.76061372529072,92.88134843607773,210.41400146484372,133.59300231933594,217.97799682617188,133.46699523925778,4.481821418813584e-07,0.0,3.0514600416196877e-06,0.0,-1.4718247391716378e-07,,1.0008964647173788e-06,724053.6961327703
49.75,2.2657051570632333e-06,0.0,2.3872917531697623e-14,7.565044897697603,103.76061372529072,92.88134843607773,210.41400146484372,133.59300231933594,217.97799682617188,133.46699523925778,6.293625436286759e-07,0.0,3.623608034946557e-06,0.0,1.3027500894543181e-06,,1.001258923135863e-06,711712.0021681968
49.8,2.91795171003812e-06,0.0,2.3872917531697623e-14,7.565044897697603,103.76061372529072,92.88134843607773,210.41400146484372,133.59300231933594,217.97799682617188,133.46699523925778,8.105421416772556e-07,0.0,3.6235919609717983e-06,0.0,1.8780346714420302e-06,,1.0016214127726362e-06,699784.0439965101
49.85,3.5701993885216576e-06,0.0,2.3872917531697623e-14,7.565044897697603,103.76061372529072,92.88134843607773,210.41400146484372,133.59300231933594,217.97799682617188,133.46699523925778,9.91722052367127e-07,0.0,3.623598213797121e-06,0.0,1.313962456546587e-06,,1.001983935861049e-06,688249.2899343674
49.90000000000001,4.085138108409927e-06,0.0,2.3872917531697623e-14,7.565044897697603,103.76061372529072,92.88134843607773,210.41400146484372,133.59300231933594,217.97799682617188,133.46699523925778,1.1347605856694243e-06,0.0,2.860770666045294e-06,0.0,-1.2163937198713454e-07,,1.0022701650121323e-06,679407.9530936579
49.95,4.73738418937624e-06,0.0,2.3872917531697623e-14,7.565044897697603,103.76061372529072,92.88134843607773,210.41400146484372,133.59300231933594,217.97799682617188,133.46699523925778,1.315940052604511e-06,0.0,3.6235893387024567e-06,0.0,-1.6498288066081107e-06,,1.0026327459543203e-06,668529.9553134702
50.0,2.059739805619959e-07,0.0,2.3872917531697623e-14,7.565044897697603,103.76061372529072,92.88134843607773,210.41400146484372,133.59300231933594,217.97799682617188,133.46699523925778,5.721499460055442e-08,0.0,-2.5174501160080564e-05,0.0,-2.2978102338216647e-06,-3.5661390490721512e-06,1.0001144316259788e-06,752200.7734506093
50.05,7.89562979441501e-07,0.0,2.3872917531697623e-14,7.565044897697603,103.76061372529072,92.88134843607773,210.41400146484372,133.59300231933594,217.97799682617188,133.46699523925778,2.1932304984486137e-07,0.0,3.2421611048863234e-06,0.0,-1.6070619535233929e-06,,1.0004386701509896e-06,740268.6910668164
50.1,1.4418167977069862e-06,0.0,2.3872917531697623e-14,7.565044897697603,103.76061372529072,92.88134843607773,210.41400146484372,133.59300231933594,217.97799682617188,133.46699523925778,4.0050466602971837e-07,0.0,3.623632323696831e-06,0.0,-4.653944031309813e-08,,1.0008010895340533e-06,727372.8670500638
50.15000000000001,2.059729279193657e-06,0.0,2.3872917531697623e-14,7.565044897697603,103.76061372529072,92.88134843607773,210.41400146484372,133.59300231933594,217.97799682617188,133.46699523925778,5.721470219982381e-07,0.0,3.4328471193696133e-06,0.0,1.4085531649489665e-06,,1.0011444577201038e-06,715563.7243746669
50.2,2.7119789213418978e-06,0.0,2.3872917531697623e-14,7.565044897697603,103.76061372529072,92.88134843607773,210.41400146484372,133.59300231933594,217.97799682617188,133.46699523925778,7.533274781505272e-07,0.0,3.623609123046503e-06,0.0,1.982554321198477e-06,,1.0015069387074458e-06,703507.3481272534
50.25,3.364225679094895e-06,0.0,2.3872917531697623e-14,7.565044897697603,103.76061372529072,92.88134843607773,210.41400146484372,133.59300231933594,217.97799682617188,133.46699523925778,9.345071330819153e-07,0.0,3.623593098627969e-06,0.0,1.4042472480614157e-06,,1.0018694509179548e-06,691850.56131244
50.3,4.0507922935969915e-06,0.0,2.3872917531697623e-14,7.565044897697603,103.76061372529072,92.88134843607773,210.41400146484372,133.59300231933594,217.97799682617188,133.46699523925778,1.12522008155472e-06,0.0,3.8142589694563083e-06,0.0,-7.451272242782054e-08,,1.0022510732232254e-06,679990.583758448
50.35,4.600082142952706e-06,0.0,2.3872917531697623e-14,7.565044897697603,103.76061372529072,92.88134843607773,210.41400146484372,133.59300231933594,217.97799682617188,133.46699523925778,1.2778005952646406e-06,0.0,3.0516102741981544e-06,0.0,-1.6766121292737653e-06,,1.0025564175777098e-06,670790.8012555247
50.40000000000001,0.0,0.0,2.3872917531697623e-14,7.565044897697603,103.76061372529072,92.88134843607773,210.41400146484372,133.59300231933594,217.97799682617188,133.46699523925778,0.0,0.0,-2.5556011905287002e-05,0.0,-2.406356979885528e-06,,1e-06,inf
50.45,6.522555612693814e-07,0.0,2.3872917531697623e-14,7.565044897697603,103.76061372529072,92.88134843607773,210.41400146484372,133.59300231933594,217.97799682617188,133.46699523925778,1.8118210035260593e-07,0.0,3.6236420070528395e-06,0.0,-1.7722257357887884e-06,,1.000362380614182e-06,743041.9005505855
50.5,1.1671827316949176e-06,0.0,2.3872917531697623e-14,7.565044897697603,103.76061372529072,92.88134843607773,210.41400146484372,133.59300231933594,217.97799682617188,133.46699523925778,3.2421742547081046e-07,0.0,2.860706502364253e-06,0.0,-1.9838984998332394e-07,,1.000648487409411e-06,732747.5377488591
50.55,1.7164416880961234e-06,0.0,2.3872917531697623e-14,7.565044897697603,103.76061372529072,92.88134843607773,210.41400146484372,133.59300231933594,217.97799682617188,133.46699523925778,4.767893578044787e-07,0.0,3.051438646673539e-06,0.0,1.409648688471515e-06,,1.000953692379655e-06,722076.6438395719
50.6,2.3686889867563635e-06,0.0,2.3872917531697623e-14,7.565044897697603,103.76061372529072,92.88134843607773,210.41400146484372,133.59300231933594,217.97799682617188,133.46699523925778,6.579691629878788e-07,0.0,3.6235961036676922e-06,0.0,2.364793041741519e-06,,1.0013161547876856e-06,709801.7250761872
50.65000000000001,3.0552660307507617e-06,0.0,2.3872917531697623e-14,7.565044897697603,103.76061372529072,92.88134843607773,210.41400146484372,133.59300231933594,217.97799682617188,133.46699523925778,8.486850085418783e-07,0.0,3.8143169110791223e-06,0.0,2.398575102779924e-06,,1.0016977301502057e-06,697323.6748731434
50.7,3.707531921167557e-06,0.0,2.3872917531697623e-14,7.565044897697603,103.76061372529072,92.88134843607773,210.41400146484372,133.59300231933594,217.97799682617188,133.46699523925778,1.029869978102099e-06,0.0,3.6236993912051363e-06,0.0,1.494326963153786e-06,,1.0020602702722902e-06,685868.909852672
50.75,4.256783927057708e-06,0.0,2.3872917531697623e-14,7.565044897697603,103.76061372529072,92.88134843607773,210.41400146484372,133.59300231933594,217.97799682617188,133.46699523925778,1.182439979738252e-06,0.0,3.0514000327232342e-06,0.0,-9.655542280500161e-08,,1.0023655790416292e-06,676511.1112963628
50.8,4.771692864028101e-06,0.0,2.3872917531697623e-14,7.565044897697603,103.76061372529072,92.88134843607773,210.41400146484372,133.59300231933594,217.97799682617188,133.46699523925778,1.325470240007806e-06,0.0,2.8606052053912398e-06,0.0,-1.680881419165971e-06,,1.0026518189156944e-06,667967.3989141476
50.85,3.0896282727726085e-07,0.0,2.3872917531697623e-14,7.565044897697603,103.76061372529072,92.88134843607773,210.41400146484372,133.59300231933594,217.97799682617188,133.46699523925778,8.58230075770169e-08,0.0,-2.4792944648613668e-05,0.0,-2.3465180362541354e-06,,1.0001716496979483e-06,750067.1875774867
50.90000000000001,9.612089099998638e-07,0.0,2.3872917531697623e-14,7.565044897697603,103.76061372529072,92.88134843607773,210.41400146484372,133.59300231933594,217.97799682617188,133.46699523925778,2.670024749999622e-07,0.0,3.6235893484580816e-06,0.0,-1.6659517857619418e-06,,1.0005340405951607e-06,736830.9217922565
50.95,1.4761405500608249e-06,0.0,2.3872917531697623e-14,7.565044897697603,103.76061372529072,92.88134843607773,210.41400146484372,133.59300231933594,217.97799682617188,133.46699523925778,4.1003904168356247e-07,0.0,2.860731333672575e-06,0.0,-1.1192032988528928e-07,,1.000820162149375e-06,726706.6787555626
51.0,2.0940600557662248e-06,0.0,2.3872917531697623e-14,7.565044897697603,103.76061372529072,92.88134843607773,210.41400146484372,133.59300231933594,217.97799682617188,133.46699523925778,5.816833488239513e-07,0.0,3.432886142807972e-06,0.0,1.3464195336274326e-06,3.6442297674490976e-06,1.001163535875407e-06,714918.8506513363
51.05,2.78063649234624e-06,0.0,2.3872917531697623e-14,7.565044897697603,103.76061372529072,92.88134843607773,210.41400146484372,133.59300231933594,217.97799682617188,133.46699523925778,7.723990256517333e-07,0.0,3.8143135365558557e-06,0.0,1.93366901280065e-06,,1.0015450963514308e-06,702261.8526925496
51.1,3.4328860994401694e-06,0.0,2.3872917531697623e-14,7.565044897697603,103.76061372529072,92.88134843607773,210.41400146484372,133.59300231933594,217.97799682617188,133.46699523925778,9.535794720667137e-07,0.0,3.6236089282993e-06,0.0,1.3716651227289869e-06,,1.0019076136010381e-06,690645.9132368203
51.15000000000001,4.0851363610448345e-06,0.0,2.3872917531697623e-14,7.565044897697603,103.76061372529072,92.88134843607773,210.41400146484372,133.59300231933594,217.97799682617188,133.46699523925778,1.1347601002902318e-06,0.0,3.6236125644695385e-06,0.0,-8.875702002725334e-08,,1.002270164040823e-06,679407.9827099657
51.2,4.600080421147676e-06,0.0,2.3872917531697623e-14,7.565044897697603,103.76061372529072,92.88134843607773,210.41400146484372,133.59300231933594,217.97799682617188,133.46699523925778,1.2778001169854655e-06,0.0,2.8608003339052428e-06,0.0,-1.6661446525348647e-06,,1.0025564166205404e-06,670790.8297030294
51.25,1.0298664470203106e-07,0.0,2.3872917531697623e-14,7.565044897697603,103.76061372529072,92.88134843607773,210.41400146484372,133.59300231933594,217.97799682617188,133.46699523925778,2.8607401306119737e-08,0.0,-2.4983854313588335e-05,0.0,-2.3669188864761937e-06,,1.0000572152118038e-06,754346.5004634976
51.3,6.522492271330146e-07,0.0,2.3872917531697623e-14,7.565044897697603,103.76061372529072,92.88134843607773,210.41400146484372,133.59300231933594,217.97799682617188,133.46699523925778,1.8118034087028183e-07,0.0,3.0514587912834156e-06,0.0,-1.7103215453879136e-06,,1.0003623770948984e-06,743042.028960951
51.35,1.3045007616932993e-06,0.0,2.3872917531697623e-14,7.565044897697603,103.76061372529072,92.88134843607773,210.41400146484372,133.59300231933594,217.97799682617188,133.46699523925778,3.623613226925831e-07,0.0,3.6236196364457164e-06,0.0,-1.2926492943555527e-07,,1.0007247882982493e-06,730050.2908667038
51.40000000000001,1.8194306042130692e-06,0.0,2.3872917531697623e-14,7.565044897697603,103.76061372529072,92.88134843607773,210.41400146484372,133.59300231933594,217.97799682617188,133.46699523925778,5.053973900591859e-07,0.0,2.860721347331406e-06,0.0,1.4752191202229767e-06,,1.0010109224933794e-06,720110.3030006351
51.45,2.4716802932044237e-06,0.0,2.3872917531697623e-14,7.565044897697603,103.76061372529072,92.88134843607773,210.41400146484372,133.59300231933594,217.97799682617188,133.46699523925778,6.865778592234511e-07,0.0,3.6236093832860237e-06,0.0,2.4323898053093406e-06,,1.0013733914130253e-06,707901.5375505178
51.5,3.1239254176056887e-06,0.0,2.3872917531697623e-14,7.565044897697603,103.76061372529072,92.88134843607773,210.41400146484372,133.59300231933594,217.97799682617188,133.46699523925778,8.677570604460246e-07,0.0,3.6235840244516773e-06,0.0,2.482958135533258e-06,,1.00173589062205e-06,696099.9271166193
51.55,3.8104922055927695e-06,0.0,2.3872917531697623e-14,7.565044897697603,103.76061372529072,92.88134843607773,210.41400146484372,133.59300231933594,217.97799682617188,133.46699523925778,1.0584700571091025e-06,0.0,3.8142599332617746e-06,0.0,1.5950647696058706e-06,,1.002117500293649e-06,684095.0745111707
51.6,4.497084477506291e-06,0.0,2.3872917531697623e-14,7.565044897697603,103.76061372529072,92.88134843607773,210.41400146484372,133.59300231933594,217.97799682617188,133.46699523925778,1.2491901326406365e-06,0.0,3.8144015106303535e-06,0.0,-4.2056935903500974e-09,,1.0024991605032749e-06,672496.8471949707
51.65000000000001,5.012028493906367e-06,0.0,2.3872917531697623e-14,7.565044897697603,103.76061372529072,92.88134843607773,210.41400146484372,133.59300231933594,217.97799682617188,133.46699523925778,1.392230137196213e-06,0.0,2.8608000911108802e-06,0.0,-1.6194199823699035e-06,,1.0027854294267699e-06,664053.0261934706
51.7,4.11950211170477e-07,0.0,2.3872917531697623e-14,7.565044897697603,103.76061372529072,92.88134843607773,210.41400146484372,133.59300231933594,217.97799682617188,133.46699523925778,1.1443061421402138e-07,0.0,-2.5555990459648917e-05,0.0,-2.3077656159431564e-06,,1.0002288677756107e-06,747945.7011713824
51.75,1.0641928996401423e-06,0.0,2.3872917531697623e-14,7.565044897697603,103.76061372529072,92.88134843607773,210.41400146484372,133.59300231933594,217.97799682617188,133.46699523925778,2.9560913878892843e-07,0.0,3.623570491498347e-06,0.0,-1.6274457612738154e-06,,1.0005912619699592e-06,734783.614618404
51.8,1.7164412357709626e-06,0.0,2.3872917531697623e-14,7.565044897697603,103.76061372529072,92.88134843607773,210.41400146484372,133.59300231933594,217.97799682617188,133.46699523925778,4.767892321586007e-07,0.0,3.623601867393652e-06,0.0,-8.082915894394287e-08,,1.0009536921283032e-06,722076.6524992817
51.85,2.368690521670099e-06,0.0,2.3872917531697623e-14,7.565044897697603,103.76061372529072,92.88134843607773,210.41400146484372,133.59300231933594,217.97799682617188,133.46699523925778,6.579695893528052e-07,0.0,3.6236071438837807e-06,0.0,1.3290699717059492e-06,,1.001316155640696e-06,709801.696681045
51.90000000000001,3.0209367635870144e-06,0.0,2.3872917531697623e-14,7.565044897697603,103.76061372529072,92.88134843607773,210.41400146484372,133.59300231933594,217.97799682617188,133.46699523925778,8.391491009963929e-07,0.0,3.6235902328709295e-06,0.0,1.8449134102549756e-06,,1.0016786502875996e-06,697937.1560634942
51.95,3.5358694423475607e-06,0.0,2.3872917531697623e-14,7.565044897697603,103.76061372529072,92.88134843607773,210.41400146484372,133.59300231933594,217.97799682617188,133.46699523925778,9.821859562076558e-07,0.0,2.860737104225828e-06,0.0,1.2504930145635014e-06,,1.0019648542570418e-06,688846.9133434659
52.0,4.050792813314606e-06,0.0,2.3872917531697623e-14,7.565044897697603,103.76061372529072,92.88134843607773,210.41400146484372,133.59300231933594,217.97799682617188,133.46699523925778,1.125220225920724e-06,0.0,2.8606853942615262e-06,0.0,-1.667795125138026e-07,-1.5131990461412352e-06,1.00225107351212e-06,679990.5749345756
52.05,4.737384251365338e-06,0.0,2.3872917531697623e-14,7.565044897697603,103.76061372529072,92.88134843607773,210.41400146484372,133.59300231933594,217.97799682617188,133.46699523925778,1.315940069823705e-06,0.0,3.8143968780598363e-06,0.0,-1.6587740643858714e-06,,1.002632745988781e-06,668529.9542961842
52.1,2.746308979694849e-07,0.0,2.3872917531697623e-14,7.565044897697603,103.76061372529072,92.88134843607773,210.41400146484372,133.59300231933594,217.97799682617188,133.46699523925778,7.628636054707913e-08,0.0,-2.47930741855304e-05,0.0,-2.302839735659528e-06,,1.0001525756308987e-06,750777.0846328813
52.15000000000001,8.925517248449791e-07,0.0,2.3872917531697623e-14,7.565044897697603,103.76061372529072,92.88134843607773,210.41400146484372,133.59300231933594,217.97799682617188,133.46699523925778,2.479310346791609e-07,0.0,3.432893482640854e-06,0.0,-1.6620018420309477e-06,,1.0004958928042573e-06,738202.167061563
52.2,1.4074834962402841e-06,0.0,2.3872917531697623e-14,7.565044897697603,103.76061372529072,92.88134843607773,210.41400146484372,133.59300231933594,217.97799682617188,133.46699523925778,3.9096763784452336e-07,0.0,2.860732063307819e-06,0.0,-1.8228290261961938e-07,,1.000782011703536e-06,728040.4637336428
52.25,2.0597292041100656e-06,0.0,2.3872917531697623e-14,7.565044897697603,103.76061372529072,92.88134843607773,210.41400146484372,133.59300231933594,217.97799682617188,133.46699523925778,5.721470011416849e-07,0.0,3.623587265943437e-06,0.0,1.2067374238190209e-06,,1.0011444576783788e-06,715563.7257863189
52.3,2.6089921431795383e-06,0.0,2.3872917531697623e-14,7.565044897697603,103.76061372529072,92.88134843607773,210.41400146484372,133.59300231933594,217.97799682617188,133.46699523925778,7.247200397720939e-07,0.0,3.0514607726083534e-06,0.0,1.7697301813444916e-06,,1.001449702689112e-06,705383.9046280935
52.35,3.1582549191568366e-06,0.0,2.3872917531697623e-14,7.565044897697603,103.76061372529072,92.88134843607773,210.41400146484372,133.59300231933594,217.97799682617188,133.46699523925778,8.772930330991213e-07,0.0,3.051459866540287e-06,0.0,1.2532955813415892e-06,,1.0017549708877312e-06,695489.665919407
52.40000000000001,3.844835890508506e-06,0.0,2.3872917531697623e-14,7.565044897697603,103.76061372529072,92.88134843607773,210.41400146484372,133.59300231933594,217.97799682617188,133.46699523925778,1.068009969585696e-06,0.0,3.8143387297306276e-06,0.0,-1.0695282321334543e-07,,1.0021365902618188e-06,683505.4285717075
52.45,4.4284321947543814e-06,0.0,2.3872917531697623e-14,7.565044897697603,103.76061372529072,92.88134843607773,210.41400146484372,133.59300231933594,217.97799682617188,133.46699523925778,1.2301200540984392e-06,0.0,3.242201690255509e-06,0.0,-1.5811562922063601e-06,,1.0024609967058708e-06,673638.8267671934
52.5,0.0,0.0,2.3872917531697623e-14,7.565044897697603,103.76061372529072,92.88134843607773,210.41400146484372,133.59300231933594,217.97799682617188,133.46699523925778,0.0,0.0,-2.4602401081970183e-05,0.0,-2.2224522049638762e-06,,1e-06,inf
52.55,6.179205790723808e-07,0.0,2.3872917531697623e-14,7.565044897697603,103.76061372529072,92.88134843607773,210.41400146484372,133.59300231933594,217.97799682617188,133.46699523925778,1.7164460529788356e-07,0.0,3.4328921059578666e-06,0.0,-1.5588143216736698e-06,,1.000343303941531e-06,743738.6176230893
52.6,1.1328520913615509e-06,0.0,2.3872917531697623e-14,7.565044897697603,103.76061372529072,92.88134843607773,210.41400146484372,133.59300231933594,217.97799682617188,133.46699523925778,3.1468113648931966e-07,0.0,2.860730623828478e-06,0.0,-7.046394595977724e-09,,1.0006294117850876e-06,733424.988867123
52.65000000000001,1.8194305282823143e-06,0.0,2.3872917531697623e-14,7.565044897697603,103.76061372529072,92.88134843607773,210.41400146484372,133.59300231933594,217.97799682617188,133.46699523925778,5.053973689673096e-07,0.0,3.8143246495589308e-06,0.0,1.5399516979341182e-06,,1.001010922451185e-06,720110.3044464136
52.7,2.4716783118565373e-06,0.0,2.3872917531697623e-14,7.565044897697603,103.76061372529072,92.88134843607773,210.41400146484372,133.59300231933594,217.97799682617188,133.46699523925778,6.865773088490382e-07,0.0,3.623598797635293e-06,0.0,2.4134021811678377e-06,,1.0013733903118988e-06,707901.5740084858
52.75,3.1239260768990992e-06,0.0,2.3872917531697623e-14,7.565044897697603,103.76061372529072,92.88134843607773,210.41400146484372,133.59300231933594,217.97799682617188,133.46699523925778,8.677572435830831e-07,0.0,3.623598694681104e-06,0.0,2.3826508363903374e-06,,1.001735890988483e-06,696099.9153863523
52.8,3.638844084137312e-06,0.0,2.3872917531697623e-14,7.565044897697603,103.76061372529072,92.88134843607773,210.41400146484372,133.59300231933594,217.97799682617188,133.46699523925778,1.0107900233714757e-06,0.0,2.8606555957680145e-06,0.0,1.4703846692875996e-06,,1.0020220908949786e-06,687057.4120149469
52.85,4.188132514019339e-06,0.0,2.3872917531697623e-14,7.565044897697603,103.76061372529072,92.88134843607773,210.41400146484372,133.59300231933594,217.97799682617188,133.46699523925778,1.1633701427831498e-06,0.0,3.0516023882332224e-06,0.0,-7.326130592188814e-08,,1.0023274170006109e-06,677666.7620027113
52.90000000000001,4.874688175394022e-06,0.0,2.3872917531697623e-14,7.565044897697603,103.76061372529072,92.88134843607773,210.41400146484372,133.59300231933594,217.97799682617188,133.46699523925778,1.3540800487205617e-06,0.0,3.814198118747372e-06,0.0,-1.6033791861114169e-06,,1.0027090768638303e-06,666284.2665575597
52.95,4.119469624870503e-07,0.0,2.3872917531697623e-14,7.565044897697603,103.76061372529072,92.88134843607773,210.41400146484372,133.59300231933594,217.97799682617188,133.46699523925778,1.1442971180195842e-07,0.0,-2.4793006738377002e-05,0.0,-2.2585062496042256e-06,,1.0002288659706834e-06,747945.7679032934
53.0,1.0298676553426303e-06,0.0,2.3872917531697623e-14,7.565044897697603,103.76061372529072,92.88134843607773,210.41400146484372,133.59300231933594,217.97799682617188,133.46699523925778,2.860743487062862e-07,0.0,3.432892738086751e-06,0.0,-1.624640018814311e-06,-1.4578605063005084e-06,1.0005721896166792e-06,735464.7303953314
53.05,1.5791284125745712e-06,0.0,2.3872917531697623e-14,7.565044897697603,103.76061372529072,92.88134843607773,210.41400146484372,133.59300231933594,217.97799682617188,133.46699523925778,4.386467812707142e-07,0.0,3.0514486512887337e-06,0.0,-1.5392101022482468e-07,,1.0008773897680408e-06,724715.0953772091
53.1,2.2313741470486284e-06,0.0,2.3872917531697623e-14,7.565044897697603,103.76061372529072,92.88134843607773,210.41400146484372,133.59300231933594,217.97799682617188,133.46699523925778,6.198261519579523e-07,0.0,3.623587413744453e-06,0.0,1.221967333194544e-06,,1.0012398443961454e-06,712351.1053241538
53.15000000000001,2.7463070302895287e-06,0.0,2.3872917531697623e-14,7.565044897697603,103.76061372529072,92.88134843607773,210.41400146484372,133.59300231933594,217.97799682617188,133.46699523925778,7.628630639693135e-07,0.0,2.8607382402265726e-06,0.0,1.7719030376289739e-06,,1.0015260171079657e-06,702884.0609357001
53.2,3.329899425565111e-06,0.0,2.3872917531697623e-14,7.565044897697603,103.76061372529072,92.88134843607773,210.41400146484372,133.59300231933594,217.97799682617188,133.46699523925778,9.249720626569753e-07,0.0,3.2421799737538815e-06,0.0,1.248016668548607e-06,,1.0018503719119722e-06,692454.392955012
53.25,3.982141799751342e-06,0.0,2.3872917531697623e-14,7.565044897697603,103.76061372529072,92.88134843607773,210.41400146484372,133.59300231933594,217.97799682617188,133.46699523925778,1.1061504999309284e-06,0.0,3.6235687454792677e-06,0.0,-1.1100017576014216e-07,,1.0022129127843262e-06,681158.1472576525
53.3,4.6000801507819575e-06,0.0,2.3872917531697623e-14,7.565044897697603,103.76061372529072,92.88134843607773,210.41400146484372,133.59300231933594,217.97799682617188,133.46699523925778,1.277800041883877e-06,0.0,3.4329908390591694e-06,0.0,-1.5774238303868643e-06,,1.0025564164702414e-06,670790.8341699872
53.35,1.029867805522684e-07,0.0,2.3872917531697623e-14,7.565044897697603,103.76061372529072,92.88134843607773,210.41400146484372,133.59300231933594,217.97799682617188,133.46699523925778,2.8607439042296776e-08,0.0,-2.4983852056829475e-05,0.0,-2.216198864789351e-06,,1.0000572152872772e-06,754346.4976250025
53.40000000000001,7.89562934372107e-07,0.0,2.3872917531697623e-14,7.565044897697603,103.76061372529072,92.88134843607773,210.41400146484372,133.59300231933594,217.97799682617188,133.46699523925778,2.1932303732558526e-07,0.0,3.814311965664903e-06,0.0,-1.5740657128142295e-06,,1.0004386701259484e-06,740268.6919736895
53.45,1.4074812008487137e-06,0.0,2.3872917531697623e-14,7.565044897697603,103.76061372529072,92.88134843607773,210.41400146484372,133.59300231933594,217.97799682617188,133.46699523925778,3.909670002357538e-07,0.0,3.432879258204054e-06,0.0,-7.210576909464575e-08,,1.0007820104280693e-06,728040.5084075393
53.5,1.922415006743062e-06,0.0,2.3872917531697623e-14,7.565044897697603,103.76061372529072,92.88134843607773,210.41400146484372,133.59300231933594,217.97799682617188,133.46699523925778,5.340041685397394e-07,0.0,2.8607433660798747e-06,0.0,1.4250360268684692e-06,,1.0010681509173055e-06,718154.7279325118
53.55,2.5060067357509504e-06,0.0,2.3872917531697623e-14,7.565044897697603,103.76061372529072,92.88134843607773,210.41400146484372,133.59300231933594,217.97799682617188,133.46699523925778,6.961129821530418e-07,0.0,3.2421762722662313e-06,0.0,2.286405322833039e-06,,1.001392468250948e-06,707270.4738927337
53.6,3.123925349309942e-06,0.0,2.3872917531697623e-14,7.565044897697603,103.76061372529072,92.88134843607773,210.41400146484372,133.59300231933594,217.97799682617188,133.46699523925778,8.677570414749838e-07,0.0,3.4328811864385474e-06,0.0,2.2837393824429218e-06,,1.0017358905840915e-06,696099.9283317494
53.65000000000001,3.7761842343998594e-06,0.0,2.3872917531697623e-14,7.565044897697603,103.76061372529072,92.88134843607773,210.41400146484372,133.59300231933594,217.97799682617188,133.46699523925778,1.048940065111072e-06,0.0,3.623660472720942e-06,0.0,1.403696887676624e-06,,1.0020984302678523e-06,684685.1239229301
53.7,4.291092574845622e-06,0.0,2.3872917531697623e-14,7.565044897697603,103.76061372529072,92.88134843607773,210.41400146484372,133.59300231933594,217.97799682617188,133.46699523925778,1.1919701596793393e-06,0.0,2.8606018913659144e-06,0.0,-1.300799684836791e-07,,1.0023846507157894e-06,675935.0489471238
53.75,4.8746881905525635e-06,0.0,2.3872917531697623e-14,7.565044897697603,103.76061372529072,92.88134843607773,210.41400146484372,133.59300231933594,217.97799682617188,133.46699523925778,1.3540800529312676e-06,0.0,3.242197865038749e-06,0.0,-1.657472417366324e-06,,1.0027090768722576e-06,666284.2663104656
53.8,4.4627426095957115e-07,0.0,2.3872917531697623e-14,7.565044897697603,103.76061372529072,92.88134843607773,210.41400146484372,133.59300231933594,217.97799682617188,133.46699523925778,1.2396507248876976e-07,0.0,-2.4602299608851356e-05,0.0,-2.283753789061991e-06,,1.0002479378286472e-06,747241.3074848638
53.85,9.955368781183764e-07,0.0,2.3872917531697623e-14,7.565044897697603,103.76061372529072,92.88134843607773,210.41400146484372,133.59300231933594,217.97799682617188,133.46699523925778,2.76538021699549e-07,0.0,3.0514589842153245e-06,0.0,-1.5857889097989041e-06,,1.0005531142800377e-06,736147.2201750764
53.90000000000001,1.6477847698704717e-06,0.0,2.3872917531697623e-14,7.565044897697603,103.76061372529072,92.88134843607773,210.41400146484372,133.59300231933594,217.97799682617188,133.46699523925778,4.5771799163068656e-07,0.0,3.6235993986219277e-06,0.0,-4.261922893136429e-08,,1.0009155407361412e-06,723393.469182465
53.95,2.3000327595579947e-06,0.0,2.3872917531697623e-14,7.565044897697603,103.76061372529072,92.88134843607773,210.41400146484372,133.59300231933594,217.97799682617188,133.46699523925778,6.388979887661097e-07,0.0,3.6235999427091833e-06,0.0,1.3724695890514796e-06,,1.0012780000728523e-06,711074.108021877
54.0,2.9522809860332837e-06,0.0,2.3872917531697623e-14,7.565044897697603,103.76061372529072,92.88134843607773,210.41400146484372,133.59300231933594,217.97799682617188,133.46699523925778,8.200780516759121e-07,0.0,3.6236012581962533e-06,0.0,1.9037763086032932e-06,3.528416327417604e-06,1.0016404923673571e-06,699167.3129867911
54.05,3.5358695411433267e-06,0.0,2.3872917531697623e-14,7.565044897697603,103.76061372529072,92.88134843607773,210.41400146484372,133.59300231933594,217.97799682617188,133.46699523925778,9.82185983650924e-07,0.0,3.2421586395004237e-06,0.0,1.3147835991060394e-06,,1.0019648543119551e-06,688846.9116221135
54.1,4.085136248818645e-06,0.0,2.3872917531697623e-14,7.565044897697603,103.76061372529072,92.88134843607773,210.41400146484372,133.59300231933594,217.97799682617188,133.46699523925778,1.1347600691162902e-06,0.0,3.051481709307064e-06,0.0,-1.195854686226246e-07,,1.0022701639784397e-06,679407.9846121015
54.15000000000001,4.703040152494866e-06,0.0,2.3872917531697623e-14,7.565044897697603,103.76061372529072,92.88134843607773,210.41400146484372,133.59300231933594,217.97799682617188,133.46699523925778,1.306400042359685e-06,0.0,3.432799464867114e-06,0.0,-1.6406802811585766e-06,,1.0026136534252548e-06,669094.0413708156
54.2,2.746308979694849e-07,0.0,2.3872917531697623e-14,7.565044897697603,103.76061372529072,92.88134843607773,210.41400146484372,133.59300231933594,217.97799682617188,133.46699523925778,7.628636054707913e-08,0.0,-2.460227363625701e-05,0.0,-2.3035959623000384e-06,,1.0001525756308987e-06,750777.0846328813
54.25,8.582220281541968e-07,0.0,2.3872917531697623e-14,7.565044897697603,103.76061372529072,92.88134843607773,210.41400146484372,133.59300231933594,217.97799682617188,133.46699523925778,2.3839500782061021e-07,0.0,3.242172945470806e-06,0.0,-1.657223180026412e-06,,1.000476818431731e-06,738889.7275323948
54.3,1.3731558882407027e-06,0.0,2.3872917531697623e-14,7.565044897697603,103.76061372529072,92.88134843607773,210.41400146484372,133.59300231933594,217.97799682617188,133.46699523925778,3.8143219117797295e-07,0.0,2.8607436671474173e-06,0.0,-1.523380991183621e-07,,1.0007629371276143e-06,728709.1759965734
54.35,2.025404002200137e-06,0.0,2.3872917531697623e-14,7.565044897697603,103.76061372529072,92.88134843607773,210.41400146484372,133.59300231933594,217.97799682617188,133.46699523925778,5.626122228333714e-07,0.0,3.623600633107659e-06,0.0,1.2603366604648907e-06,,1.0011253827119234e-06,716209.6589463088
54.40000000000001,2.677651529592691e-06,0.0,2.3872917531697623e-14,7.565044897697603,103.76061372529072,92.88134843607773,210.41400146484372,133.59300231933594,217.97799682617188,133.46699523925778,7.437920915535252e-07,0.0,3.6235973744022533e-06,0.0,1.8237375794310092e-06,,1.0014878607964448e-06,704131.7286514724
54.45,3.226910525304067e-06,0.0,2.3872917531697623e-14,7.565044897697603,103.76061372529072,92.88134843607773,210.41400146484372,133.59300231933594,217.97799682617188,133.46699523925778,8.963640348066853e-07,0.0,3.051438865063808e-06,0.0,1.2822725389277727e-06,,1.0017931298038549e-06,694272.408074132
54.5,3.81049220300383e-06,0.0,2.3872917531697623e-14,7.565044897697603,103.76061372529072,92.88134843607773,210.41400146484372,133.59300231933594,217.97799682617188,133.46699523925778,1.0584700563899527e-06,0.0,3.2421204316655332e-06,0.0,-1.0802602432447272e-07,,1.0021175002922101e-06,684095.0745556585
54.55,4.462741569030519e-06,0.0,2.3872917531697623e-14,7.565044897697603,103.76061372529072,92.88134843607773,210.41400146484372,133.59300231933594,217.97799682617188,133.46699523925778,1.2396504358418108e-06,0.0,3.6236075890373684e-06,0.0,-1.5950630391729549e-06,,1.0024800692382851e-06,673067.6314962287
54.6,0.0,0.0,2.3872917531697623e-14,7.565044897697603,103.76061372529072,92.88134843607773,210.41400146484372,133.59300231933594,217.97799682617188,133.46699523925778,0.0,0.0,-2.4793008716834103e-05,0.0,-2.228597522373896e-06,,1e-06,inf
54.65000000000001,5.835888018091816e-07,0.0,2.3872917531697623e-14,7.565044897697603,103.76061372529072,92.88134843607773,210.41400146484372,133.59300231933594,217.97799682617188,133.46699523925778,1.6210800050255046e-07,0.0,3.242160010050272e-06,0.0,-1.552635694496326e-06,,1.0003242291405072e-06,744436.5772656113
54.7,1.201512175289783e-06,0.0,2.3872917531697623e-14,7.565044897697603,103.76061372529072,92.88134843607773,210.41400146484372,133.59300231933594,217.97799682617188,133.46699523925778,3.337533820249397e-07,0.0,3.4329076304484677e-06,0.0,-4.063277240225929e-09,,1.0006675624597098e-06,732071.3605239147
54.75,1.853762646252349e-06,0.0,2.3872917531697623e-14,7.565044897697603,103.76061372529072,92.88134843607773,210.41400146484372,133.59300231933594,217.97799682617188,133.46699523925778,5.149340684034303e-07,0.0,3.6236137275700183e-06,0.0,1.519554198545908e-06,,1.0010300007153543e-06,719457.18807976
54.8,2.506006802846306e-06,0.0,2.3872917531697623e-14,7.565044897697603,103.76061372529072,92.88134843607773,210.41400146484372,133.59300231933594,217.97799682617188,133.46699523925778,6.961130007906405e-07,0.0,3.6235786477444095e-06,0.0,2.367350932548867e-06,,1.0013924682882363e-06,707270.4726603399
54.85,3.055266046621288e-06,0.0,2.3872917531697623e-14,7.565044897697603,103.76061372529072,92.88134843607773,210.41400146484372,133.59300231933594,217.97799682617188,133.46699523925778,8.486850129503578e-07,0.0,3.0514402431940863e-06,0.0,2.3299509619970345e-06,,1.0016977301590263e-06,697323.6745897785
54.90000000000001,3.57019969587412e-06,0.0,2.3872917531697623e-14,7.565044897697603,103.76061372529072,92.88134843607773,210.41400146484372,133.59300231933594,217.97799682617188,133.46699523925778,9.917221377428112e-07,0.0,2.8607424958484167e-06,0.0,1.4277258104271538e-06,,1.001983936031885e-06,688249.2845885486
54.95,4.256783963578701e-06,0.0,2.3872917531697623e-14,7.565044897697603,103.76061372529072,92.88134843607773,210.41400146484372,133.59300231933594,217.97799682617188,133.46699523925778,1.1824399898829726e-06,0.0,3.814357042803987e-06,0.0,-1.100589994464224e-07,,1.002365579061931e-06,676511.1106826313
55.0,4.874688264175878e-06,0.0,2.3872917531697623e-14,7.565044897697603,103.76061372529072,92.88134843607773,210.41400146484372,133.59300231933594,217.97799682617188,133.46699523925778,1.3540800733821882e-06,0.0,3.4328016699845072e-06,0.0,-1.6444379948267887e-06,-3.548214303430082e-06,1.002709076913187e-06,666284.2651103573
55.05,3.0896282727726085e-07,0.0,2.3872917531697623e-14,7.565044897697603,103.76061372529072,92.88134843607773,210.41400146484372,133.59300231933594,217.97799682617188,133.46699523925778,8.58230075770169e-08,0.0,-2.5365141316104867e-05,0.0,-2.2959781269562834e-06,,1.0001716496979483e-06,750067.1875774867
55.1,9.2687769655196e-07,0.0,2.3872917531697623e-14,7.565044897697603,103.76061372529072,92.88134843607773,210.41400146484372,133.59300231933594,217.97799682617188,133.46699523925778,2.5746602681998885e-07,0.0,3.432860384859146e-06,0.0,-1.6407970333436046e-06,,1.0005149651980176e-06,737515.9593916696
55.15000000000001,1.6134552289153632e-06,0.0,2.3872917531697623e-14,7.565044897697603,103.76061372529072,92.88134843607773,210.41400146484372,133.59300231933594,217.97799682617188,133.46699523925778,4.4818200803204533e-07,0.0,3.8143196242402623e-06,0.0,-1.4871917927415255e-07,,1.0008964644496202e-06,724053.7054084596
55.2,2.1970441475184325e-06,0.0,2.3872917531697623e-14,7.565044897697603,103.76061372529072,92.88134843607773,210.41400146484372,133.59300231933594,217.97799682617188,133.46699523925778,6.102900409773424e-07,0.0,3.242160658906586e-06,0.0,1.228023725338952e-06,,1.0012207663089218e-06,712991.338453625
55.25,2.711978012202098e-06,0.0,2.3872917531697623e-14,7.565044897697603,103.76061372529072,92.88134843607773,210.41400146484372,133.59300231933594,217.97799682617188,133.46699523925778,7.533272256116939e-07,0.0,2.8607436926871924e-06,0.0,1.7634288676394888e-06,,1.001506938202178e-06,703507.3646489235
55.3,3.2955695452986335e-06,0.0,2.3872917531697623e-14,7.565044897697603,103.76061372529072,92.88134843607773,210.41400146484372,133.59300231933594,217.97799682617188,133.46699523925778,9.15435984805176e-07,0.0,3.242175183869827e-06,0.0,1.233447638168135e-06,,1.0018312909811315e-06,693059.343504787
55.35,3.913488234898551e-06,0.0,2.3872917531697623e-14,7.565044897697603,103.76061372529072,92.88134843607773,210.41400146484372,133.59300231933594,217.97799682617188,133.46699523925778,1.0870800652495977e-06,0.0,3.4328816088881407e-06,0.0,-1.0765505841448315e-07,,1.0021747510020334e-06,682329.779633218
55.40000000000001,4.497084047004741e-06,0.0,2.3872917531697623e-14,7.565044897697603,103.76061372529072,92.88134843607773,210.41400146484372,133.59300231933594,217.97799682617188,133.46699523925778,1.2491900130568725e-06,0.0,3.2421989561447584e-06,0.0,-1.5395638573061064e-06,,1.0024991602639584e-06,672496.8543439035
55.45,1.3731558097132653e-07,0.0,2.3872917531697623e-14,7.565044897697603,103.76061372529072,92.88134843607773,210.41400146484372,133.59300231933594,217.97799682617188,133.46699523925778,3.814321693647959e-08,0.0,-2.4220935922412675e-05,0.0,-2.1487962348666305e-06,,1.0000762871613255e-06,753629.9028822148
55.5,7.89565470582242e-07,0.0,2.3872917531697623e-14,7.565044897697603,103.76061372529072,92.88134843607773,210.41400146484372,133.59300231933594,217.97799682617188,133.46699523925778,2.1932374182840055e-07,0.0,3.623610497838625e-06,0.0,-1.4947229485005618e-06,,1.0004386715351086e-06,740268.6409408236
55.55,1.407481723754081e-06,0.0,2.3872917531697623e-14,7.565044897697603,103.76061372529072,92.88134843607773,210.41400146484372,133.59300231933594,217.97799682617188,133.46699523925778,3.909671454872447e-07,0.0,3.4328680731770785e-06,0.0,1.0219521244994226e-08,,1.0007820107186289e-06,728040.4982305301
55.6,1.92241512972904e-06,0.0,2.3872917531697623e-14,7.565044897697603,103.76061372529072,92.88134843607773,210.41400146484372,133.59300231933594,217.97799682617188,133.46699523925778,5.340042027025111e-07,0.0,2.860741144305084e-06,0.0,1.5177334038293291e-06,,1.0010681509856494e-06,718154.7256034681
55.65000000000001,2.5403328250417253e-06,0.0,2.3872917531697623e-14,7.565044897697603,103.76061372529072,92.88134843607773,210.41400146484372,133.59300231933594,217.97799682617188,133.46699523925778,7.056480069560348e-07,0.0,3.432876085069693e-06,0.0,2.399339579667351e-06,,1.0014115449834669e-06,706640.5408418236
55.7,3.192582384822205e-06,0.0,2.3872917531697623e-14,7.565044897697603,103.76061372529072,92.88134843607773,210.41400146484372,133.59300231933594,217.97799682617188,133.46699523925778,8.868284402283902e-07,0.0,3.623608665447829e-06,0.0,2.4092831979282353e-06,,1.001774050112798e-06,694880.5098961308
55.75,3.8448379302512225e-06,0.0,2.3872917531697623e-14,7.565044897697603,103.76061372529072,92.88134843607773,210.41400146484372,133.59300231933594,217.97799682617188,133.46699523925778,1.0680105361808952e-06,0.0,3.6236419190503053e-06,0.0,1.509708083510072e-06,,1.0021365913956148e-06,683505.3935815985
55.8,4.497083868907759e-06,0.0,2.3872917531697623e-14,7.565044897697603,103.76061372529072,92.88134843607773,210.41400146484372,133.59300231933594,217.97799682617188,133.46699523925778,1.2491899635854886e-06,0.0,3.623588548092074e-06,0.0,-8.34278187803177e-08,,1.0024991601649536e-06,672496.8573013921
55.85,5.046335934170212e-06,0.0,2.3872917531697623e-14,7.565044897697603,103.76061372529072,92.88134843607773,210.41400146484372,133.59300231933594,217.97799682617188,133.46699523925778,1.4017599817139476e-06,0.0,3.0514003625689202e-06,0.0,-1.6828764132529023e-06,,1.002804502428951e-06,663497.9959085581
55.90000000000001,4.11950211170477e-07,0.0,2.3872917531697623e-14,7.565044897697603,103.76061372529072,92.88134843607773,210.41400146484372,133.59300231933594,217.97799682617188,133.46699523925778,1.1443061421402138e-07,0.0,-2.574658734999267e-05,0.0,-2.347851417073384e-06,,1.0002288677756107e-06,747945.7011713824
55.95,1.0298665421950192e-06,0.0,2.3872917531697623e-14,7.565044897697603,103.76061372529072,92.88134843607773,210.41400146484372,133.59300231933594,217.97799682617188,133.46699523925778,2.8607403949861643e-07,0.0,3.432868505692584e-06,0.0,-1.635213654694303e-06,,1.0005721889981753e-06,735464.7525039935
56.0,1.7164432904901948e-06,0.0,2.3872917531697623e-14,7.565044897697603,103.76061372529072,92.88134843607773,210.41400146484372,133.59300231933594,217.97799682617188,133.46699523925778,4.76789802913943e-07,0.0,3.814315268306748e-06,0.0,-5.078649463798366e-08,1.593651500188805e-06,1.000953693270086e-06,722076.6131619355
56.05,2.4030195592759333e-06,0.0,2.3872917531697623e-14,7.565044897697603,103.76061372529072,92.88134843607773,210.41400146484372,133.59300231933594,217.97799682617188,133.46699523925778,6.675054331322037e-07,0.0,3.8143126043654312e-06,0.0,1.3894662861220616e-06,,1.001335233648016e-06,709167.1942534315
56.1,3.020937486403772e-06,0.0,2.3872917531697623e-14,7.565044897697603,103.76061372529072,92.88134843607773,210.41400146484372,133.59300231933594,217.97799682617188,133.46699523925778,8.391493017788256e-07,0.0,3.4328773729321444e-06,0.0,1.9096072612679244e-06,,1.0016786506893331e-06,697937.1431350331
56.15000000000001,3.638844125275313e-06,0.0,2.3872917531697623e-14,7.565044897697603,103.76061372529072,92.88134843607773,210.41400146484372,133.59300231933594,217.97799682617188,133.46699523925778,1.010790034798698e-06,0.0,3.432814660396669e-06,0.0,1.2791990014294208e-06,,1.0020220909178447e-06,687057.4113019046
56.2,4.1537885675577454e-06,0.0,2.3872917531697623e-14,7.565044897697603,103.76061372529072,92.88134843607773,210.41400146484372,133.59300231933594,217.97799682617188,133.46699523925778,1.1538301576549294e-06,0.0,2.8608024571251954e-06,0.0,-2.0974493527096047e-07,,1.0023083259773262e-06,678246.3773222935
56.25,4.771691856498047e-06,0.0,2.3872917531697623e-14,7.565044897697603,103.76061372529072,92.88134843607773,210.41400146484372,133.59300231933594,217.97799682617188,133.46699523925778,1.3254699601383465e-06,0.0,3.4327960496685372e-06,0.0,-1.7771938676905559e-06,,1.0026518183555845e-06,667967.4154206305
56.3,2.4030330495695127e-07,0.0,2.3872917531697623e-14,7.565044897697603,103.76061372529072,92.88134843607773,210.41400146484372,133.59300231933594,217.97799682617188,133.46699523925778,6.675091804359757e-08,0.0,-2.5174380841896407e-05,0.0,-2.4547141719010883e-06,,1.0001335040639298e-06,751488.2367992289
56.35,7.895635576135565e-07,0.0,2.3872917531697623e-14,7.565044897697603,103.76061372529072,92.88134843607773,210.41400146484372,133.59300231933594,217.97799682617188,133.46699523925778,2.1932321044821014e-07,0.0,3.0514458480919907e-06,0.0,-1.7764473679993172e-06,,1.000438670472232e-06,740268.6794330098
56.40000000000001,1.3044970809198595e-06,0.0,2.3872917531697623e-14,7.565044897697603,103.76061372529072,92.88134843607773,210.41400146484372,133.59300231933594,217.97799682617188,133.46699523925778,3.6236030025551654e-07,0.0,2.8607417961454775e-06,0.0,-1.998749378910611e-07,,1.0007247862530046e-06,730050.3628995667
56.45,1.9567462854377944e-06,0.0,2.3872917531697623e-14,7.565044897697603,103.76061372529072,92.88134843607773,210.41400146484372,133.59300231933594,217.97799682617188,133.46699523925778,5.435406348438318e-07,0.0,3.6236066917670258e-06,0.0,1.2952941417413693e-06,,1.0010872289878984e-06,717505.168301526
56.5,2.6433215712654163e-06,0.0,2.3872917531697623e-14,7.565044897697603,103.76061372529072,92.88134843607773,210.41400146484372,133.59300231933594,217.97799682617188,133.46699523925778,7.342559920181711e-07,0.0,3.8143071434870035e-06,0.0,1.9135830241857425e-06,,1.0014687815499673e-06,704757.2652751019
56.55,3.2955710624635613e-06,0.0,2.3872917531697623e-14,7.565044897697603,103.76061372529072,92.88134843607773,210.41400146484372,133.59300231933594,217.97799682617188,133.46699523925778,9.154364062398781e-07,0.0,3.623608284434346e-06,0.0,1.3735503156867448e-06,,1.0018312918243867e-06,693059.3167464195
56.6,3.913488091483979e-06,0.0,2.3872917531697623e-14,7.565044897697603,103.76061372529072,92.88134843607773,210.41400146484372,133.59300231933594,217.97799682617188,133.46699523925778,1.0870800254122164e-06,0.0,3.4328723834464733e-06,0.0,-6.313297195682805e-08,,1.0021747509223151e-06,682329.7820849214
56.65000000000001,4.428432879492611e-06,0.0,2.3872917531697623e-14,7.565044897697603,103.76061372529072,92.88134843607773,210.41400146484372,133.59300231933594,217.97799682617188,133.46699523925778,1.230120244303503e-06,0.0,2.8608043778250803e-06,0.0,-1.611506484919347e-06,,1.0024609970865147e-06,673638.8153577416
56.7,0.0,0.0,2.3872917531697623e-14,7.565044897697603,103.76061372529072,92.88134843607773,210.41400146484372,133.59300231933594,217.97799682617188,133.46699523925778,0.0,0.0,-2.4602404886074953e-05,0.0,-2.288387262577652e-06,,1e-06,inf
56.75,6.179205790723808e-07,0.0,2.3872917531697623e-14,7.565044897697603,103.76061372529072,92.88134843607773,210.41400146484372,133.59300231933594,217.97799682617188,133.46699523925778,1.7164460529788356e-07,0.0,3.4328921059578666e-06,0.0,-1.6216578439431955e-06,,1.000343303941531e-06,743738.6176230893
56.8,1.1328520913615509e-06,0.0,2.3872917531697623e-14,7.565044897697603,103.76061372529072,92.88134843607773,210.41400146484372,133.59300231933594,217.97799682617188,133.46699523925778,3.1468113648931966e-07,0.0,2.8607306238288846e-06,0.0,-4.111094714327448e-08,,1.0006294117850876e-06,733424.988867123
56.85,1.785102806846449e-06,0.0,2.3872917531697623e-14,7.565044897697603,103.76061372529072,92.88134843607773,210.41400146484372,133.59300231933594,217.97799682617188,133.46699523925778,4.958618907906803e-07,0.0,3.6236150860269037e-06,0.0,1.5562896338352378e-06,,1.0009918467210886e-06,720764.5238106032
56.90000000000001,2.4373489396629203e-06,0.0,2.3872917531697623e-14,7.565044897697603,103.76061372529072,92.88134843607773,210.41400146484372,133.59300231933594,217.97799682617188,133.46699523925778,6.77041372128589e-07,0.0,3.6235896267573506e-06,0.0,2.4964384105472436e-06,,1.001354311936767e-06,708533.8188765888
56.95,3.0895955786018727e-06,0.0,2.3872917531697623e-14,7.565044897697603,103.76061372529072,92.88134843607773,210.41400146484372,133.59300231933594,217.97799682617188,133.46699523925778,8.582209940560757e-07,0.0,3.623592438550455e-06,0.0,2.5184650257708383e-06,,1.0017168102597493e-06,696711.2662229661
57.0,3.7761859859601616e-06,0.0,2.3872917531697623e-14,7.565044897697603,103.76061372529072,92.88134843607773,210.41400146484372,133.59300231933594,217.97799682617188,133.46699523925778,1.0489405516556004e-06,0.0,3.81439115199071e-06,0.0,1.595696958032704e-06,1.6464834526706876e-06,1.0020984312414516e-06,684685.0937725462
57.05,4.394089468706562e-06,0.0,2.3872917531697623e-14,7.565044897697603,103.76061372529072,92.88134843607773,210.41400146484372,133.59300231933594,217.97799682617188,133.46699523925778,1.220580407974045e-06,0.0,3.4327971263690895e-06,0.0,-4.5004878501615776e-08,,1.0024419057242142e-06,674211.5490141141
57.1,5.0120285898733425e-06,0.0,2.3872917531697623e-14,7.565044897697603,103.76061372529072,92.88134843607773,210.41400146484372,133.59300231933594,217.97799682617188,133.46699523925778,1.3922301638537063e-06,0.0,3.432995117592932e-06,0.0,-1.717575326232662e-06,,1.002785429480122e-06,664053.0246396055
57.15000000000001,3.7762180860174005e-07,0.0,2.3872917531697623e-14,7.565044897697603,103.76061372529072,92.88134843607773,210.41400146484372,133.59300231933594,217.97799682617188,133.46699523925778,1.0489494683381668e-07,0.0,-2.574670434039194e-05,0.0,-2.475323219327933e-06,,1.0002097953951426e-06,748651.5136971286
57.2,9.268795134437885e-07,0.0,2.3872917531697623e-14,7.565044897697603,103.76061372529072,92.88134843607773,210.41400146484372,133.59300231933594,217.97799682617188,133.46699523925778,2.5746653151216345e-07,0.0,3.0514316935675428e-06,0.0,-1.8410702717001895e-06,,1.0005149662075318e-06,737515.9231040998
57.25,1.4418112625247512e-06,0.0,2.3872917531697623e-14,7.565044897697603,103.76061372529072,92.88134843607773,210.41400146484372,133.59300231933594,217.97799682617188,133.46699523925778,4.0050312847909754e-07,0.0,2.8607319393388444e-06,0.0,-2.7315562484960957e-07,,1.000801086458336e-06,727372.9745806889
57.3,2.0940589769670256e-06,0.0,2.3872917531697623e-14,7.565044897697603,103.76061372529072,92.88134843607773,210.41400146484372,133.59300231933594,217.97799682617188,133.46699523925778,5.81683049157507e-07,0.0,3.623598413568396e-06,0.0,1.2301659625134486e-06,,1.0011635352759e-06,714918.8708973774
57.35,2.746307367145031e-06,0.0,2.3872917531697623e-14,7.565044897697603,103.76061372529072,92.88134843607773,210.41400146484372,133.59300231933594,217.97799682617188,133.46699523925778,7.628631575402864e-07,0.0,3.6236021676552785e-06,0.0,1.859876142335079e-06,,1.0015260172951792e-06,702884.0548249148
57.40000000000001,3.398556070488932e-06,0.0,2.3872917531697623e-14,7.565044897697603,103.76061372529072,92.88134843607773,210.41400146484372,133.59300231933594,217.97799682617188,133.46699523925778,9.440433529135922e-07,0.0,3.623603907465291e-06,0.0,1.3301676145943588e-06,,1.0018885323147532e-06,691247.7092557924
57.45,4.016484395000827e-06,0.0,2.3872917531697623e-14,7.565044897697603,103.76061372529072,92.88134843607773,210.41400146484372,133.59300231933594,217.97799682617188,133.46699523925778,1.115690109722452e-06,0.0,3.432935136177879e-06,0.0,-9.938253770534988e-08,,1.0022320026016553e-06,680573.5697040311
57.5,4.531394176411818e-06,0.0,2.3872917531697623e-14,7.565044897697603,103.76061372529072,92.88134843607773,210.41400146484372,133.59300231933594,217.97799682617188,133.46699523925778,1.2587206045588381e-06,0.0,2.8606098967278864e-06,0.0,-1.6456335881658493e-06,,1.0025182333978976e-06,671927.5807088057
57.55,1.029867805522684e-07,0.0,2.3872917531697623e-14,7.565044897697603,103.76061372529072,92.88134843607773,210.41400146484372,133.59300231933594,217.97799682617188,133.46699523925778,2.8607439042296776e-08,0.0,-2.4602263310332227e-05,0.0,-2.322706967697912e-06,,1.0000572152872772e-06,754346.4976250025
57.6,6.865800846407471e-07,0.0,2.3872917531697623e-14,7.565044897697603,103.76061372529072,92.88134843607773,210.41400146484372,133.59300231933594,217.97799682617188,133.46699523925778,1.907166901779853e-07,0.0,3.242185022713494e-06,0.0,-1.6521160701133947e-06,,1.000381451566784e-06,742346.699225673
57.65000000000001,1.2015113195390415e-06,0.0,2.3872917531697623e-14,7.565044897697603,103.76061372529072,92.88134843607773,210.41400146484372,133.59300231933594,217.97799682617188,133.46699523925778,3.337531443164004e-07,0.0,2.8607290827676522e-06,0.0,-6.286280564122462e-08,,1.0006675619842133e-06,732071.3773638383
57.7,1.853760081323711e-06,0.0,2.3872917531697623e-14,7.565044897697603,103.76061372529072,92.88134843607773,210.41400146484372,133.59300231933594,217.97799682617188,133.46699523925778,5.149333559232531e-07,0.0,3.6236042321377746e-06,0.0,1.5369509062980589e-06,,1.001029999290027e-06,719457.236829378
57.75,2.540332972061366e-06,0.0,2.3872917531697623e-14,7.565044897697603,103.76061372529072,92.88134843607773,210.41400146484372,133.59300231933594,217.97799682617188,133.46699523925778,7.056480477948239e-07,0.0,3.814293837431633e-06,0.0,2.4587395011950318e-06,,1.0014115450651734e-06,706640.5381462049
57.8,3.1925832182690838e-06,0.0,2.3872917531697623e-14,7.565044897697603,103.76061372529072,92.88134843607773,210.41400146484372,133.59300231933594,217.97799682617188,133.46699523925778,8.868286717414121e-07,0.0,3.6236124789319697e-06,0.0,2.445091037084949e-06,,1.0017740505760294e-06,694880.4951192025
57.85,3.844835980595275e-06,0.0,2.3872917531697623e-14,7.565044897697603,103.76061372529072,92.88134843607773,210.41400146484372,133.59300231933594,217.97799682617188,133.46699523925778,1.0680099946097985e-06,0.0,3.623626457367419e-06,0.0,1.5019651107350891e-06,,1.002136590311894e-06,683505.427026343
57.90000000000001,4.359779839082564e-06,0.0,2.3872917531697623e-14,7.565044897697603,103.76061372529072,92.88134843607773,210.41400146484372,133.59300231933594,217.97799682617188,133.46699523925778,1.2110499553007121e-06,0.0,2.8607992138176216e-06,0.0,-1.0416736065833112e-07,,1.0024228332315983e-06,674784.6925898999
57.95,4.874689289470163e-06,0.0,2.3872917531697623e-14,7.565044897697603,103.76061372529072,92.88134843607773,210.41400146484372,133.59300231933594,217.97799682617188,133.46699523925778,1.3540803581861564e-06,0.0,2.8606080577094554e-06,0.0,-1.685233756650733e-06,,1.0027090774831806e-06,666284.2483973873
58.0,4.806043986401083e-07,0.0,2.3872917531697623e-14,7.565044897697603,103.76061372529072,92.88134843607773,210.41400146484372,133.59300231933594,217.97799682617188,133.46699523925778,1.3350122184447452e-07,0.0,-2.4411582726835028e-05,0.0,-2.345770974796861e-06,-3.941467932829565e-06,1.000267011354977e-06,746538.114722863
58.05,1.0641929032710123e-06,0.0,2.3872917531697623e-14,7.565044897697603,103.76061372529072,92.88134843607773,210.41400146484372,133.59300231933594,217.97799682617188,133.46699523925778,2.956091397975034e-07,0.0,3.2421583590607622e-06,0.0,-1.670106282233763e-06,,1.0005912619719766e-06,734783.6145464234
58.1,1.613455679378737e-06,0.0,2.3872917531697623e-14,7.565044897697603,103.76061372529072,92.88134843607773,210.41400146484372,133.59300231933594,217.97799682617188,133.46699523925778,4.481821331607603e-07,0.0,3.051459867264877e-06,0.0,-1.3237685986334512e-07,,1.0008964646999337e-06,724053.6967371034
58.15000000000001,2.231373579048606e-06,0.0,2.3872917531697623e-14,7.565044897697603,103.76061372529072,92.88134843607773,210.41400146484372,133.59300231933594,217.97799682617188,133.46699523925778,6.198259941801683e-07,0.0,3.4328772203873797e-06,0.0,1.3038296155437959e-06,,1.001239844080492e-06,712351.115907489
58.2,2.883622744587545e-06,0.0,2.3872917531697623e-14,7.565044897697603,103.76061372529072,92.88134843607773,210.41400146484372,133.59300231933594,217.97799682617188,133.46699523925778,8.010063179409847e-07,0.0,3.623606475217048e-06,0.0,1.8742355145633966e-06,,1.0016023334414426e-06,700401.8584019993
58.25,3.535870105677532e-06,0.0,2.3872917531697623e-14,7.565044897697603,103.76061372529072,92.88134843607773,210.41400146484372,133.59300231933594,217.97799682617188,133.46699523925778,9.821861404659812e-07,0.0,3.623596450500137e-06,0.0,1.3164575606114225e-06,,1.0019648546257391e-06,688846.901786042
58.3,4.119444078116713e-06,0.0,2.3872917531697623e-14,7.565044897697603,103.76061372529072,92.88134843607773,210.41400146484372,133.59300231933594,217.97799682617188,133.46699523925778,1.144290021699087e-06,0.0,3.242077624662298e-06,0.0,-1.0862364342860397e-07,,1.002289234743225e-06,678826.9941797707
58.35,4.634389675288919e-06,0.0,2.3872917531697623e-14,7.565044897697603,103.76061372529072,92.88134843607773,210.41400146484372,133.59300231933594,217.97799682617188,133.46699523925778,1.287330465358033e-06,0.0,2.8608088731786783e-06,0.0,-1.6287837436157438e-06,,1.0025754895405797e-06,670224.4539499836
58.40000000000001,2.4030330495695127e-07,0.0,2.3872917531697623e-14,7.565044897697603,103.76061372529072,92.88134843607773,210.41400146484372,133.59300231933594,217.97799682617188,133.46699523925778,6.675091804359757e-08,0.0,-2.4411590946283157e-05,0.0,-2.2778331454717862e-06,,1.0001335040639298e-06,751488.2367992289
58.45,8.238965522794432e-07,0.0,2.3872917531697623e-14,7.565044897697603,103.76061372529072,92.88134843607773,210.41400146484372,133.59300231933594,217.97799682617188,133.46699523925778,2.2886015341095643e-07,0.0,3.2421847073478224e-06,0.0,-1.6009596325189797e-06,,1.0004577464953068e-06,739578.4852112709
58.5,1.4074832256228734e-06,0.0,2.3872917531697623e-14,7.565044897697603,103.76061372529072,92.88134843607773,210.41400146484372,133.59300231933594,217.97799682617188,133.46699523925778,3.9096756267302036e-07,0.0,3.242148185241463e-06,0.0,-6.187490689390629e-08,,1.0007820115531636e-06,728040.4690005148
58.55,2.025403411059949e-06,0.0,2.3872917531697623e-14,7.565044897697603,103.76061372529072,92.88134843607773,210.41400146484372,133.59300231933594,217.97799682617188,133.46699523925778,5.626120586277636e-07,0.0,3.4328899190950593e-06,0.0,1.3735185085456966e-06,,1.0011253823834196e-06,716209.6700804528
58.6,2.7119777328854918e-06,0.0,2.3872917531697623e-14,7.565044897697603,103.76061372529072,92.88134843607773,210.41400146484372,133.59300231933594,217.97799682617188,133.46699523925778,7.533271480237477e-07,0.0,3.814301787919357e-06,0.0,1.934311094371418e-06,,1.0015069380469434e-06,703507.3697249051
58.65000000000001,3.364226231820065e-06,0.0,2.3872917531697623e-14,7.565044897697603,103.76061372529072,92.88134843607773,210.41400146484372,133.59300231933594,217.97799682617188,133.46699523925778,9.345072866166847e-07,0.0,3.6236027718579172e-06,0.0,1.3525886012606727e-06,,1.0018694512251678e-06,691850.5515979541
58.7,3.913490275112975e-06,0.0,2.3872917531697623e-14,7.565044897697603,103.76061372529072,92.88134843607773,210.41400146484372,133.59300231933594,217.97799682617188,133.46699523925778,1.0870806319758263e-06,0.0,3.051466907183438e-06,0.0,-1.1421950208188894e-07,,1.002174752136102e-06,682329.7447553097
58.75,4.565736083777224e-06,0.0,2.3872917531697623e-14,7.565044897697603,103.76061372529072,92.88134843607773,210.41400146484372,133.59300231933594,217.97799682617188,133.46699523925778,1.2682600232714511e-06,0.0,3.6235878259127023e-06,0.0,-1.6880108955631765e-06,,1.002537324288286e-06,671358.7441250122
58.8,0.0,0.0,2.3872917531697623e-14,7.565044897697603,103.76061372529072,92.88134843607773,210.41400146484372,133.59300231933594,217.97799682617188,133.46699523925778,0.0,0.0,-2.5365200465430465e-05,0.0,-2.3807735037319884e-06,,1e-06,inf
58.85,5.149416957621485e-07,0.0,2.3872917531697623e-14,7.565044897697603,103.76061372529072,92.88134843607773,210.41400146484372,133.59300231933594,217.97799682617188,133.46699523925778,1.4303935993393013e-07,0.0,2.8607871986783588e-06,0.0,-1.7138225655488528e-06,,1.000286088949997e-06,745836.0979629364
58.90000000000001,1.167181288926413e-06,0.0,2.3872917531697623e-14,7.565044897697603,103.76061372529072,92.88134843607773,210.41400146484372,133.59300231933594,217.97799682617188,133.46699523925778,3.242170247017814e-07,0.0,3.623553295356201e-06,0.0,-1.2573595067538075e-07,,1.000648486607743e-06,732747.5661929066
58.95,1.8194362382877014e-06,0.0,2.3872917531697623e-14,7.565044897697603,103.76061372529072,92.88134843607773,210.41400146484372,133.59300231933594,217.97799682617188,133.46699523925778,5.05398955079917e-07,0.0,3.6236386075634335e-06,0.0,1.473316777671258e-06,,1.0010109256242116e-06,720110.1957236476
59.0,2.3343655738625146e-06,0.0,2.3872917531697623e-14,7.565044897697603,103.76061372529072,92.88134843607773,210.41400146484372,133.59300231933594,217.97799682617188,133.46699523925778,6.484348816284762e-07,0.0,2.860718530971347e-06,0.0,2.416222247694524e-06,4.761993222491385e-06,1.0012970799971549e-06,710437.2597281331
59.05,3.02093861862793e-06,0.0,2.3872917531697623e-14,7.565044897697603,103.76061372529072,92.88134843607773,210.41400146484372,133.59300231933594,217.97799682617188,133.46699523925778,8.391496162855361e-07,0.0,3.8142946931414144e-06,0.0,2.463711258872763e-06,,1.0016786513186104e-06,697937.1228838213
59.1,3.673191225834966e-06,0.0,2.3872917531697623e-14,7.565044897697603,103.76061372529072,92.88134843607773,210.41400146484372,133.59300231933594,217.97799682617188,133.46699523925778,1.0203308960652684e-06,0.0,3.6236255955943365e-06,0.0,1.5962667975932153e-06,,1.0020411823296993e-06,686462.5907375112
59.15000000000001,4.325436112295717e-06,0.0,2.3872917531697623e-14,7.565044897697603,103.76061372529072,92.88134843607773,210.41400146484372,133.59300231933594,217.97799682617188,133.46699523925778,1.2015100311932547e-06,0.0,3.623582702558903e-06,0.0,2.1848849454529745e-08,,1.0024037418755638e-06,675359.38249673
59.2,4.9776864400804425e-06,0.0,2.3872917531697623e-14,7.565044897697603,103.76061372529072,92.88134843607773,210.41400146484372,133.59300231933594,217.97799682617188,133.46699523925778,1.3826906778001229e-06,0.0,3.6236129321380836e-06,0.0,-1.6052521848533517e-06,,1.0027663372723555e-06,664609.5472357738
59.25,4.1194507054675187e-07,0.0,2.3872917531697623e-14,7.565044897697603,103.76061372529072,92.88134843607773,210.41400146484372,133.59300231933594,217.97799682617188,133.46699523925778,1.1442918626298663e-07,0.0,-2.5365229830744167e-05,0.0,-2.365329958774319e-06,,1.0002288649195452e-06,747945.806766055
59.3,9.612089956632966e-07,0.0,2.3872917531697623e-14,7.565044897697603,103.76061372529072,92.88134843607773,210.41400146484372,133.59300231933594,217.97799682617188,133.46699523925778,2.670024987953602e-07,0.0,3.0514662506476445e-06,0.0,-1.7907067175394069e-06,,1.000534040642758e-06,736830.9200845348
59.35,1.5447996259284178e-06,0.0,2.3872917531697623e-14,7.565044897697603,103.76061372529072,92.88134843607773,210.41400146484372,133.59300231933594,217.97799682617188,133.46699523925778,4.291110072023383e-07,0.0,3.2421701681392855e-06,0.0,-3.21599148295251e-07,,1.000858314082533e-06,725377.7328166501
59.40000000000001,2.0940588936672094e-06,0.0,2.3872917531697623e-14,7.565044897697603,103.76061372529072,92.88134843607773,210.41400146484372,133.59300231933594,217.97799682617188,133.46699523925778,5.816830260186693e-07,0.0,3.0514403763259256e-06,0.0,1.0897886165354497e-06,,1.0011635352296088e-06,714918.8724606818
59.45,2.643321585144022e-06,0.0,2.3872917531697623e-14,7.565044897697603,103.76061372529072,92.88134843607773,210.41400146484372,133.59300231933594,217.97799682617188,133.46699523925778,7.342559958733394e-07,0.0,3.0514593970940096e-06,0.0,1.6867797083618448e-06,,1.0014687815576806e-06,704757.265021991
59.5,3.226910374228744e-06,0.0,2.3872917531697623e-14,7.565044897697603,103.76061372529072,92.88134843607773,210.41400146484372,133.59300231933594,217.97799682617188,133.46699523925778,8.963639928413177e-07,0.0,3.242159939359751e-06,0.0,1.2059550139025555e-06,,1.0017931297198864e-06,694272.4107479961
59.55,3.879144086675605e-06,0.0,2.3872917531697623e-14,7.565044897697603,103.76061372529072,92.88134843607773,210.41400146484372,133.59300231933594,217.97799682617188,133.46699523925778,1.077540024076557e-06,0.0,3.6235206247049897e-06,0.0,-1.1914574404497064e-07,,1.002155660594405e-06,682917.405963355
59.6,4.428432100331927e-06,0.0,2.3872917531697623e-14,7.565044897697603,103.76061372529072,92.88134843607773,210.41400146484372,133.59300231933594,217.97799682617188,133.46699523925778,1.2301200278699795e-06,0.0,3.051600075868191e-06,0.0,-1.5607230655066674e-06,,1.0024609966533814e-06,673638.8283405077
59.65000000000001,1.029867805522684e-07,0.0,2.3872917531697623e-14,7.565044897697603,103.76061372529072,92.88134843607773,210.41400146484372,133.59300231933594,217.97799682617188,133.46699523925778,2.8607439042296776e-08,0.0,-2.403025177654819e-05,0.0,-2.180991212439474e-06,,1.0000572152872772e-06,754346.4976250025
59.7,6.522480944804982e-07,0.0,2.3872917531697623e-14,7.565044897697603,103.76061372529072,92.88134843607773,210.41400146484372,133.59300231933594,217.97799682617188,133.46699523925778,1.8118002624458283e-07,0.0,3.0514517440463283e-06,0.0,-1.5219338039227985e-06,,1.00036237646559e-06,743042.0519229375
59.75,1.2701666135831685e-06,0.0,2.3872917531697623e-14,7.565044897697603,103.76061372529072,92.88134843607773,210.41400146484372,133.59300231933594,217.97799682617188,133.46699523925778,3.528240593286579e-07,0.0,3.4328806616816966e-06,0.0,-5.287691631175817e-09,,1.0007057103610658e-06,730722.8302485194
59.8,1.9224145821935082e-06,0.0,2.3872917531697623e-14,7.565044897697603,103.76061372529072,92.88134843607773,210.41400146484372,133.59300231933594,217.97799682617188,133.46699523925778,5.340040506093078e-07,0.0,3.6235998256132044e-06,0.0,1.4931372104855532e-06,,1.0010681506813816e-06,718154.7359724079
59.85,2.506007123535047e-06,0.0,2.3872917531697623e-14,7.565044897697603,103.76061372529072,92.88134843607773,210.41400146484372,133.59300231933594,217.97799682617188,133.46699523925778,6.961130898708464e-07,0.0,3.2421807852304943e-06,0.0,2.336389773996341e-06,,1.0013924684664588e-06,707270.4667699945
59.90000000000001,3.055267189793624e-06,0.0,2.3872917531697623e-14,7.565044897697603,103.76061372529072,92.88134843607773,210.41400146484372,133.59300231933594,217.97799682617188,133.46699523925778,8.486853304982288e-07,0.0,3.0514448125469542e-06,0.0,2.3133987050073324e-06,,1.0016977307943917e-06,697323.6541786741
59.95,3.7075323236817977e-06,0.0,2.3872917531697623e-14,7.565044897697603,103.76061372529072,92.88134843607773,210.41400146484372,133.59300231933594,217.97799682617188,133.46699523925778,1.0298700899116104e-06,0.0,3.623695188268354e-06,0.0,1.4376952104394602e-06,,1.0020602704960244e-06,685868.9029000364
60.0,4.222440288067629e-06,0.0,2.3872917531697623e-14,7.565044897697603,103.76061372529072,92.88134843607773,210.41400146484372,133.59300231933594,217.97799682617188,133.46699523925778,1.1729000800187858e-06,0.0,2.8605998021436704e-06,0.0,-6.22484004837433e-08,-2.4784706481782673e-06,1.0023464880073364e-06,677088.745403412
60.05,4.8403801277532764e-06,0.0,2.3872917531697623e-14,7.565044897697603,103.76061372529072,92.88134843607773,210.41400146484372,133.59300231933594,217.97799682617188,133.46699523925778,1.3445500354870212e-06,0.0,3.432999109364903e-06,0.0,-1.551386939583531e-06,,1.002690003978373e-06,666843.9800638452
60.1,5.149379785488736e-07,0.0,2.3872917531697623e-14,7.565044897697603,103.76061372529072,92.88134843607773,210.41400146484372,133.59300231933594,217.97799682617188,133.46699523925778,1.430383273746871e-07,0.0,-2.4030234162244633e-05,0.0,-2.1666899143577312e-06,,1.000286086884731e-06,745836.1738888997
60.15000000000001,1.0298665215334775e-06,0.0,2.3872917531697623e-14,7.565044897697603,103.76061372529072,92.88134843607773,210.41400146484372,133.59300231933594,217.97799682617188,133.46699523925778,2.860740337592993e-07,0.0,2.860714127691594e-06,0.0,-1.4973138207677826e-06,,1.0005721889866948e-06,735464.7529143605
60.2,1.7164404507116967e-06,0.0,2.3872917531697623e-14,7.565044897697603,103.76061372529072,92.88134843607773,210.41400146484372,133.59300231933594,217.97799682617188,133.46699523925778,4.7678901408658243e-07,0.0,3.814299606546421e-06,0.0,-9.34752883455477e-09,,1.0009536916920552e-06,722076.6675291456
60.25,2.3686884025687262e-06,0.0,2.3872917531697623e-14,7.565044897697603,103.76061372529072,92.88134843607773,210.41400146484372,133.59300231933594,217.97799682617188,133.46699523925778,6.57969000713535e-07,0.0,3.623599732539258e-06,0.0,1.3513225672025558e-06,,1.0013161544630301e-06,709801.735883369
60.3,2.9522813220914e-06,0.0,2.3872917531697623e-14,7.565044897697603,103.76061372529072,92.88134843607773,210.41400146484372,133.59300231933594,217.97799682617188,133.46699523925778,8.200781450253888e-07,0.0,3.242182886237259e-06,0.0,1.855309946085343e-06,,1.0016404925541326e-06,699167.3069547735
60.35,3.5015408536874428e-06,0.0,2.3872917531697623e-14,7.565044897697603,103.76061372529072,92.88134843607773,210.41400146484372,133.59300231933594,217.97799682617188,133.46699523925778,9.726502371354008e-07,0.0,3.0514418421999803e-06,0.0,1.2770585902475775e-06,,1.0019457734985126e-06,689445.5518225456
60.40000000000001,4.085136811922205e-06,0.0,2.3872917531697623e-14,7.565044897697603,103.76061372529072,92.88134843607773,210.41400146484372,133.59300231933594,217.97799682617188,133.46699523925778,1.1347602255339458e-06,0.0,3.242199767970163e-06,0.0,-1.1813345936423233e-07,,1.0022701642914525e-06,679407.975067989
60.45,4.7373848366316666e-06,0.0,2.3872917531697623e-14,7.565044897697603,103.76061372529072,92.88134843607773,210.41400146484372,133.59300231933594,217.97799682617188,133.46699523925778,1.3159402323976852e-06,0.0,3.623600137275508e-06,0.0,-1.5920319552785889e-06,,1.0026327463141428e-06,668529.9446915404
60.5,2.746367363733049e-07,0.0,2.3872917531697623e-14,7.565044897697603,103.76061372529072,92.88134843607773,210.41400146484372,133.59300231933594,217.97799682617188,133.46699523925778,7.628798232591802e-08,0.0,-2.4793045001436752e-05,0.0,-2.217471276762965e-06,,1.0001525788745798e-06,750776.9637952881
60.55,8.925531986665205e-07,0.0,2.3872917531697623e-14,7.565044897697603,103.76061372529072,92.88134843607773,210.41400146484372,133.59300231933594,217.97799682617188,133.46699523925778,2.4793144407403345e-07,0.0,3.432869234962504e-06,0.0,-1.5535118113385555e-06,,1.0004958936231486e-06,738202.137571106
60.6,1.5448024818713212e-06,0.0,2.3872917531697623e-14,7.565044897697603,103.76061372529072,92.88134843607773,210.41400146484372,133.59300231933594,217.97799682617188,133.46699523925778,4.2911180051981144e-07,0.0,3.623607128915251e-06,0.0,-5.0252562520367325e-08,,1.000858315669508e-06,725377.6776389091
60.65000000000001,2.094058902626245e-06,0.0,2.3872917531697623e-14,7.565044897697603,103.76061372529072,92.88134843607773,210.41400146484372,133.59300231933594,217.97799682617188,133.46699523925778,5.816830285072903e-07,0.0,3.051424559748883e-06,0.0,1.3546074294545258e-06,,1.0011635352345875e-06,714918.8722925457
60.7,2.711978179442381e-06,0.0,2.3872917531697623e-14,7.565044897697603,103.76061372529072,92.88134843607773,210.41400146484372,133.59300231933594,217.97799682617188,133.46699523925778,7.53327272067328e-07,0.0,3.432884871201437e-06,0.0,1.9117435948484617e-06,,1.001506938295124e-06,703507.3616096891
60.75,3.3642261765703263e-06,0.0,2.3872917531697623e-14,7.565044897697603,103.76061372529072,92.88134843607773,210.41400146484372,133.59300231933594,217.97799682617188,133.46699523925778,9.345072712695351e-07,0.0,3.6235999840443484e-06,0.0,1.3462518408246733e-06,,1.001869451194459e-06,691850.5525690024
60.8,4.050792486167374e-06,0.0,2.3872917531697623e-14,7.565044897697603,103.76061372529072,92.88134843607773,210.41400146484372,133.59300231933594,217.97799682617188,133.46699523925778,1.1252201350464927e-06,0.0,3.8142572755393687e-06,0.0,-1.135388375727603e-07,,1.0022510733302692e-06,679990.5804889484
60.85,4.668732236820785e-06,0.0,2.3872917531697623e-14,7.565044897697603,103.76061372529072,92.88134843607773,210.41400146484372,133.59300231933594,217.97799682617188,133.46699523925778,1.2968700657835512e-06,0.0,3.4329986147408767e-06,0.0,-1.7044162376638105e-06,,1.002594581067551e-06,669658.4853720623
60.90000000000001,0.0,0.0,2.3872917531697623e-14,7.565044897697603,103.76061372529072,92.88134843607773,210.41400146484372,133.59300231933594,217.97799682617188,133.46699523925778,0.0,0.0,-2.5937401315665127e-05,0.0,-2.419782232108994e-06,,1e-06,inf
60.95,5.492646933836193e-07,0.0,2.3872917531697623e-14,7.565044897697603,103.76061372529072,92.88134843607773,210.41400146484372,133.59300231933594,217.97799682617188,133.46699523925778,1.5257352593989425e-07,0.0,3.051470518798492e-06,0.0,-1.7526409234121436e-06,,1.0003051586912202e-06,745135.6917897577
61.0,1.2015150387165706e-06,0.0,2.3872917531697623e-14,7.565044897697603,103.76061372529072,92.88134843607773,210.41400146484372,133.59300231933594,217.97799682617188,133.46699523925778,3.337541774212696e-07,0.0,3.623613029627713e-06,0.0,-1.35819116441097e-07,-7.357071595735368e-08,1.0006675640507679e-06,732071.3041758669
61.05,1.7850997426095215e-06,0.0,2.3872917531697623e-14,7.565044897697603,103.76061372529072,92.88134843607773,210.41400146484372,133.59300231933594,217.97799682617188,133.46699523925778,4.95861039613756e-07,0.0,3.242137243849911e-06,0.0,1.4975310932978787e-06,,1.000991845018313e-06,720764.5822620374
61.1,2.43734812422846e-06,0.0,2.3872917531697623e-14,7.565044897697603,103.76061372529072,92.88134843607773,210.41400146484372,133.59300231933594,217.97799682617188,133.46699523925778,6.770411456190167e-07,0.0,3.623602120104905e-06,0.0,2.4458089846141344e-06,,1.0013543114835944e-06,708533.8339078778
61.15000000000001,3.123925908865913e-06,0.0,2.3872917531697623e-14,7.565044897697603,103.76061372529072,92.88134843607773,210.41400146484372,133.59300231933594,217.97799682617188,133.46699523925778,8.67757196907198e-07,0.0,3.8143210257627604e-06,0.0,2.450940467820402e-06,,1.0017358908950909e-06,696099.918376029
61.2,3.776184167868061e-06,0.0,2.3872917531697623e-14,7.565044897697603,103.76061372529072,92.88134843607773,210.41400146484372,133.59300231933594,217.97799682617188,133.46699523925778,1.048940046630017e-06,0.0,3.6236569944571e-06,0.0,1.5103203025807623e-06,,1.0020984302308708e-06,684685.1250681715
61.25,4.291093615331254e-06,0.0,2.3872917531697623e-14,7.565044897697603,103.76061372529072,92.88134843607773,210.41400146484372,133.59300231933594,217.97799682617188,133.46699523925778,1.191970448703126e-06,0.0,2.860608041462343e-06,0.0,-1.2471192767385432e-07,,1.0023846512941816e-06,675935.0314916356
61.3,4.943339977014587e-06,0.0,2.3872917531697623e-14,7.565044897697603,103.76061372529072,92.88134843607773,210.41400146484372,133.59300231933594,217.97799682617188,133.46699523925778,1.373149993615163e-06,0.0,3.6235908982409454e-06,0.0,-1.7641726284310654e-06,,1.002747242757683e-06,665167.0734971917
61.35,3.089621522417175e-07,0.0,2.3872917531697623e-14,7.565044897697603,103.76061372529072,92.88134843607773,210.41400146484372,133.59300231933594,217.97799682617188,133.46699523925778,8.582282006714374e-08,0.0,-2.574654347095819e-05,0.0,-2.4838914184053595e-06,,1.0001716493229126e-06,750067.2015223088
61.40000000000001,8.925517822784323e-07,0.0,2.3872917531697623e-14,7.565044897697603,103.76061372529072,92.88134843607773,210.41400146484372,133.59300231933594,217.97799682617188,133.46699523925778,2.4793105063289785e-07,0.0,3.242164611314345e-06,0.0,-1.8357158769391864e-06,,1.0004958928361688e-06,738202.1659123473
61.45,1.4761417857393319e-06,0.0,2.3872917531697623e-14,7.565044897697603,103.76061372529072,92.88134843607773,210.41400146484372,133.59300231933594,217.97799682617188,133.46699523925778,4.1003938492759216e-07,0.0,3.2421666858945314e-06,0.0,-2.8516771585148593e-07,,1.0008201628360036e-06,726706.6547942961
61.5,1.9910738507312297e-06,0.0,2.3872917531697623e-14,7.565044897697603,103.76061372529072,92.88134843607773,210.41400146484372,133.59300231933594,217.97799682617188,133.46699523925778,5.530760696475637e-07,0.0,2.860733694399594e-06,0.0,1.1905948290521563e-06,,1.0011063050858645e-06,716856.8527100788
61.55,2.6776511991626675e-06,0.0,2.3872917531697623e-14,7.565044897697603,103.76061372529072,92.88134843607773,210.41400146484372,133.59300231933594,217.97799682617188,133.46699523925778,7.437919997674076e-07,0.0,3.8143186023970937e-06,0.0,1.8116341669282683e-06,,1.0014878606128043e-06,704131.7346669945
61.6,3.3299009039961176e-06,0.0,2.3872917531697623e-14,7.565044897697603,103.76061372529072,92.88134843607773,210.41400146484372,133.59300231933594,217.97799682617188,133.46699523925778,9.249724733322548e-07,0.0,3.623609471296636e-06,0.0,1.3063304561827861e-06,,1.001850372733703e-06,692454.3669252987
61.65000000000001,3.879145284725893e-06,0.0,2.3872917531697623e-14,7.565044897697603,103.76061372529072,92.88134843607773,210.41400146484372,133.59300231933594,217.97799682617188,133.46699523925778,1.0775403568683036e-06,0.0,3.0513576707202805e-06,0.0,-7.335599407029107e-08,,1.002155661260347e-06,682917.385447133
61.7,4.462740422538093e-06,0.0,2.3872917531697623e-14,7.565044897697603,103.76061372529072,92.88134843607773,210.41400146484372,133.59300231933594,217.97799682617188,133.46699523925778,1.2396501173716924e-06,0.0,3.2421952100684223e-06,0.0,-1.5680461065288698e-06,,1.0024800686009502e-06,673067.6505672786
61.75,1.0298664470203106e-07,0.0,2.3872917531697623e-14,7.565044897697603,103.76061372529072,92.88134843607773,210.41400146484372,133.59300231933594,217.97799682617188,133.46699523925778,2.8607401306119737e-08,0.0,-2.4220854321312832e-05,0.0,-2.218873695987806e-06,,1.0000572152118038e-06,754346.5004634976
61.8,6.865776502910125e-07,0.0,2.3872917531697623e-14,7.565044897697603,103.76061372529072,92.88134843607773,210.41400146484372,133.59300231933594,217.97799682617188,133.46699523925778,1.907160139697257e-07,0.0,3.2421722532723034e-06,0.0,-1.5595242449263825e-06,,1.0003814502142384e-06,742346.7484843285
61.85,1.235836968114662e-06,0.0,2.3872917531697623e-14,7.565044897697603,103.76061372529072,92.88134843607773,210.41400146484372,133.59300231933594,217.97799682617188,133.46699523925778,3.432880466985172e-07,0.0,3.0514406545755703e-06,0.0,-6.260590968656106e-09,,1.0006866350167386e-06,731396.5214487376
61.90000000000001,1.853760126215076e-06,0.0,2.3872917531697623e-14,7.565044897697603,103.76061372529072,92.88134843607773,210.41400146484372,133.59300231933594,217.97799682617188,133.46699523925778,5.149333683930766e-07,0.0,3.432906433890407e-06,0.0,1.5604854064174684e-06,,1.001029999314973e-06,719457.2359761625
61.95,2.506008072446025e-06,0.0,2.3872917531697623e-14,7.565044897697603,103.76061372529072,92.88134843607773,210.41400146484372,133.59300231933594,217.97799682617188,133.46699523925778,6.961133534572292e-07,0.0,3.623599701283772e-06,0.0,2.4725968945555352e-06,,1.001392468993815e-06,707270.4493405921
62.0,3.1925811081339953e-06,0.0,2.3872917531697623e-14,7.565044897697603,103.76061372529072,92.88134843607773,210.41400146484372,133.59300231933594,217.97799682617188,133.46699523925778,8.868280855927765e-07,0.0,3.814294642711163e-06,0.0,2.470293764791333e-06,2.60611288123243e-06,1.0017740494032123e-06,694880.5325316839
62.05,3.844836417950663e-06,0.0,2.3872917531697623e-14,7.565044897697603,103.76061372529072,92.88134843607773,210.41400146484372,133.59300231933594,217.97799682617188,133.46699523925778,1.0680101160974063e-06,0.0,3.6236406100928023e-06,0.0,1.537401728510405e-06,,1.0021365905549987e-06,683505.4195238707
62.1,4.3940890677264055e-06,0.0,2.3872917531697623e-14,7.565044897697603,103.76061372529072,92.88134843607773,210.41400146484372,133.59300231933594,217.97799682617188,133.46699523925778,1.2205802965906682e-06,0.0,3.0514036098649773e-06,0.0,-8.196110233759001e-08,,1.0024419055013116e-06,674211.5557068125
62.15000000000001,4.9776842631746285e-06,0.0,2.3872917531697623e-14,7.565044897697603,103.76061372529072,92.88134843607773,210.41400146484372,133.59300231933594,217.97799682617188,133.46699523925778,1.3826900731040635e-06,0.0,3.2421955302671696e-06,0.0,-1.701438903412564e-06,,1.0027663360621271e-06,664609.58254261
62.2,4.462744996307172e-07,0.0,2.3872917531697623e-14,7.565044897697603,103.76061372529072,92.88134843607773,210.41400146484372,133.59300231933594,217.97799682617188,133.46699523925778,1.2396513878631033e-07,0.0,-2.5174498686360073e-05,0.0,-2.404662831453733e-06,,1.0002479379612506e-06,747241.3025914985
62.25,1.0298669793336254e-06,0.0,2.3872917531697623e-14,7.565044897697603,103.76061372529072,92.88134843607773,210.41400146484372,133.59300231933594,217.97799682617188,133.46699523925778,2.8607416092600704e-07,0.0,3.2421804427941184e-06,0.0,-1.7523596244262575e-06,,1.0005721892410647e-06,735464.7438218116
62.3,1.6134556604212888e-06,0.0,2.3872917531697623e-14,7.565044897697603,103.76061372529072,92.88134843607773,210.41400146484372,133.59300231933594,217.97799682617188,133.46699523925778,4.481821278948024e-07,0.0,3.2421593393760916e-06,0.0,-2.1090609219708894e-07,,1.0008964646893994e-06,724053.6971020316
62.35,2.1627187031009577e-06,0.0,2.3872917531697623e-14,7.565044897697603,103.76061372529072,92.88134843607773,210.41400146484372,133.59300231933594,217.97799682617188,133.46699523925778,6.007551953058216e-07,0.0,3.051461348220124e-06,0.0,1.250583189195204e-06,,1.001201690844014e-06,713632.6382716132
62.40000000000001,2.814966207918977e-06,0.0,2.3872917531697623e-14,7.565044897697603,103.76061372529072,92.88134843607773,210.41400146484372,133.59300231933594,217.97799682617188,133.46699523925778,7.819350577552714e-07,0.0,3.623597248988173e-06,0.0,1.8589689401817865e-06,,1.0015641758267277e-06,701640.7404769321
62.45,3.5015404619540496e-06,0.0,2.3872917531697623e-14,7.565044897697603,103.76061372529072,92.88134843607773,210.41400146484372,133.59300231933594,217.97799682617188,133.46699523925778,9.726501283205693e-07,0.0,3.8143014113067168e-06,0.0,1.33966927251491e-06,,1.0019457732807775e-06,689445.5586597181
62.5,4.050793166887475e-06,0.0,2.3872917531697623e-14,7.565044897697603,103.76061372529072,92.88134843607773,210.41400146484372,133.59300231933594,217.97799682617188,133.46699523925778,1.1252203241354097e-06,0.0,3.051403916296982e-06,0.0,-6.352405638691229e-08,,1.00225107370866e-06,679990.568931543
62.55,4.7030400382576914e-06,0.0,2.3872917531697623e-14,7.565044897697603,103.76061372529072,92.88134843607773,210.41400146484372,133.59300231933594,217.97799682617188,133.46699523925778,1.3064000106271366e-06,0.0,3.6235937298347424e-06,0.0,-1.5909918985036332e-06,,1.002613653361748e-06,669094.0432486953
62.6,2.059739805619959e-07,0.0,2.3872917531697623e-14,7.565044897697603,103.76061372529072,92.88134843607773,210.41400146484372,133.59300231933594,217.97799682617188,133.46699523925778,5.721499460055442e-08,0.0,-2.498370032052951e-05,0.0,-2.272246645576759e-06,,1.0001144316259788e-06,752200.7734506093
62.65000000000001,8.238930256131066e-07,0.0,2.3872917531697623e-14,7.565044897697603,103.76061372529072,92.88134843607773,210.41400146484372,133.59300231933594,217.97799682617188,133.46699523925778,2.2885917378141848e-07,0.0,3.4328835836165007e-06,0.0,-1.6323367485848978e-06,,1.0004577445358237e-06,739578.5560415479
62.7,1.3731557810518999e-06,0.0,2.3872917531697623e-14,7.565044897697603,103.76061372529072,92.88134843607773,210.41400146484372,133.59300231933594,217.97799682617188,133.46699523925778,3.814321614033055e-07,0.0,3.051459752438348e-06,0.0,-1.131388294851817e-07,,1.0007629370680535e-06,728709.1780865618
62.75,1.956744586728533e-06,0.0,2.3872917531697623e-14,7.565044897697603,103.76061372529072,92.88134843607773,210.41400146484372,133.59300231933594,217.97799682617188,133.46699523925778,5.435401629801481e-07,0.0,3.242160031537035e-06,0.0,1.3296568264481101e-06,,1.0010872280439147e-06,717505.2004126222
62.8,2.6433215701625616e-06,0.0,2.3872917531697623e-14,7.565044897697603,103.76061372529072,92.88134843607773,210.41400146484372,133.59300231933594,217.97799682617188,133.46699523925778,7.342559917118226e-07,0.0,3.8143165746337075e-06,0.0,1.919560452003101e-06,,1.0014687815493544e-06,704757.2652952152
62.85,3.2955710624284836e-06,0.0,2.3872917531697623e-14,7.565044897697603,103.76061372529072,92.88134843607773,210.41400146484372,133.59300231933594,217.97799682617188,133.46699523925778,9.154364062301343e-07,0.0,3.6236082903659247e-06,0.0,1.3734726542669786e-06,,1.0018312918243672e-06,693059.3167470382
62.90000000000001,3.9478324729912045e-06,0.0,2.3872917531697623e-14,7.565044897697603,103.76061372529072,92.88134843607773,210.41400146484372,133.59300231933594,217.97799682617188,133.46699523925778,1.0966201313864457e-06,0.0,3.6236745031254054e-06,0.0,-6.385988362815115e-08,,1.0021938415506293e-06,681743.1621634148
62.95,4.462740283925245e-06,0.0,2.3872917531697623e-14,7.565044897697603,103.76061372529072,92.88134843607773,210.41400146484372,133.59300231933594,217.97799682617188,133.46699523925778,1.2396500788681236e-06,0.0,2.860598949634126e-06,0.0,-1.6191954734986183e-06,,1.0024800685238952e-06,673067.6528730005
63.0,0.0,0.0,2.3872917531697623e-14,7.565044897697603,103.76061372529072,92.88134843607773,210.41400146484372,133.59300231933594,217.97799682617188,133.46699523925778,0.0,0.0,-2.4793001577363882e-05,0.0,-2.306098999721064e-06,-4.7763927645123975e-06,1e-06,inf
63.05,6.179205790723808e-07,0.0,2.3872917531697623e-14,7.565044897697603,103.76061372529072,92.88134843607773,210.41400146484372,133.59300231933594,217.97799682617188,133.46699523925778,1.7164460529788356e-07,0.0,3.4328921059578666e-06,0.0,-1.6436146431443434e-06,,1.000343303941531e-06,743738.6176230893
63.1,1.1328520913615509e-06,0.0,2.3872917531697623e-14,7.565044897697603,103.76061372529072,92.88134843607773,210.41400146484372,133.59300231933594,217.97799682617188,133.46699523925778,3.1468113648931966e-07,0.0,2.860730623828478e-06,0.0,-5.919960228290629e-08,,1.0006294117850876e-06,733424.988867123
63.15000000000001,1.785102806846449e-06,0.0,2.3872917531697623e-14,7.565044897697603,103.76061372529072,92.88134843607773,210.41400146484372,133.59300231933594,217.97799682617188,133.46699523925778,4.958618907906803e-07,0.0,3.6236150860263887e-06,0.0,1.5455300930966027e-06,,1.0009918467210886e-06,720764.5238106032
63.2,2.4373489396629203e-06,0.0,2.3872917531697623e-14,7.565044897697603,103.76061372529072,92.88134843607773,210.41400146484372,133.59300231933594,217.97799682617188,133.46699523925778,6.77041372128589e-07,0.0,3.623589626758895e-06,0.0,2.4914706730375265e-06,,1.001354311936767e-06,708533.8188765888
63.25,3.0895955786018727e-06,0.0,2.3872917531697623e-14,7.565044897697603,103.76061372529072,92.88134843607773,210.41400146484372,133.59300231933594,217.97799682617188,133.46699523925778,8.582209940560757e-07,0.0,3.62359243854994e-06,0.0,2.5161343923980904e-06,,1.0017168102597493e-06,696711.2662229661
63.3,3.7761859859601616e-06,0.0,2.3872917531697623e-14,7.565044897697603,103.76061372529072,92.88134843607773,210.41400146484372,133.59300231933594,217.97799682617188,133.46699523925778,1.0489405516556004e-06,0.0,3.81439115199071e-06,0.0,1.593891710302745e-06,,1.0020984312414516e-06,684685.0937725462
63.35,4.394089468706562e-06,0.0,2.3872917531697623e-14,7.565044897697603,103.76061372529072,92.88134843607773,210.41400146484372,133.59300231933594,217.97799682617188,133.46699523925778,1.220580407974045e-06,0.0,3.4327971263686016e-06,0.0,-4.5591347104817034e-08,,1.0024419057242142e-06,674211.5490141141
63.40000000000001,5.0120285898733425e-06,0.0,2.3872917531697623e-14,7.565044897697603,103.76061372529072,92.88134843607773,210.41400146484372,133.59300231933594,217.97799682617188,133.46699523925778,1.3922301638537063e-06,0.0,3.432995117592444e-06,0.0,-1.7114327785616205e-06,,1.002785429480122e-06,664053.0246396055
63.45,3.7762180860174005e-07,0.0,2.3872917531697623e-14,7.565044897697603,103.76061372529072,92.88134843607773,210.41400146484372,133.59300231933594,217.97799682617188,133.46699523925778,1.0489494683381668e-07,0.0,-2.5746704340402917e-05,0.0,-2.453027631764643e-06,,1.0002097953951426e-06,748651.5136971286
63.5,8.925517237344116e-07,0.0,2.3872917531697623e-14,7.565044897697603,103.76061372529072,92.88134843607773,210.41400146484372,133.59300231933594,217.97799682617188,133.46699523925778,2.479310343706699e-07,0.0,2.860721750737227e-06,0.0,-1.7975433529754023e-06,,1.0004958928036402e-06,738202.1670837849
63.55,1.476140524122106e-06,0.0,2.3872917531697623e-14,7.565044897697603,103.76061372529072,92.88134843607773,210.41400146484372,133.59300231933594,217.97799682617188,133.46699523925778,4.1003903447836273e-07,0.0,3.242160002154041e-06,0.0,-2.1905474801256797e-07,,1.0008201621349615e-06,726706.6792585452
63.6,2.162718542627937e-06,0.0,2.3872917531697623e-14,7.565044897697603,103.76061372529072,92.88134843607773,210.41400146484372,133.59300231933594,217.97799682617188,133.46699523925778,6.007551507299825e-07,0.0,3.81432232503207e-06,0.0,1.269319956847037e-06,,1.0012016907548356e-06,713632.6412724158
63.65000000000001,2.8149674580356517e-06,0.0,2.3872917531697623e-14,7.565044897697603,103.76061372529072,92.88134843607773,210.41400146484372,133.59300231933594,217.97799682617188,133.46699523925778,7.819354050099032e-07,0.0,3.62360508559759e-06,0.0,1.8635833258046453e-06,,1.0015641765215088e-06,701640.7178791342
63.7,3.432884385767192e-06,0.0,2.3872917531697623e-14,7.565044897697603,103.76061372529072,92.88134843607773,210.41400146484372,133.59300231933594,217.97799682617188,133.46699523925778,9.535789960464422e-07,0.0,3.4328718207314634e-06,0.0,1.3031755920422026e-06,,1.0019076126485437e-06,690645.9432508872
63.75,3.947833025635715e-06,0.0,2.3872917531697623e-14,7.565044897697603,103.76061372529072,92.88134843607773,210.41400146484372,133.59300231933594,217.97799682617188,133.46699523925778,1.0966202848988096e-06,0.0,2.8608257770475118e-06,0.0,-1.2976468518053567e-07,,1.0021938418578224e-06,681743.1527320743
63.8,4.600080182485697e-06,4.97667695906684,0.4976676959067078,7.658034433130275,103.76061372529072,92.97435810456874,210.41400146484372,133.59300231933594,218.0709991455078,133.46699523925778,1.2778000506904712e-06,1.3824102664074553,3.6235953158334376e-06,27.648205328150677,-1.6498094431813243e-06,,0.0,inf
63.85,1.0298664470203106e-07,10.797212002440267,1.5773888961507343,7.806009827065654,103.76061372529072,93.12235451434022,210.41400146484372,133.59300231933594,218.218994140625,133.46699523925778,2.8607401306119737e-08,2.9992255562334074,-2.49838529876849e-05,32.336305796516285,1.672553639834229e-05,,0.0,inf
63.90000000000001,6.522492271330146e-07,12.456692195542125,2.8230581157049466,7.976993210581583,103.76061372529072,93.29336241667066,210.41400146484372,133.59300231933594,218.38999938964844,133.46699523925778,1.8118034087028183e-07,3.460192276539479,3.0514587912825482e-06,9.219334406119337,0.00010704002920896444,,0.0,inf
63.95,1.3045007616932993e-06,13.063921319651135,4.129450247670061,8.159954253680304,103.76061372529072,93.47637288154144,210.41400146484372,133.59300231933594,218.572998046875,133.46800231933594,3.623613226925831e-07,3.628867033236426,3.6236196364467463e-06,3.373495133939613,0.0005345375582869318,,0.0,inf
64.0,1.9567444162292097e-06,14.41596549444524,5.571046797114584,8.359929026663721,103.76061372529072,93.67638136501029,210.41400146484372,133.59300231933594,218.7729949951172,133.46800231933594,5.435401156192249e-07,4.004434859568122,3.6235758585330423e-06,7.5113565266343505,0.0020107494728446376,0.002013055571844359,0.0,inf
64.05,2.6433308063838075e-06,14.862775440275113,7.057324341142096,8.568906987195671,103.76061372529072,93.88539045558493,210.41400146484372,133.59300231933594,218.98199462890625,133.46800231933594,7.342585573288354e-07,4.128548733409754,3.8143688341924256e-06,2.4822774768327696,0.005793273678202972,,0.0,inf
64.10000000000001,3.2956164753417236e-06,15.995521131535954,8.656876454295691,8.791892238468378,103.76061372529072,94.10840343604698,210.41400146484372,133.59300231933594,219.2050018310547,133.46800231933594,9.154490209282565e-07,4.4432003143155425,3.623809271987599e-06,6.2930316181143455,0.012694871893689766,,0.0,inf
64.15,3.810547217162066e-06,16.32560552380249,10.28943700667594,9.020874443549467,103.76061372529072,94.33740976078658,210.41400146484372,133.59300231933594,219.4340057373047,133.46800231933594,1.0584853381005738e-06,4.53489042327847,2.8607263434465083e-06,1.833802179258652,0.020872243635978473,,0.0,inf
64.2,5.732930020914141e-06,17.26482833493851,12.015919840169792,9.2608426419927,103.76061372529072,94.57740059799204,210.41400146484372,133.59300231933594,219.6739959716797,133.46800231933594,1.5924805613650391e-06,4.7957856485940304,1.0679904465289913e-05,5.217904506311507,0.025096014108167284,,0.0,inf
64.25,0.051138377547051375,17.512192969946113,13.767139137164405,9.5058312059375,103.76061376533758,94.8224109791278,210.41400146484372,133.59300231933594,219.91900634765625,133.46800231933594,0.014205104874180937,4.864498047207253,0.2840702478724076,1.3742479722645378,0.020704710242683555,,0.0,inf
64.3,0.009841450350048695,18.159615746590518,15.085433015916774,9.75780838556688,103.76162084543364,95.07340314408493,210.4129943847656,133.59300231933594,220.1699981689453,133.46800231933594,0.00273373620834686,5.044337707386255,-0.2294273733166946,3.5967932035802352,0.009386511811743312,,0.0,inf
64.35000000000001,0.02346523053412284,19.151970007141284,15.920908816386873,10.016789787489165,103.7616208754688,95.33240644944937,210.4129943847656,133.59300231933594,220.4290008544922,133.46800231933594,0.0065181195928118996,5.319991668650356,0.07568766768928359,5.513079225280774,-0.0011274253509905297,,0.0,inf
64.4,0.008993369611980735,18.35296915093381,16.510536511926038,10.272766490369595,103.76162110538904,95.58840392322792,210.4129943847656,133.59300231933594,220.68499755859372,133.46800231933594,0.002498158225550204,5.098046986370503,-0.08039922734523848,-4.438893645597325,-0.003927275698899441,,0.0,inf
64.45,0.007868346895869505,19.342625347118297,17.13840691467275,10.541743728925919,103.76162129537883,95.85740201589044,210.4129943847656,133.59300231933594,220.95399475097656,133.46800231933594,0.002185651915519307,5.3729514853106375,-0.0062501262006182945,5.498089978803009,0.0019653914171293583,,0.0,inf
64.5,0.023780734703816597,19.607021245619226,17.657512489790157,10.81372781566552,103.76162152541552,96.12940594965477,210.4129943847656,133.59300231933594,221.2259979248047,133.46800231933594,0.006605759639949055,5.4463947904497845,0.08840215448859999,1.4688661027830232,0.013103566317519296,,0.0,inf
64.55,0.007108298506614052,20.067471388584817,18.177982084621124,11.091709262397986,103.76162164543972,96.4074063091758,210.4129943847656,133.59300231933594,221.5039978027344,133.46800231933594,0.001974527362948348,5.574297607940227,-0.09262464554001941,2.558056349808989,0.025640907313546613,,0.0,inf
64.60000000000001,0.039693265014617854,20.16134472798433,18.594564444265963,11.371679594514008,103.76262872553578,96.68841425126655,210.41400146484372,133.59300231933594,221.78500366210938,133.468994140625,0.011025906948504959,5.600373535551202,0.1810275917110911,0.5215185522193857,0.03732710903844979,,0.0,inf
64.65,0.02438861919903644,20.56885345491354,19.018889237377067,11.656666545446315,103.76262883554823,96.97341811658606,210.41400146484372,133.59300231933594,222.07000732421875,133.468994140625,0.006774616444176789,5.71357040414265,-0.08502581008656823,2.263937371829088,0.04727508527736994,,0.0,inf
64.7,0.05903173870795213,20.614314955653708,19.353837899448585,11.94264608891334,103.76362065685021,97.26040557311786,210.4149932861328,133.59300231933594,222.35699462890625,133.468994140625,0.01639770519665337,5.726198598792696,0.19246177504954254,0.25256389300094656,0.055443250468341324,,0.0,inf
64.75,0.04617468968012549,20.972941028957468,19.69991270534973,12.233631029251065,103.76362076686267,97.55140604008713,210.4149932861328,133.59300231933594,222.6479949951172,133.468994140625,0.012826302688923746,5.825816952488186,-0.07142805015459654,1.9923670739098998,0.06228142850532621,,0.0,inf
64.8,0.08291521806501571,20.98021009794388,19.98197214048506,12.523609664443404,103.764627846952,97.84240649723878,210.4160003662109,133.59300231933594,222.9389953613281,133.468994140625,0.02303200501805992,5.8278361383177435,0.20411404658273508,0.04038371659115699,0.06839417494875999,,0.0,inf
64.85000000000001,0.07158348158839642,21.300463903910305,20.19682153016196,12.818593623967853,103.76563492703724,98.13841181484592,210.41700744628903,133.59300231933594,223.2350006103516,133.468994140625,0.019884300441221227,5.9167955288639735,-0.06295409153675954,1.779187810924196,0.07426997150340449,,0.0,inf
64.9,0.11040949586096947,21.2767752334498,20.489202138413557,13.112586447669909,103.76763382841348,98.43441713562711,210.41900634765625,133.59300231933594,223.531005859375,133.468994140625,0.030669304405824854,5.910215342624944,0.21570007929208482,-0.13160372478058985,0.08018107074105615,,0.0,inf
64.95,0.10163916023550114,21.56585281292165,20.7115248849939,13.410577504050524,103.76862564970502,98.73341316647414,210.4199981689453,133.59300231933594,223.8300018310547,133.468994140625,0.02823310006541698,5.990514670256014,-0.048724086808160226,1.6059865526214903,0.08631550783822288,,0.0,inf
65.0,0.1426957350217401,21.51678432772044,20.90250119320402,13.707562091260064,103.7706245510812,99.03240920311855,210.4219970703125,133.59300231933594,224.1289978027344,133.468994140625,0.03963770417270558,5.9768845354779,0.22809208214578497,-0.27260269556229616,0.09316227091536369,0.09115152144251906,0.0,inf
65.05,0.1355072381204978,21.78091458963507,21.07384551330905,14.007553077996711,103.77262345245,99.33441121014818,210.4239959716797,133.59300231933594,224.43099975585938,133.468994140625,0.03764089947791606,6.050254052676408,-0.03993609389579272,1.4673903439702354,0.10267564872620022,,0.0,inf
65.10000000000001,0.1790269401769491,21.7110733609094,21.22881837660156,14.30753587811934,103.77462235383041,99.63641490101685,210.42599487304688,133.59300231933594,224.7330017089844,133.47000122070312,0.04972970560470808,6.030853711363722,0.24177612253578545,-0.38800682625362687,0.1211225895317859,,0.0,inf
65.15,0.17500319486911706,21.95526008190631,21.367459039300837,14.609511603077214,103.77762833527679,99.94140762367594,210.4290008544922,133.59300231933594,225.0379943847656,133.47000122070312,0.04861199857475473,6.098683356085086,-0.022354140599068227,1.3565928944273569,0.1637801879701536,,0.0,inf
65.2,0.2213776934489914,21.868355727820006,21.492863116517462,14.911503031600336,103.77962723665722,100.24540852817604,210.43099975585938,133.59300231933594,225.3419952392578,133.47000122070312,0.06149380373583094,6.074543257727779,0.25763610322153874,-0.4828019671461722,0.2557484992340645,,0.0,inf
65.25,0.21971591469734672,22.09648540361354,21.605217553983067,15.21549371940861,103.78263321810455,100.55241540239777,210.4340057373047,133.59300231933594,225.6490020751953,133.47000122070312,0.061032198527040754,6.137912612114872,-0.009232104175804194,1.2673870877419278,0.4183198372124287,,0.0,inf
65.3,0.2709216078795466,21.995757254187282,21.70677226960741,15.517485967906886,103.7866310208455,100.85841519859487,210.43800354003903,133.59300231933594,225.9550018310547,133.47000122070312,0.07525600218876295,6.109932570607578,0.2844760732344601,-0.5596008301459107,0.6391448899720935,,0.0,inf
65.35000000000001,0.4940175658815719,22.210856339060502,21.797811513122436,15.820485641320756,103.79162064510052,101.16641388559637,210.4429931640625,133.59300231933594,226.26300048828125,133.47000122070312,0.13722710163376997,6.169682316405694,1.2394219888998586,1.1949949159620612,0.8540458891729656,,0.0,inf
65.4,0.8048016855729453,22.098930864734033,21.880027076250855,16.117473879749205,103.80163041191996,101.47342075310621,210.4530029296875,133.59300231933594,226.57000732421875,133.47000122070312,0.22355602377026257,6.138591906870564,1.7265784427299502,-0.6218081907026372,0.9773055486749066,,0.0,inf
65.45,1.131105739345749,22.303517637099233,21.953793558668607,16.413455389596955,103.81463090104715,101.78241125413416,210.46600341796875,133.59300231933594,226.8789978027344,133.47000122070312,0.3141960387071525,6.195421565860898,1.812800298737902,1.1365931798067421,0.9677236821168144,,0.0,inf
65.5,1.080457766347567,22.182557769512385,22.020370902847805,16.706461816771952,103.83062211231291,102.09141701570131,210.48199462890625,133.59300231933594,227.18800354003903,133.47000122070312,0.3001271573187686,6.161821602642329,-0.28137762776769426,-0.6719992643714283,0.8600468512482526,,0.0,inf
65.55,1.279151836689106,22.378541077197195,22.080133551604014,16.999453267448338,103.84762040336477,102.40141459115293,210.49899291992188,133.59300231933594,227.4980010986328,133.47000122070312,0.35531995463586274,6.216261410332554,1.1038559463419457,1.0887961538045674,0.7214043090589016,,0.0,inf
65.60000000000001,1.3247567864016625,22.250273704265258,22.134053585939608,17.29143090155241,103.86562577445996,102.71141375518093,210.5169982910156,133.59300231933594,227.80799865722656,133.47099304199222,0.367987996222684,6.180631584518127,0.2533608317363679,-0.7125965162883731,0.5884744051208827,,0.0,inf
65.65,1.5346440207525844,22.43934436734457,22.182462014483427,17.58143233668861,103.88662186821419,103.0224184065536,210.5379943847656,133.59300231933594,228.11900329589844,133.47099304199222,0.4262900057646068,6.233151213151269,1.1660401908385218,1.0503925726629035,0.46154629511038514,,0.0,inf
65.7,1.542999865844028,22.305135882178284,22.226140029919254,17.870411687340624,103.90763322075745,103.33241597993437,210.5590057373047,133.59300231933594,228.4290008544922,133.47099304199222,0.42861107384556335,6.195871078382856,0.046421361619133766,-0.7456026953683084,0.3466858687371527,,0.0,inf
65.75,1.4778792546625084,22.48855557509512,22.265347047067408,18.161405372641443,103.9286293145872,103.64441244956257,210.5800018310547,133.59300231933594,228.74099731445312,133.47099304199222,0.4105220151840301,6.246820993081977,-0.3617811732306858,1.0189982939824784,0.2786784952354708,,0.0,inf
65.8,1.5772392195277116,22.349559514652228,22.300727273113903,18.45040041077955,103.95063248851551,103.95541709996263,210.6020050048828,133.59300231933594,229.052001953125,133.47099304199222,0.4381220054243643,6.2082109762922855,0.5519998048067157,-0.7722003357938773,0.29767900206654474,,0.0,inf
65.85000000000001,1.5366312147237318,22.528407954486383,22.332482434656487,18.742401566400574,103.97162858239479,104.26842064737505,210.6230010986328,133.59300231933594,229.3650054931641,133.47099304199222,0.42684200408992545,6.2578910984684395,-0.2256000266887257,0.9936024435228547,0.4120159046403185,,0.0,inf
65.9,1.617249619987979,22.38555985212635,22.361145333395726,19.030389935807897,103.99462357753828,104.57941003660696,210.64599609375,133.59300231933594,229.67599487304688,133.47099304199222,0.4492360055522163,6.218211070035097,0.44788002924584286,-0.7936005686668952,0.5818020818497622,,0.0,inf
65.95,1.9221336537079998,22.560734813713932,22.3868670510572,19.31938554589722,104.01862565274692,104.89241358232485,210.6699981689453,133.59300231933594,229.98899841308597,133.47099304199222,0.5339260149188888,6.266870781587203,1.693800187333546,0.9731942310421735,0.732786200003264,,0.0,inf
66.0,2.025144218673145,22.414717872512547,22.410083061357213,19.603376542443584,104.04662553073129,105.20441004978292,210.697998046875,133.59300231933594,230.30099487304688,133.47099304199222,0.5625400607425403,6.226310520142374,0.5722809164730617,-0.8112052288966182,0.7929387553983354,0.6997764844829717,0.0,inf
66.05,2.2738721117078424,22.586869929882827,22.43091594662577,19.886375896933288,104.0766243101218,105.5174135941469,210.72799682617188,133.59300231933594,230.61399841308597,133.47099304199222,0.6316311421410673,6.274130536078562,1.3818216279706195,0.9564003187238168,0.7301313696086351,,0.0,inf
66.10000000000001,2.4042566930407223,22.43829869085289,22.44971844528454,20.16436454319276,104.11062089223014,105.82941168549637,210.76199340820312,133.59300231933594,230.92599487304688,133.47200012207028,0.6678490814002006,6.232860747459136,0.7243587851825014,-0.8253957723883409,0.5675347945741605,,0.0,inf
66.15,2.406398669277909,22.60807500095821,22.466591508645905,20.44536541035769,104.14362565297316,106.1434223089003,210.7949981689453,133.59300231933594,231.2400054931641,133.47200012207028,0.6684440747994191,6.280020833599503,0.011899867984371381,0.9432017228073878,0.37138456374880446,,0.0,inf
66.2,2.3907098827793543,22.45745070560981,22.48182299098906,20.72435228672866,104.17663041376608,106.45541877369708,210.8280029296875,133.59300231933594,231.552001953125,133.47200012207028,0.6640860785498206,6.23818075155828,-0.08715992499197574,-0.8368016408244947,0.21815336962332524,,0.0,inf
66.25,2.3747221986875044,22.625246082218517,22.495492041701397,21.00535341864866,104.20961991580722,106.76941413749789,210.86099243164062,133.59300231933594,231.86599731445312,133.47200012207028,0.6596450551909735,6.284790578394032,-0.0888204671769472,0.9321965367150927,0.1589683642069213,,0.0,inf
66.3,2.3742759217820133,22.472929218073524,22.50782901204353,21.28534761132797,104.24262467663964,107.08241768141129,210.8939971923828,133.59300231933594,232.1790008544922,133.47200012207028,0.6595210893838925,6.242480338353756,-0.0024793161416193665,-0.8462048008055715,0.2025309553175098,,0.0,inf
66.35000000000001,2.422577311694284,22.63914190686767,22.518902407281647,21.565341923727583,104.27662125871387,107.39641304458313,210.9279937744141,133.59300231933594,232.4929962158203,133.47200012207028,0.6729381421373012,6.288650529685464,0.26834105506811207,0.9234038266339472,0.3225222477836318,,0.0,inf
66.4,2.5220273529292325,22.485458627213408,22.52889228479036,21.84332222116865,104.31063309953986,107.70840950769836,210.9620056152344,133.59300231933594,232.80499267578125,133.47200012207028,0.7005631535914535,6.245960729781502,0.5525002290830775,-0.8537959980792872,0.4772039869208333,,0.0,inf
66.45,2.6540101638706206,22.65040963056843,22.537859766475805,22.122324951323773,104.34662858294176,108.02341195047052,210.9980010986328,133.59300231933594,233.1199951171875,133.47200012207028,0.7372250455196169,6.291780452935675,0.7332378385633093,0.9163944630835085,0.627189463403391,,0.0,inf
66.5,2.8032124775182283,22.49564489162756,22.54595246838731,22.396338235366173,104.38462296772958,108.33542367178171,211.03599548339844,133.59300231933594,233.4320068359375,133.47200012207028,0.7786701326439522,6.248790247674322,0.8289017424867544,-0.8598041052271155,0.7452343033516148,,0.0,inf
66.55,2.972689743253811,22.659553928841486,22.553220868283177,22.670321100591696,104.42562333397964,108.65041085541121,211.07699584960938,133.59300231933594,233.7469940185547,133.47200012207028,0.8257471509038363,6.294320535789302,0.9415403651977352,0.9106057622996551,0.8181561652914735,,0.0,inf
66.60000000000001,3.142267891687306,22.503853639881935,22.559776363186078,22.941313378908724,104.46763078031536,108.96341439752615,211.11900329589844,133.59300231933594,234.05999755859372,133.47200012207028,0.8728521921353628,6.251070455522759,0.9421008246303154,-0.8650016053306495,0.8445593683058581,,0.0,inf
66.65,3.3059957530318487,22.666933571133644,22.565662220203627,23.21030164409391,104.51262894929829,109.27741137460346,211.16400146484372,133.59300231933594,234.37399291992188,133.47300720214844,0.9183321536199579,6.296370436426012,0.9095992296919537,0.905999618065108,0.8326776237884617,,0.0,inf
66.7,3.445506708890969,22.510514021846486,22.570968551827296,23.476304598489524,104.55962601963192,109.59041491634187,211.21099853515625,133.59300231933594,234.6869964599609,133.47300720214844,0.957085196914158,6.252920561624023,0.7750608658840471,-0.8689974960398278,0.7975810089706774,,0.0,inf
66.75,3.571175540598807,22.67290903822881,22.575734847428322,23.742307631944502,104.60862199131884,109.90541735828477,211.25999450683597,133.59300231933594,235.0019989013672,133.47300720214844,0.9919932057218908,6.298030288396891,0.6981601761546937,0.9021945354574059,0.7553377028964046,,0.0,inf
66.8,3.697164909492264,22.515912708222874,22.580033196443264,24.004297729968,104.6596321231562,110.21842089971632,211.31100463867188,133.59300231933594,235.31500244140625,133.47300720214844,1.02699025263674,6.254420196728576,0.6999409382970254,-0.8722018333663469,0.7160760593986508,,0.0,inf
66.85000000000001,3.822264923448481,22.67776871960561,22.58389587771705,24.267294967490372,104.7116340762817,110.53342334150331,211.36300659179688,133.59300231933594,235.6300048828125,133.47300720214844,1.0617402565134668,6.299380199890447,0.6950000775343775,0.8992000632372041,0.6815860911043067,,0.0,inf
66.9,3.944268933480645,22.520305471659803,22.587380562161695,24.525287451632572,104.76662675206295,110.84641162390214,211.4179992675781,133.59300231933594,235.9429931640625,133.47300720214844,1.0956302593001792,6.25564040879439,0.6778000557342864,-0.8747958219211824,0.6497833031496362,,0.0,inf
66.95,4.055256684992879,22.681692856687892,22.590508884773644,24.78528370055582,104.82164362743013,111.16141406557705,211.47300720214844,133.593994140625,236.25799560546875,133.47300720214844,1.1264601902757998,6.300470237968859,0.6165986195124469,0.896596583489424,0.6215406680955172,,0.0,inf
67.0,4.15184491347112,22.523833071392627,22.59332770275015,25.041292644109244,104.87863520458043,111.47441760656824,211.52999877929688,133.593994140625,236.5709991455078,133.47300720214844,1.1532902537419776,6.256620297609063,0.5366012693235861,-0.876998807195971,0.6031677414705278,-0.1897710139278076,0.0,inf
67.05,4.246740706391427,22.684897741076107,22.595862083973607,25.296279321790852,104.93764094188751,111.78841296808191,211.5890045166016,133.593994140625,236.88499450683597,133.47300720214844,1.179650196219841,6.301360483632251,0.5271988495572966,0.894803720463828,0.6023969845677974,,0.0,inf
67.10000000000001,4.350276889107066,22.5267135154576,22.598148071531178,25.550289506595718,104.99763850048396,112.1024235889921,211.6490020751953,133.593994140625,237.19900512695312,133.47300720214844,1.208410246974185,6.257420420960445,0.5752010150867528,-0.8788012534359302,0.6219476124076547,,0.0,inf
67.15,4.468680861029408,22.68745375198401,22.600200089616212,25.804279858354416,105.05864313915664,112.41742759194712,211.7100067138672,133.593994140625,237.51400756835938,133.4739990234375,1.2413002391748356,6.302070486662225,0.6577998440130469,0.8930013140356482,0.6564494520703005,,0.0,inf
67.2,4.598460672773875,22.52901718372883,22.602050405804448,26.054277180997467,105.12163142040664,112.73041587386749,211.7729949951172,133.593994140625,237.82699584960938,133.4739990234375,1.277350186881632,6.2580603288135634,0.7209989541359684,-0.8802031569732772,0.6947088334356245,,0.0,inf
67.25,4.737564877735101,22.68954113268426,22.603713615249998,26.30427455467989,105.18663386181343,113.04541831535109,211.83799743652344,133.593994140625,238.1419982910156,133.4739990234375,1.315990243815306,6.302650314634516,0.7728011386735241,0.8917997164190946,0.7248189770230284,,0.0,inf
67.3,4.880484947205167,22.53092603588759,22.605214948016467,26.55027421579793,105.25363520458872,113.35842185595742,211.90499877929688,133.593994140625,238.4550018310547,133.4739990234375,1.3556902631125463,6.25859056552433,0.7940003859448516,-0.8811949822037558,0.7386652507866108,,0.0,inf
67.35000000000001,5.0200208607766745,22.691233696029318,22.60656144565884,26.796273923607945,105.32263544873108,113.67342429741151,211.9739990234375,133.593994140625,238.7700042724609,133.4739990234375,1.3944502391046318,6.3031204711192546,0.7751995198415353,0.8905981118982815,0.7341766781493335,,0.0,inf
67.4,5.1509529857531735,22.53243663765901,22.607774562258765,27.03826065460329,105.39363459423993,113.9864125791428,212.0449981689453,133.593994140625,239.0829925537109,133.4739990234375,1.430820273820326,6.259010177127503,0.7274006943139235,-0.8822058798350843,0.715182094375511,,0.0,inf
67.45,5.273029186224738,22.692601822960164,22.608865458885983,27.280262687012247,105.46663264111515,114.301415020576,212.1179962158203,133.593994140625,239.3979949951172,133.4739990234375,1.4647303295068717,6.303500506377823,0.6782011137309526,0.8898065850064514,0.6892943707403496,,0.0,inf
67.5,5.388156899684766,22.533660568085512,22.60984820855527,27.519258807999957,105.5406377680683,114.61441856102905,212.19200134277344,133.593994140625,239.71099853515625,133.4739990234375,1.496710249912435,6.259350157801531,0.6395984081113023,-0.8830069715258806,0.664808164773407,,0.0,inf
67.55,5.499469045089806,22.693717610336837,22.61073019548134,27.758254968555413,105.61664179638878,114.92942100244862,212.26800537109372,133.593994140625,240.0260009765625,133.4739990234375,1.527630290302724,6.303810447315787,0.6184008078058142,0.8892057902851719,0.6479908615378458,,0.0,inf
67.60000000000001,5.610312955315316,22.53466992463889,22.61152583639948,27.99525228448164,105.69363764599848,115.24341636413284,212.34500122070312,133.593994140625,240.33999633789062,133.4739990234375,1.5584202653653656,6.259630534621914,0.6157995012526939,-0.8835982538772613,0.6417220519509818,,0.0,inf
67.65,5.723569153633862,22.694617106489574,22.61224217185003,28.23026174998575,105.77263239697548,115.55742859918112,212.4239959716797,133.593994140625,240.6540069580078,133.47500610351562,1.5898803204538505,6.304060307358215,0.6292011017697343,0.888595454726066,0.6455554520283384,,0.0,inf
67.7,5.840749105523027,22.535497322174464,22.61289018569459,28.464253218744016,105.8526342280305,115.8714239608195,212.5039978027344,133.593994140625,240.96800231933597,133.47500610351562,1.6224303070897297,6.259860367270685,0.6509997327176201,-0.8839988017506576,0.6567041010380892,,0.0,inf
67.75,5.962213288098727,22.695336360086213,22.61346970843479,28.69725290843504,105.9346349604524,116.18642640222687,212.58599853515625,133.593994140625,241.2830047607422,133.47500610351562,1.656170357805202,6.3042601000239475,0.6748010143094857,0.8879946550653067,0.6713693959166328,,0.0,inf
67.8,6.0873132289646525,22.536144477250005,22.613991552571026,28.926239603011684,106.01863459424149,116.49941468374723,212.6699981689453,133.593994140625,241.5959930419922,133.47500610351562,1.69092034137907,6.260040132569445,0.6949996714774005,-0.8843993490900962,0.6859569775272069,,0.0,inf
67.85000000000001,6.2148971495819065,22.695949184826745,22.614463101450767,29.155241586996354,106.1046331293978,116.81441712515353,212.7559967041016,133.593994140625,241.91099548339844,133.47500610351562,1.7263603193283072,6.30443032911854,0.7087995589845817,0.8878039309817012,0.6978957252309707,,0.0,inf
67.9,6.3437054478349735,22.53668520349463,22.61488795803433,29.382244715906058,106.19163874463231,117.1284277455108,212.84300231933597,133.593994140625,242.2250061035156,133.47500610351562,1.7621404021763816,6.260190334304064,0.7156016569615271,-0.8847998962895757,0.7059603003856298,,0.0,inf
67.95,6.472729182824935,22.696417815075137,22.615269557245828,29.607233729752032,106.28064326123408,117.4424231068397,212.9320068359375,133.593994140625,242.53900146484372,133.47500610351562,1.7979803285624818,6.304560504187537,0.7167985277220453,0.8874033976695166,0.7101634947410489,,0.0,inf
68.0,6.601357238860607,22.53708173548424,22.615611673985704,29.83023914436129,106.37163142041395,117.7564184683821,213.0229949951172,133.593994140625,242.85299682617188,133.47500610351562,1.8337103441279463,6.260300482078955,0.7146003113093309,-0.8852004421716911,0.711382582277165,0.10821484080663724,0.0,inf
68.05,6.729301654190574,22.696812632024695,22.61592117615449,30.05224151765137,106.46463919219768,118.07142090979131,213.11599731445312,133.59500122070312,243.1679992675781,133.47500610351562,1.8692504594973816,6.304670175562415,0.7108023073887453,0.8873938696692434,0.7108993488996906,,0.0,inf
68.10000000000001,6.856669287272543,22.53744050296511,22.616198233987113,30.270242111631035,106.55964041290086,118.38442445002191,213.21099853515625,133.59500122070312,243.4810028076172,133.47500610351562,1.9046303575757062,6.260400139712531,0.707597961566332,-0.8854007169974784,0.7099842463593438,,0.0,inf
68.15,6.983821473592148,22.697101019721675,22.616446625310324,30.48923065660855,106.65564871368214,118.69942845286184,213.3070068359375,133.59500122070312,243.79600524902344,133.47599792480472,1.9399504093311524,6.304750283256021,0.7064010351089636,0.8870028708698434,0.709598219256169,,0.0,inf
68.2,7.111117439588506,22.537728889855018,22.61666978207838,30.70422536825084,106.75364065704154,119.01241673428764,213.40499877929688,133.59500122070312,244.10899353027344,133.47599792480472,1.975310399885696,6.260480247181949,0.707199811090913,-0.8854007214814855,0.7102035813798893,,0.0,inf
68.25,7.238881177907115,22.69735335896068,22.616871481965823,30.919220102556558,106.8536467605572,119.32741917570331,213.5050048828125,133.59500122070312,244.4239959716797,133.47599792480472,2.0108003271964208,6.304820377489078,0.7097985462145354,0.8868026061426242,0.711615627340255,,0.0,inf
68.3,7.367401506859133,22.53794517978051,22.617051552218875,31.132231230879782,106.9546446853619,119.64142979597722,213.6060028076172,133.59500122070312,244.73800659179688,133.47599792480472,2.0465004185719815,6.260540327716808,0.7140018275112554,-0.8856009954454406,0.7128799750806338,,0.0,inf
68.35000000000001,7.496821348795972,22.69756965000341,22.617213598736534,31.34321297622507,107.05864859161191,119.9564169786077,213.7100067138672,133.59500122070312,245.0529937744141,133.47599792480472,2.0824503746655476,6.30488045833428,0.7189991218711586,0.8868026123492294,0.7124589026290659,,0.0,inf
68.4,7.627105507188586,22.53812542147948,22.617357620535024,31.55121929930032,107.163644319151,120.26942051879095,213.81500244140625,133.59500122070312,245.36599731445312,133.47599792480472,2.118640418663496,6.260590394855411,0.723800879959008,-0.8858012695774213,0.7092989331310604,,0.0,inf
68.45,7.758217940774389,22.697749892450414,22.61749082827255,31.759225641925372,107.27063894805728,120.58442296021398,213.9219970703125,133.59500122070312,245.68099975585938,133.47599792480472,2.1550605391039968,6.30493052568067,0.7284024088100575,0.8868026165052327,0.704673424577821,,0.0,inf
68.5,7.877989534091616,22.538305663533297,22.61761322107745,31.963218969929336,107.37964773711978,120.89742650038592,214.031005859375,133.59500122070312,245.99400329589844,133.47599792480472,2.18833042613656,6.260640462092582,0.6653977406513013,-0.8858012717618073,0.7029968618853722,,0.0,inf
68.55,7.9946300467763685,22.697856321001897,22.617717589975182,32.16821938920441,107.48964834747144,121.21242894181296,214.14100646972656,133.59500122070312,246.3090057373047,133.47599792480472,2.220730568548991,6.304960089167193,0.6480028482486602,0.886392541492264,0.7095771198512033,,0.0,inf
68.60000000000001,8.123077428325432,22.538413808237213,22.617814920502386,32.370213865191694,107.60164785919022,121.52642430326469,214.2530059814453,133.59500122070312,246.6230010986328,133.47599792480472,2.2564103967570643,6.260670502288114,0.7135965641613028,-0.8857917375813724,0.7263763123285698,,0.0,inf
68.65,8.259661540879963,22.697964466342363,22.617901265164452,32.5712128796485,107.71564627227616,121.84142835453693,214.36700439453125,133.59500122070312,246.93800354003903,133.47700500488278,2.2943504280222116,6.304990129539545,0.7588006253029876,0.8863925450286707,0.7497881637014744,,0.0,inf
68.7,8.403193638484,22.53852195324996,22.61798057150395,32.76821782021945,107.83164358672951,122.1544318946917,214.4830017089844,133.59500122070312,247.2510070800781,133.47700500488278,2.3342204551344445,6.260700542569433,0.7974005422447048,-0.8857917394023012,0.7726044480138248,,0.0,inf
68.75,8.550973512444093,22.69807261199839,22.618052496807717,32.96520751749042,107.94963980255032,122.46941907733688,214.6009979248047,133.59500122070312,247.5659942626953,133.47700500488278,2.375270420123359,6.305020169999553,0.82099929977834,0.886392548602452,0.7880540487387944,,0.0,inf
68.8,8.698610014372393,22.538592333013586,22.618117212131033,33.15922532898636,108.06963901862468,122.78342969756218,214.7209930419922,133.59599304199222,247.8800048828125,133.47700500488278,2.416280559547887,6.260720092503774,0.8202027884906049,-0.8860015499156375,0.7926433643569626,,0.0,inf
68.85000000000001,8.843221869268724,22.698144708878655,22.618174718018555,33.351210184038486,108.19164829596892,123.09742505892198,214.84300231933597,133.59599304199222,248.19400024414062,133.47700500488278,2.4564505192413124,6.3050401969107375,0.8033991938683233,0.8864020881390761,0.7866801914912764,,0.0,inf
68.9,8.983261514840336,22.538664429569934,22.6182286188276,33.54121142303209,108.315641215891,123.4114204203533,214.9669952392578,133.59599304199222,248.50799560546875,133.47700500488278,2.495350420788982,6.260740119324981,0.7779980309534371,-0.8860015517151758,0.7732481864176628,,0.0,inf
68.95,9.118585625274324,22.698216805957347,22.61827531017829,33.730205601788285,108.4416482959692,123.72642286179402,215.09300231933597,133.59599304199222,248.822998046875,133.47700500488278,2.53294045146509,6.305060223877041,0.751800613522205,0.8864020910412378,0.7566983368568059,,0.0,inf
69.0,9.249842216600587,22.5387004775519,22.618314791580158,33.91521727425709,108.56963901862544,124.03942640193077,215.2209930419922,133.59599304199222,249.1360015869141,133.47700500488278,2.5694006157223854,6.260750132653305,0.7292032851459466,-0.8862018244747609,0.7413242682582291,0.02994168598106406,0.0,inf
69.05,9.378218320912234,22.69825285433511,22.618354444913468,34.10120551573171,108.69865208014893,124.3544288433748,215.3500061035156,133.59599304199222,249.4510040283203,133.47700500488278,2.6050606446978426,6.305070237315308,0.7132005795091839,0.8864020932401011,0.7304679612100493,,0.0,inf
69.10000000000001,9.505766183672304,22.53873652569885,22.618386716659643,34.283211249569256,108.83064060553967,124.66842420479662,215.48199462890625,133.59599304199222,249.76499938964844,133.47700500488278,2.6404906065756397,6.260760146027459,0.7085992375557814,-0.8862018257567722,0.7260197755106952,,0.0,inf
69.15,9.634465842603412,22.698288902780728,22.61841916030348,34.46520173637488,108.96365146979755,124.98342664624322,215.6150054931641,133.59599304199222,250.0800018310547,133.47700500488278,2.676240511834281,6.305080250772424,0.7149981051728689,0.8864020948993605,0.7282555989552606,,0.0,inf
69.2,9.765650326790055,22.53877257400645,22.618444222379125,34.64320632177053,109.09864597663359,125.2964317577708,215.75,133.59599304199222,250.39300537109372,133.47799682617188,2.712680646330571,6.260770159446237,0.7288026899258396,-0.8862018265238063,0.736042081802268,,0.0,inf
69.25,9.900001965630224,22.698324951413845,22.61846945632067,34.821199069005075,109.23563938483672,125.6114189404314,215.88699340820312,133.59599304199222,250.7079925537109,133.47799682617188,2.7500005460083954,6.305090264281623,0.7463979935565292,0.8864020967077806,0.7473893497305251,,0.0,inf
69.3,10.037414327254874,22.53880862241561,22.618491085260874,34.996204531053955,109.37364354773099,125.92442248055723,216.0249938964844,133.59700012207028,251.02099609375,133.47799682617188,2.788170646459687,6.260780172893225,0.7634020090258787,-0.8862018277680199,0.7601557868937724,,0.0,inf
69.35000000000001,10.17723766823279,22.698361000030488,22.61851271437606,35.17019950174665,109.5146500174576,126.23942492200823,216.1660003662109,133.59700012207028,251.33599853515625,133.47799682617188,2.8270104633979973,6.305100277786247,0.7767963387660269,0.8864020978602422,0.7725678720009029,,0.0,inf
69.4,10.318717530579075,22.538844670816445,22.61853073850071,35.342195592235726,109.65664830847332,126.55342028342098,216.30799865722656,133.59700012207028,251.6499938964844,133.47799682617188,2.866310425160854,6.260790186337902,0.7859992352571779,-0.8862018289669542,0.783308421918594,,0.0,inf
69.45,10.462501974511346,22.69836099992621,22.6185451578976,35.51219280209403,109.80165258093432,126.86842272487438,216.4530029296875,133.59700012207028,251.96499633789062,133.47799682617188,2.906250548475374,6.30510027775728,0.7988024662904457,0.8862018283876132,0.7912901997820332,,0.0,inf
69.5,10.608014168045177,22.53884467056125,22.61855957719853,35.679199315046624,109.9476486746845,127.18142626499464,216.5989990234375,133.59700012207028,252.2779998779297,133.47799682617188,2.946670602234771,6.2607901862670134,0.8084010751879871,-0.8862018298053769,0.7955551761964119,,0.0,inf
69.55,10.75323797422869,22.69839704865465,22.618573996630488,35.845198762189824,110.09665074987998,127.49642870644944,216.7480010986328,133.59700012207028,252.59300231933597,133.47799682617188,2.987010548396858,6.305110291292958,0.8067989232417819,0.8864021005189364,0.7955776600726795,,0.0,inf
69.60000000000001,10.89691425397501,22.53888071926282,22.618588415986885,36.00919932733246,110.24664464636444,127.81042406785605,216.8979949951172,133.59700012207028,252.9069976806641,133.47799682617188,3.0269206261041695,6.260800199795228,0.7982015541460502,-0.8862018299543922,0.7917117641018271,,0.0,inf
69.65,11.038358074683252,22.69839704872565,22.61859923058137,36.17019393547741,110.39964452429415,128.12441942923428,217.05099487304688,133.59700012207028,253.2209930419922,133.47799682617188,3.0662105763009033,6.30511029131268,0.785799003934722,0.8862018303490842,0.7852869202583519,,0.0,inf
69.7,11.177641551174554,22.538880719129853,22.618610045093714,36.33019345055368,110.55365148230196,128.4384316643539,217.2050018310547,133.59700012207028,253.53500366210938,133.47900390625,3.1049004308818207,6.260800199758292,0.7737970916183907,-0.8862018310877999,0.778199871080464,,0.0,inf
69.75,11.315449577870185,22.69839704870148,22.618617254822478,36.48819738153579,110.71064916296604,128.7534341058121,217.36199951171875,133.59700012207028,253.8500061035156,133.47900390625,3.1431804382972732,6.305110291305967,0.7656001483090948,0.8862018309535429,0.7722967692600944,,0.0,inf
69.8,11.452466242872985,22.538880719075152,22.61862446448843,36.64318335185997,110.86865713310516,129.06642238713752,217.5200042724609,133.59800720214844,254.1629943847656,133.47900390625,3.1812406230202734,6.260800199743097,0.7612036944600475,-0.886201831257442,0.7689095123218783,,0.0,inf
69.85000000000001,11.589482056628432,22.69839704880499,22.61862806936588,36.79819657592492,111.02864553642546,129.38142482859718,217.67999267578125,133.59800720214844,254.47799682617188,133.47900390625,3.2193005712856753,6.305110291334719,0.7611989653078634,0.8862018318322323,0.7686771334281343,,0.0,inf
69.9,11.727254031724774,22.538880718995493,22.618631674183785,36.950203840942585,111.19064809990202,129.69543544878778,217.8419952392578,133.59800720214844,254.79200744628903,133.47900390625,3.2575705643679926,6.26080019972097,0.7653998616463911,-0.886201832275028,0.7715710270716915,,0.0,inf
69.95,11.866466256376722,22.69843309774982,22.618638883966145,37.10118877885825,111.35464956474577,130.01042263145834,218.0059967041016,133.59800720214844,255.10699462890625,133.47900390625,3.2962406267713114,6.305120304930505,0.7734012480664183,0.8864021041907548,0.7770163536020872,,0.0,inf
70.0,12.007478357251284,22.53891676782527,22.618646093692547,37.24819119945409,111.52064993095672,130.32342617157104,218.1719970703125,133.59800720214844,255.4199981689453,133.47900390625,3.3354106547920233,6.260810213284797,0.7834005604142825,-0.8862018329142145,0.7840828530940651,0.042758584835836055,0.0,inf
70.05,12.150325495403216,22.698433097863155,22.6186496986134,37.39519362599131,111.68864919853485,130.63842861303198,218.33999633789062,133.59800720214844,255.7350006103516,133.47900390625,3.3750904153897823,6.305120304961988,0.7935952119552254,0.886201833543862,0.7917555472513015,,0.0,inf
70.10000000000001,12.294721879594322,22.53891676795144,22.61865330348225,37.53819827571469,111.85864736748016,130.9514321531421,218.50999450683597,133.59800720214844,256.04800415039057,133.47900390625,3.415200522109534,6.260810213319845,0.802202134394849,-0.8862018328426596,0.7992281022928645,,0.0,inf
70.15,12.440125926910744,22.698433098071828,22.618656908416877,37.68118767221942,112.03065969658176,131.2664345946045,218.6820068359375,133.59800720214844,256.36300659179693,133.47900390625,3.455590535252984,6.305120305019952,0.807800262869051,0.8862018340021975,0.8060290259259684,,0.0,inf
70.2,12.586105891268264,22.538916768061327,22.618660513310022,37.82118325853155,112.20465566826151,131.58043152243846,218.8560028076172,133.59800720214844,256.677001953125,133.47999572753906,3.4961405253522955,6.260810213350369,0.8109998019862735,-0.886201833391717,0.8118169007060558,,0.0,inf
70.25,12.733598191058118,22.698433098267135,22.618664118266594,37.960190152690856,112.38065054130844,131.8954339639017,219.0319976806641,133.59800720214844,256.99200439453125,133.47999572753906,3.5371106086272546,6.305120305074204,0.8194016654992287,0.8862018344767513,0.8160333125207113,,0.0,inf
70.3,12.882746195607131,22.53891676819138,22.61866772317821,38.09516875076567,112.55865957451158,132.2084222452221,219.2100067138672,133.59800720214844,257.30499267578125,133.47999572753906,3.5785406098908696,6.2608102133864945,0.8286000252723484,-0.8862018337542359,0.8180620028426339,,0.0,inf
70.35000000000001,13.031894163362516,22.698433098463017,22.61867132814401,38.229173870168346,112.73966204778378,132.52342468668607,219.39100646972656,133.5989990234375,257.6199951171875,133.47999572753906,3.6199706009340322,6.305120305128615,0.8285998208630633,0.8862018348422157,0.8184076234253784,,0.0,inf
70.4,13.180069674592303,22.53891676835521,22.618674933079987,38.36117701697311,112.92165362493229,132.83742004808272,219.572998046875,133.5989990234375,257.93399047851557,133.47999572753906,3.6611304651645287,6.260810213432003,0.8231972846099757,-0.8862018339322979,0.8201417409897682,,0.0,inf
70.45,13.320038062376073,22.69843309867757,22.618674933172766,38.491166017636814,113.10565936223698,133.15141540946874,219.7570037841797,133.5989990234375,258.2479858398437,133.47999572753906,3.7000105728822423,6.305120305188213,0.7776021543543175,0.8862018351242511,0.8285112536594725,,0.0,inf
70.5,13.461985697106767,22.53891676852289,22.61867493324252,38.61920190675097,113.29164874211979,133.46544128844351,219.9429931640625,133.5989990234375,258.56201171875,133.47999572753906,3.7394404714185465,6.26081021347858,0.7885979707261286,-0.8862018341927118,0.8475522690058166,,0.0,inf
70.55,13.619917584161248,22.69843309896841,22.618674933353052,38.74519313182357,113.48065936223699,133.78044372990806,220.1320037841797,133.5989990234375,258.87701416015625,133.47999572753906,3.783310440044791,6.3051203052690035,0.8773993725249395,0.8862018358085215,0.876013871787223,,0.0,inf
70.60000000000002,13.788613525957146,22.538916768675552,22.61867493342546,38.86817839338653,113.67066180364351,134.09343201122596,220.32200622558597,133.5989990234375,259.19000244140625,133.47999572753906,3.830170423876985,6.260810213520987,0.9371996766433989,-0.8862018349598784,0.9066560674273128,,0.0,inf
70.65,13.963789669035714,22.69843309915023,22.618674933533306,38.99018710066399,113.86365496770664,134.4084344526913,220.51499938964844,133.5989990234375,259.5050048828125,133.47999572753906,3.8788304636210316,6.305120305319508,0.9732007948812649,0.8862018359707238,0.9298446965840773,,0.0,inf
70.7,14.14062148775152,22.538916768902467,22.618674933617417,39.10917153380586,114.05866229192623,134.72243142909048,220.7100067138672,133.5989990234375,259.81900024414057,133.48100280761722,3.9279504132643113,6.260810213584018,0.9823989928656499,-0.8862018347098448,0.938002128462323,,0.0,inf
70.75,14.314393440924027,22.69843309949052,22.618674933739754,39.226175397395174,114.25666033880206,135.03743387055655,220.9080047607422,133.5989990234375,260.13400268554693,133.48100280761722,3.976220400256674,6.305120305414032,0.9653997398473118,0.8862018366003326,0.927263105994106,,0.0,inf
70.8,14.481685183177856,22.538916769131013,22.61867493383372,39.33817440382401,114.45764910833368,135.350422151873,221.10899353027344,133.5989990234375,260.44699096679693,133.48100280761722,4.022690328660516,6.2608102136475035,0.9293985680768819,-0.8862018353306282,0.8960154363609147,,0.0,inf
70.85000000000002,14.64080497555458,22.69843309971493,22.61867493395891,39.45116825496594,114.65966272700012,135.66542459333908,221.31100463867188,133.60000610351562,260.76199340820307,133.48100280761722,4.0668902709873835,6.305120305476369,0.8839988465369072,0.8862018365768605,0.8429936015640263,,0.0,inf
70.9,14.792150227702534,22.53891676936308,22.61867493405969,39.55918473264252,114.86466455805478,135.97844339223346,221.51600646972656,133.60000610351562,261.07501220703125,133.48100280761722,4.1089306188062595,6.2608102137119666,0.8408069563778068,-0.8862018352883541,0.7682046881000225,,0.0,inf
70.95,14.925098516803734,22.698433099981298,22.618674934190068,39.66819302983143,115.07065821039872,136.29344583369956,221.7220001220703,133.60000610351562,261.3900146484375,133.48100280761722,4.1458606991121485,6.305120305550361,0.7386016061178211,0.8862018367679318,0.6773427618751913,,0.0,inf
71.0,15.020137102431462,22.53891676969655,22.618674934307442,39.77419536170639,115.27865076411108,136.6074411950931,221.92999267578125,133.60000610351562,261.70401000976557,133.48100280761722,4.172260306230962,6.2608102138045965,0.5279921423763001,-0.8862018349153338,0.5855318869542707,-0.1985509661397944,0.0,inf
71.05,15.08691848666746,22.69843310029181,22.618674934439774,39.87919062053257,115.48865747798271,136.92244363655993,222.13999938964844,133.60000610351562,262.01901245117193,133.48100280761722,4.190810690740961,6.305120305636613,0.3710076902000059,0.8862018366403894,0.5146199357393481,,0.0,inf
71.10000000000002,15.149990286515207,22.53891676998548,22.61867493457077,39.98217173056828,115.69866419185696,137.2354319178756,222.3500061035156,133.60000610351562,262.33200073242193,133.48100280761722,4.208330635143113,6.260810213884856,0.35039888804286273,-0.8862018350346985,0.48385212280743056,,0.0,inf
71.15,15.221990166507606,22.69843310067677,22.618674934723426,40.08617517733231,115.90966272701958,137.55043435934246,222.56100463867188,133.60000610351562,262.64700317382807,133.48100280761722,4.228330601807668,6.3051203057435465,0.3999993332912354,0.8862018371741167,0.500803629623371,,0.0,inf
71.2,15.312889981593056,22.538916770253163,22.61867493485849,40.188179733855435,116.12165308346857,137.86442972073522,222.7729949951172,133.60000610351562,262.96099853515625,133.48100280761722,4.253580550442515,6.2608102139592114,0.5049989726969638,-0.8862018356867523,0.5590349993914812,,0.0,inf
71.25,15.428090202965913,22.698433100934828,22.61867493500292,40.28917429961664,116.33465051999326,138.1784266485605,222.98599243164062,133.60000610351562,263.27499389648443,133.48199462890622,4.285580611934976,6.30512030581523,0.640001229849255,0.8862018371204143,0.6423913766029549,,0.0,inf
71.3,15.566797775862034,22.538916770597588,22.618674935149574,40.38716582361706,116.550653937962,138.49242200995323,223.20199584960938,133.60000610351562,263.5889892578125,133.48199462890622,4.324110493295009,6.260810214054885,0.7705976272007126,-0.8862018352069405,0.7315704848650122,,0.0,inf
71.35000000000002,15.723397567805149,22.69843310125565,22.61867493530365,40.48516025290333,116.76766670249964,138.8074244514207,223.41900634765625,133.60099792480472,263.90399169921875,133.48199462890622,4.3676104355014305,6.305120305904347,0.8699988441279761,0.8862018369887799,0.8094132236858969,,0.0,inf
71.4,15.89166177175016,22.53891677091043,22.618674935458387,40.578177430094506,116.98766792320455,139.12044325031366,223.63900756835938,133.60099792480472,264.21701049804693,133.48199462890622,4.414350492152822,6.260810214141785,0.9348011330281549,-0.8862018352515302,0.8638561051508848,,0.0,inf
71.45,16.064641528345245,22.698433101618928,22.61867493562216,40.67119460913501,117.20965278648872,139.43544569178133,223.86099243164062,133.60099792480472,264.53201293945307,133.48199462890622,4.462400424540346,6.305120306005257,0.960998647750523,0.8862018372694862,0.8889649970023682,,0.0,inf
71.5,16.23434598052465,22.538916771250467,22.61867493577754,40.76018348683612,117.43465889000723,139.74944105317402,224.08599853515625,133.60099792480472,264.84600830078125,133.48199462890622,4.509540550145736,6.2608102142362405,0.9428025121078679,-0.886201835380384,0.8848138365081153,,0.0,inf
71.55,16.394689742259967,22.698433101923648,22.618674935940728,40.84818054912866,117.66166389489209,140.06444349464252,224.31300354003903,133.60099792480472,265.1610107421875,133.48199462890622,4.554080483961102,6.305120306089902,0.8907986763073668,0.8862018370732876,0.8566434304613066,,0.0,inf
71.60000000000002,16.542109107001814,22.538916771596273,22.618674936101804,40.932164568448975,117.89066780114278,140.37743177595735,224.54200744628903,133.60099792480472,265.4739990234375,133.48199462890622,4.595030307500504,6.260810214332298,0.8189964707876103,-0.8862018351516361,0.8133387030334109,,0.0,inf
71.65,16.676605802594455,22.698433102306172,22.618674936264743,41.017170923805864,118.12066352868206,140.69243421742559,224.7720031738281,133.60099792480472,265.7890014648437,133.48199462890622,4.632390500720682,6.305120306196159,0.7472038644038176,0.8862018372775184,0.7654720387336518,,0.0,inf
71.7,16.801165013986477,22.538916771832124,22.618674936422643,41.097157160071575,118.35366523766643,141.00542249873962,225.0050048828125,133.60099792480472,266.1019897460937,133.48199462890622,4.66699028166291,6.260810214397812,0.6919956188446046,-0.8862018359669903,0.7236401939020503,,0.0,inf
71.75,16.919281771051107,22.698433102614068,22.618674936590565,41.17715575820525,118.58866584801832,141.32042655004832,225.2400054931641,133.60099792480472,266.4169921875,133.48300170898438,4.699800491958641,6.305120306281685,0.6562042059146496,0.8862018376775154,0.6974368716191257,,0.0,inf
71.8,17.029658316715775,22.53891677213798,22.618674936744604,41.25615018546007,118.8236664583704,141.63442191144105,225.4750061035156,133.60099792480472,266.73098754882807,133.48300170898438,4.73046064353216,6.260810214482772,0.6132030314704189,-0.8862018359783057,0.6942106543807236,,0.0,inf
71.85000000000002,17.144534104733307,22.698433102921356,22.618674936911173,41.3331638667118,119.06165992214092,141.9494243529087,225.71299743652344,133.60200500488278,267.04598999023443,133.48300170898438,4.76237058464814,6.305120306367043,0.6381988223192824,0.8862018376849696,0.7168519072207048,,0.0,inf
71.9,17.278417960714965,22.538916772442263,22.618674937064362,41.407183946202906,119.30065833522717,142.26244315180162,225.95199584960938,133.60200500488278,267.3590087890625,133.48300170898438,4.799560544643046,6.260810214567295,0.7437991998983634,-0.886201835995273,0.7621159419029155,,0.0,inf
71.95,17.429545220640712,22.698433103307188,22.618674937233187,41.48118876807648,119.5416556496803,142.57744559326989,226.1929931640625,133.60200500488278,267.67401123046875,133.48300170898438,4.8415403390668645,6.305120306474219,0.8395958884764221,0.8862018381385333,0.8218940070390772,,0.0,inf
72.0,17.588665058084008,22.53891677281103,22.61867493738924,41.551180545955646,119.78565894557896,142.89144095466182,226.4369964599609,133.60200500488278,267.98800659179693,133.48300170898438,4.8857402939122245,6.260810214669731,0.8839990969072501,-0.8862018360898076,0.8866897674128285,0.30115788045855774,0.0,inf
72.05,17.759521356419018,22.698469152594576,22.618678542456326,41.62016524885592,120.03066932155613,143.20543631605298,226.6820068359375,133.60200500488278,268.302001953125,133.48300170898438,4.93320037678306,6.30513032016516,0.9492016574167657,0.8864021099086343,0.9477175643928857,,0.0,inf
72.10000000000002,17.949025252883306,22.53891677316223,22.61867854261293,41.68516742495788,120.27966224147957,143.51943167744489,226.93099975585938,133.60200500488278,268.61599731445307,133.48300170898438,4.985840348023141,6.260810214767286,1.0527994248010706,-0.8864021079570333,0.9964967711424237,,0.0,inf
72.15,18.14659896646364,22.698433104034816,22.618678542785798,41.749162526301724,120.53066935694224,143.83443411891417,227.1820068359375,133.60200500488278,268.93099975585943,133.48300170898438,5.040721935128788,6.305120306676337,1.0976317421133266,0.8862018381813288,1.0247762447484459,,0.0,inf
72.2,18.34398318852828,22.5389167734762,22.6186785429502,41.809159842198866,120.78366010991834,144.14742240022838,227.43499755859372,133.60200500488278,269.24398803710943,133.48300170898438,5.0955508857023,6.2608102148545,1.0965790114703025,-0.8862018364368012,1.0267472838724145,,0.0,inf
72.25,18.53370246932231,22.698433104399015,22.6186785431287,41.86715545784772,121.04066389896371,144.46242640312522,227.69200134277344,133.60200500488278,269.55899047851557,133.48399353027344,5.148250685922864,6.305120306777504,1.0539960044113417,0.8862018384601427,1.0017766272657558,,0.011026036278451556,inf
72.3,18.710642367334927,22.5389167738075,22.61867854329565,41.9231549915749,121.29865950464615,144.77642176451738,227.9499969482422,133.60200500488278,269.8729858398437,133.48399353027344,5.197400657593035,6.2608102149465275,0.9829994334034734,-0.8862018366195883,0.9551456138766211,,0.4509677498965168,inf
72.35000000000002,18.87202988018358,22.69843310475479,22.618678543479,41.97615135638436,121.56067004904058,145.0914242059874,228.2120056152344,133.60299682617188,270.18798828125,133.48399353027344,5.242230522273216,6.305120306876331,0.8965972936031572,0.886201838595619,0.896524709296606,,0.49946185730957815,inf
72.4,19.01747005010477,22.538916774225193,22.61867854365729,42.026169465959065,121.82367053792484,145.40444300487974,228.4750061035156,133.60299682617188,270.50100708007807,133.48399353027344,5.282630569473547,6.260810215062554,0.8080009440068905,-0.8862018362758486,0.8373778287762457,,0.897744278229947,inf
72.45,19.150670724519077,22.698433105116933,22.618678543838268,42.07617231737348,122.08866992836235,145.719445446349,228.7400054931641,133.60299682617188,270.81600952148443,133.48399353027344,5.319630756810855,6.305120306976926,0.7400037467462072,0.8862018382874985,0.788271762069541,,0.9083619274333703,inf
72.5,19.27753368921848,22.5389167745477,22.61867854401193,42.1231691997303,122.3556682201233,146.0334408077409,229.0070037841797,133.60299682617188,271.1300048828125,133.48399353027344,5.354870469227356,6.260810215152139,0.7047942483300541,-0.886201836495794,0.7566601941574534,,1.2821147619889324,inf
72.55,19.40342669021566,22.698469154351066,22.618678544187578,42.16816718921256,122.62466541309836,146.3474361691321,229.2760009765625,133.60299682617188,271.44400024414057,133.48399353027344,5.389840747282128,6.305130320653074,0.6994055610954895,0.8864021100187507,0.7456022012246206,,1.2844162018863727,inf
72.60000000000002,19.532953729704197,22.538916774887838,22.61867854436014,42.21116628559301,122.89566150727352,146.661431530524,229.5469970703125,133.60299682617188,271.75799560546875,133.48399353027344,5.425820480473388,6.260810215246622,0.7195946638248301,-0.8864021081285939,0.7535633871190754,,1.6647017336777008,inf
72.65,19.669826189061197,22.698469154692397,22.618682149425894,42.25416538242371,123.1676646813912,146.97643397199306,229.81900024414062,133.60299682617188,272.072998046875,133.48399353027344,5.463840608072554,6.305130320747888,0.7604025519835851,0.8864021100256284,0.7750527670550795,,1.6861496558893574,inf
72.7,19.815662814221948,22.53891677525391,22.61868214960367,42.29216246229359,123.44266042210936,147.28942225330627,230.093994140625,133.60400390625,272.385986328125,133.48399353027344,5.504350781728319,6.260810215348308,0.8102034731153401,-0.8864021079916433,0.8019697963374168,,2.0940336148501277,inf
72.75,19.97010140345729,22.698433106193022,22.618682149783073,42.33116092711881,123.7186613987804,147.6044263046163,230.3699951171875,133.60400390625,272.70098876953125,133.48500061035156,5.547250389849247,6.305120307275839,0.8579921624186103,0.8862018385506658,0.8260252521305547,,2.1455749148802887,inf
72.8,20.131310327544178,22.538916775618247,22.618682149964147,42.36617970968403,123.99766835685014,147.91845218358554,230.6490020751953,133.60400390625,273.0150146484375,133.48500061035156,5.592030646540049,6.260810215449513,0.8956051338160952,-0.8862018365265782,0.8421514711304227,,2.5806735859223178,inf
72.85000000000002,20.28495756574629,22.698433106544428,22.61868215014311,42.400160898985355,124.2786589574728,148.23342410747645,230.92999267578125,133.60400390625,273.32998657226557,133.48500061035156,5.6347104349295245,6.305120307373452,0.8535957677890668,0.8862018384783261,0.8509318748733086,,2.634737233470668,inf
72.9,20.430181436420906,22.53891677592937,22.618682150313525,42.43017481888522,124.56166371823723,148.5464429063686,231.21299743652344,133.60400390625,273.6430053710937,133.48500061035156,5.675050399005807,6.260810215535936,0.8067992815259204,-0.8862018367506155,0.8572900758725117,,3.048534764772951,inf
72.95,20.58433505610227,22.698433106879712,22.618682150489803,42.460173480294365,124.8466673803598,148.8614453478377,231.4980010986328,133.60400390625,273.9580078125,133.48500061035156,5.717870848917297,6.305120307466586,0.8564089982298515,0.8862018386130515,0.8657460152035716,,3.1069462336044307,inf
73.0,20.744029901237727,22.53891677629843,22.618682150664874,42.486159096025574,125.13366994384323,149.17443362915168,231.78500366210938,133.60400390625,274.27099609375,133.48500061035156,5.762230528121591,6.260810215638452,0.8871935840859251,-0.8862018365627271,0.8765509849753235,-0.01013878243750499,3.547260938583525,inf
73.05,20.907109937008578,22.698433107284234,22.618678545958193,42.512162758630964,125.42267311059649,149.48943607062154,232.07400512695312,133.60499572753906,274.58599853515625,133.48500061035156,5.8075305380579385,6.305120307578954,0.9060001987270088,0.886201838810085,0.8861247066790069,,3.623807505299043,inf
73.10000000000002,21.071125529500044,22.53891677668879,22.61867854613829,42.53416584481543,125.71466529809831,149.80343143201347,232.36599731445312,133.60499572753906,274.89999389648443,133.48500061035156,5.853090424861123,6.260810215746886,0.9111977360632252,-0.8862018366408981,0.8904032622383792,,4.075126089116683,inf
73.15,21.233738657965574,22.69843310763508,22.618674941432552,42.55516185508205,126.00867164575554,150.11843387348333,232.66000366210938,133.60499572753906,275.21499633789057,133.48500061035156,5.898260738323771,6.305120307676411,0.9034062692532591,0.8862018385907968,0.8874987512756963,,4.155023358677992,inf
73.2,21.393397490355632,22.538916777036675,22.618674941610827,42.57219059596965,126.30466163599036,150.43145267237546,232.95599365234372,133.60499572753906,275.52801513671875,133.48500061035156,5.942610413987675,6.260810215843521,0.8869935132781464,-0.886201836657851,0.8781511558436808,,4.603280634108499,inf
73.25,21.549205952163295,22.698433108025174,22.61867494179405,42.58815122598113,126.60367286645945,150.7464245962672,233.2550048828125,133.60499572753906,275.84298706054693,133.48500061035156,5.985890542267581,6.305120307784771,0.8656025655981695,0.8862018388250419,0.8648200850584,,4.675901541208807,inf
73.3,21.701234449796644,22.538916777391425,22.618674941971364,42.60218647412014,126.90366065942848,151.0604520415206,233.55499267578125,133.60499572753906,276.15701293945307,133.48599243164062,6.028120680499067,6.260810215942062,0.844602764629764,-0.8862018368542273,0.8505702135497014,,5.115261857343107,inf
73.35000000000002,21.850202210104804,22.698433108402792,22.618674942157195,42.61317558373643,127.20667136619177,151.37444740291255,233.8580017089844,133.60600280761722,276.47100830078125,133.48599243164062,6.0695006139180006,6.3051203078896645,0.8275986683782428,0.8862018389516009,0.8382206355149692,,5.180044820082445,inf
73.4,21.997334889956466,22.53891677775868,22.61867494234013,42.62217823355493,127.51166404197326,151.68844276430443,234.1629943847656,133.60600280761722,276.78500366210943,133.48599243164062,6.110370802765685,6.260810216044077,0.8174037769539612,-0.8862018369120508,0.829810133145005,,5.614622561477251,inf
73.45,22.14392684042232,22.69843310874913,22.61867494252707,42.6311808834522,127.81766379783286,152.0034452057743,234.468994140625,133.60600280761722,277.10000610351557,133.48599243164062,6.1510907890062,6.305120307985868,0.8143997248103504,0.8862018388358777,0.8263421274818619,,5.678748096151201,inf
73.5,22.291238057596946,22.538916778154224,22.61867494271265,42.635163411585154,128.12666953513778,152.31643348708832,234.7779998779297,133.60600280761722,277.41299438476557,133.48599243164062,6.192010571554707,6.260810216153951,0.8183956509701961,-0.8862018366383999,0.8277662535535957,,6.11696762603318,inf
73.55,22.44027790902671,22.69843310909307,22.618674942893527,42.639161198513754,128.4376741738097,152.6314359285582,235.0890045166016,133.60600280761722,277.72799682617193,133.48599243164062,6.233410530285197,6.305120308081408,0.8279991746098441,0.8862018385491914,0.8331556214701451,,6.188657207468902,inf
73.60000000000002,22.591442931732008,22.538916778517386,22.618674943076392,42.64016827457082,128.75066245505974,152.94543128995008,235.4019927978516,133.60600280761722,278.0419921875,133.48599243164062,6.275400814370002,6.260810216254829,0.8398056816956656,-0.8862018365311193,0.8410125340519073,,6.636964637472969,2920.439829808078
73.65,22.74487389076657,22.6984331094904,22.618674943261922,42.64016827460208,129.06566489646602,153.26043373141997,235.7169952392578,133.60600280761722,278.35699462890625,133.48599243164062,6.318020525212936,6.3051203081917775,0.8523942168589714,0.8862018387392647,0.8496284388497055,,6.719814685965607,3302.82350828954
73.7,22.90017767335751,22.538916778869506,22.61867494344521,42.63618854966922,129.38266779082127,153.5734525303121,236.03399658203125,133.60699462890622,278.67001342773443,133.48599243164062,6.3611604648215305,6.26081021635264,0.8627987921719396,-0.8862018367828,0.8574224481644648,,7.178989695472017,424.8314367504332
73.75,23.05677922296596,22.698433109865068,22.618674943629195,42.63115316959156,129.70267511504002,153.88842445420383,236.35400390625,133.60699462890622,278.9849853515625,133.48599243164062,6.404660895268322,6.305120308295852,0.8700086089358866,0.8862018388642816,0.8631999537848145,,7.2711368794518965,428.23608042994823
73.8,23.21391808333281,22.538916779232782,22.61867494381333,42.6231700079476,130.02367426054786,154.20144487313868,236.6750030517578,133.60699462890622,279.29800415039057,133.48699951171878,6.448310578703558,6.26081021645355,0.8729936687047654,-0.8862018368460738,0.8662949145493544,,7.737337425384467,227.31101095692023
73.85000000000002,23.370914451319237,22.698433110237147,22.61867494399677,42.61418261684525,130.34766412871193,154.51644731460854,236.99899291992188,133.60699462890622,279.61300659179693,133.48699951171878,6.49192068092201,6.305120308399207,0.8722020443685864,0.8862018389126809,0.8665829732584992,,7.8339878705905885,228.11464931714977
73.9,23.527189853090267,22.5389167796154,22.618674944182445,42.60217399744401,130.67366815703227,154.83044267600047,237.3249969482422,133.60699462890622,279.927001953125,133.48699951171878,6.535330514747296,6.2608102165598325,0.8681966765060286,-0.8862018367877946,0.8643560166866628,,8.302429273596418,155.18204831567616
73.95,23.682423269175874,22.698433110613088,22.618674944368834,42.589173560780395,131.00167108671977,155.14544511747033,237.6529998779297,133.60699462890622,280.24200439453125,133.48699951171878,6.57845090810441,6.305120308503636,0.8624078671423121,0.8862018388761121,0.8600429177799156,,8.399652042084416,155.80990757678794
74.0,23.836431017480955,22.538916779991585,22.61867494455257,42.57216007850101,131.33167291777443,155.45843339878436,237.9830017089844,133.60699462890622,280.55499267578125,133.48699951171878,6.621230838189154,6.2608102166643285,0.8555986016949422,-0.8862018367861928,0.853868745312752,-0.022682239662571435,8.867677511607097,118.11471483304233
74.05,23.98928692615253,22.698433110975408,22.618674944740807,42.55516470670248,131.66367517761458,155.7734358402542,238.31500244140625,133.60800170898438,280.8699951171875,133.48699951171878,6.663690812820147,6.3051203086042795,0.8491994926199048,0.8862018387990716,0.8458944389457509,,8.96420197073275,118.67673843495969
74.10000000000002,24.14135148573327,22.53891678037944,22.61867494492701,42.5341686978399,131.9986666326927,156.08743120164613,238.6499938964844,133.60800170898438,281.18399047851557,133.48699951171878,6.705930968259242,6.260810216772067,0.8448031087814675,-0.8862018366437936,0.8372493281684004,,9.432253080653188,95.55432545546203
74.15,24.292911339697252,22.69843311135059,22.61867494511303,42.51216561312598,132.33466516784895,156.40142656303806,238.98599243164062,133.60800170898438,281.49798583984375,133.48699951171878,6.748030927693681,6.305120308708497,0.8419991886890651,0.8862018387288908,0.8325942606599719,,9.529943726647835,95.98145534639923
74.2,24.43431914444377,22.538916780754604,22.618674945301546,42.48718707663927,132.67366968445054,156.71545244200814,239.3249969482422,133.60800170898438,281.81201171875,133.48699951171878,6.787310873456603,6.260810216876279,0.785598915258481,-0.886201836644404,0.8413774419280144,,9.981455210970568,80.69577803532545
74.25,24.56708722248435,22.69843311172234,22.61867494548727,42.46219328160702,133.01366602234134,157.03045488347797,239.6649932861328,133.60800170898438,282.12701416015625,133.48699951171878,6.824190895134541,6.3051203088117616,0.7376004335588136,0.886201838709703,0.8742473010486229,,10.046926032212015,81.80269962013715
74.3,24.721203117207498,22.53891678111028,22.618674945675014,42.432176505539104,133.3566683416773,157.3434447849927,240.00799560546875,133.60800170898438,282.44000244140625,133.48800659179688,6.867000865890971,6.260810216975078,0.8561994151286487,-0.8862018367337192,0.9350513674348793,,10.52567059014562,69.99691699674561
74.35000000000002,24.90725147269457,22.69843311210761,22.618674945862065,42.40217784631354,133.70166956238054,157.65844722646253,240.35299682617188,133.60800170898438,282.7550048828125,133.48800659179688,6.91868096463738,6.305120308918781,1.0336019749276424,0.886201838873601,1.0150461477212154,,10.696397470500402,69.10724535327255
74.4,25.117203708596463,22.53891678148018,22.618674946048547,42.36917603838428,134.04867110189713,157.97244258785446,240.6999969482422,133.60899353027344,283.0690002441406,133.48800659179688,6.977001030165684,6.260810217077827,1.1664013105664743,-0.8862018368193783,1.095391840951417,,11.287311831438135,59.15823504264416
74.45,25.341518873773587,22.698433112475968,22.618674946234837,42.3331807019055,134.39966902670403,158.28744502932432,241.05099487304688,133.60899353027344,283.3840026855469,133.48800659179688,7.03931079827044,6.305120309021102,1.2461953620952035,0.8862018388655428,1.155977483015683,,11.538513841843175,57.658883808682546
74.5,25.57055131892539,22.538916781844144,22.61867494642009,42.292165244551356,134.75367293295687,158.60043331063832,241.40499877929688,133.60899353027344,283.6969909667969,133.48800659179688,7.102930921923719,6.260810217178928,1.2724024730656516,-0.8862018368435158,1.183272352520822,,12.17410584414323,50.22042897410808
74.55,25.79583983374217,22.69843311283975,22.61867494660652,42.25017322909132,135.11066756186574,158.91543575210818,241.76199340820312,133.60899353027344,284.0119934082031,133.48800659179688,7.16551106492838,6.305120309122153,1.2516028600932927,0.8862018388645481,1.1729408396023375,,12.43509239543384,49.105225610246414
74.60000000000002,26.00924765086414,22.53891678221616,22.618674946790193,42.20319161038426,135.47066817221892,159.2284545510003,242.1219940185547,133.60899353027344,284.32501220703125,133.48800659179688,7.224791014128927,6.260810217282266,1.1855989840103272,-0.8862018367972886,1.1286847361891734,,13.0473383220053,43.77966236652505
74.65,26.20562664325721,22.69843311322033,22.618674946977173,42.15518765751389,135.83367476401634,159.54345699247014,242.4850006103516,133.60899353027344,284.6400146484375,133.48800659179688,7.279340734238114,6.305120309227869,1.0909944021841147,0.8862018389123529,1.0605807065839516,,13.257446406091711,43.27024344068352
74.7,26.382171853189103,22.53891678256433,22.618674947158137,42.104180641891936,136.19868164648602,159.8574523538621,242.8500061035156,133.61000061035156,284.9540100097656,133.48800659179688,7.328381070330306,6.26081021737898,0.9808067218438967,-0.8862018369778262,0.9839522050377899,,13.801327458782767,39.438868283835326
74.75,26.53257987972548,22.698433113543487,22.61867494734025,42.051187090234656,136.56667786230656,160.172454795332,243.21800231933597,133.61000061035156,285.2690124511719,133.48800659179688,7.370161077701521,6.305120309317635,0.8356001474243455,0.8862018387731545,0.9170905431515113,,13.922864439465393,39.4828005748903
74.8,26.667074862295,22.538916782938212,22.618674947523047,41.994177624928724,136.93667297949528,160.48544464812173,243.58799743652344,133.61000061035156,285.5820007324219,133.48899841308594,7.407520795081944,6.260810217482836,0.7471943476085022,-0.8862018366960249,0.876297314393363,,14.384583346596726,36.621107569947036
74.85000000000002,26.81103867251821,22.698433113934602,22.618674947705745,41.93817810187725,137.30767517676236,160.8004470895916,243.95899963378903,133.61000061035156,285.8970031738281,133.48899841308594,7.44751074236617,6.305120309426278,0.799798945684102,0.8862018388683786,0.8703377027164493,,14.496090111534576,36.71057616281896
74.9,26.96673903538779,22.538916783292407,22.61867494788697,41.87818079333545,137.68166809668526,161.11444245098352,244.3329925537109,133.61000061035156,286.21099853515625,133.48899841308594,7.490760843163274,6.260810217581224,0.865002015942384,-0.8862018369013749,0.8986760423664186,,15.004816666230594,34.04839140563349
74.95,27.130648173663122,22.698433114298872,22.61867494806925,41.81617221562029,138.05767648486116,161.42843781237542,244.70899963378903,133.61099243164062,286.5249938964844,133.48899841308594,7.536291159350867,6.305120309527465,0.9106063237519086,0.8862018389248554,0.9542814887720519,,15.161401762368483,33.964280894734756
75.0,27.308523684231577,22.538916783701097,22.61867494825495,41.752161868290614,138.4356824663065,161.74243317376738,245.0870056152344,133.61099243164062,286.8389892578125,133.48899841308594,7.58570102339766,6.260810217694749,0.988197280935917,-0.8862018366543694,1.0268994803548448,0.17303073504209276,15.720687549571297,31.513424770044928
75.05,27.512500337869678,22.6984331146612,22.618674948437096,41.68616788778245,138.81667917040818,162.05743561523727,245.46800231933597,133.61099243164062,287.15399169921875,133.48899841308594,7.642361204963799,6.30512030962811,1.1332036313228433,0.8862018386672836,1.1039551249602073,,15.966614076349503,31.17303419514108
75.10000000000002,27.7349443590373,22.538916784041863,22.61867494861967,41.615184305519364,139.2006818559558,162.37045441412937,245.8520050048828,133.61099243164062,287.4670104980469,133.48899841308594,7.704151210843694,6.260810217789406,1.2358001175972684,-0.8862018367736275,1.1711173155667545,,16.626467381135125,28.832338430347495
75.15,27.968620204516874,22.698433115063445,22.618674948803978,41.543193648628666,139.5876752641605,162.68545685559926,246.23899841308597,133.61099243164062,287.7820129394531,133.48899841308594,7.769061167921354,6.305120309739846,1.2981991415536407,0.8862018390090933,1.215058763748235,,16.943180797689635,28.377450934543546
75.2,28.204527665628532,22.538916784399728,22.61867494898752,41.46618584794104,139.97868303080958,162.99945221699116,246.6300048828125,133.61199951171878,288.09600830078125,133.48899841308594,7.834591018230148,6.260810217888813,1.31059700617595,-0.8862018370207074,1.2273143363586534,,17.640163532029057,26.347965586625342
75.25,28.433668242708077,22.698433115448513,22.61867494917802,41.38819852083482,140.37167314311606,163.31445465846105,247.0229949951172,133.61199951171878,288.4110107421875,133.48899841308594,7.8982411785300215,6.305120309846809,1.2730032059975485,0.886201839159974,1.2064938165261125,,17.95539029892314,25.979157980313225
75.3,28.648912899710304,22.5389167848174,22.618674949365936,41.30418399999861,140.76867631694495,163.62744293977502,247.4199981689453,133.61199951171878,288.7239990234375,133.48899841308594,7.95803136103064,6.260810218004833,1.1958036500124405,-0.8862018368395723,1.1578180545151804,,18.615133772337742,24.336216177580805
75.35000000000002,28.84694668618783,22.69843311580066,22.618674949552545,41.21917467097099,141.16868547221858,163.94244699108592,247.82000732421875,133.61199951171878,289.03900146484375,133.49000549316406,8.013040746163286,6.305120309944628,1.1001877026523543,0.8862018387954413,1.0908496878011538,,18.86892404037011,24.13398918180172
75.4,29.027991124782872,22.53891678515821,22.618674949739127,41.1311776206456,141.5706782700702,164.25644235247782,248.2220001220703,133.61199951171878,289.3529968261719,133.49000549316406,8.063330867995242,6.260810218099503,1.0058024366394724,-0.886201836902796,1.0168012473356156,,19.458865142765397,22.81857322261049
75.45,29.193088212576164,22.69843311618777,22.61867494992801,41.04116942666462,141.97468648326554,164.57043771386975,248.6260070800781,133.61300659179688,289.6669921875,133.49000549316406,8.109191170160045,6.305120310052158,0.9172060432961071,0.8862018390531439,0.9464216806329465,,19.644196058030403,22.749074242830932
75.5,29.344792254684034,22.538916785519376,22.61867495010984,40.948167525919686,142.38168416393043,164.88443307526168,249.0330047607422,133.61300659179688,289.9809875488281,133.49000549316406,8.151331181856676,6.260810218199826,0.8428002339326692,-0.8862018370466778,0.8886872214958671,,20.172488817746405,21.65961220053954
75.55,29.487820515666733,22.69843311656981,22.618674950300704,40.85417381035358,142.7906807459631,165.19943551673154,249.44200134277344,133.61300659179688,290.2959899902344,133.49000549316406,8.19106125435187,6.30512031015828,0.7946014499039319,0.8862018391691222,0.8499301398807126,,20.3116113169241,21.662373528926715
75.60000000000002,29.62879569083679,22.538916785907336,22.61867495048725,40.756197570869496,143.20167622936302,165.51245431562367,249.85299682617188,133.61300659179688,290.6090087890625,133.49000549316406,8.23022102523244,6.2608102183075935,0.7831954176109946,-0.8862018370132758,0.8331431074370577,,20.818815640917933,20.69450948601903
75.65,29.772400682059974,22.69843311693309,22.618674950674208,40.65920090415776,143.6136799866539,165.82745675709353,250.26499938964844,133.61399841308594,290.92401123046875,133.49000549316406,8.270111300572214,6.305120310259191,0.7978055067957491,0.886201839032257,0.8376048421425977,,20.962397642246273,20.691694866617233
75.7,29.922662703514252,22.53891678624528,22.618674950858768,40.558203450119976,144.02867327278744,166.14145211848546,250.67999267578125,133.61399841308594,291.2380065917969,133.49000549316406,8.31185075097618,6.260810218401467,0.8347890080793737,-0.8862018371545382,0.8590848006105667,,21.49414129114019,19.774356021938996
75.75,30.082070850044843,22.698433117312327,22.618674951045154,40.456198923153494,144.44568071907685,166.45645455995532,251.0970001220703,133.61399841308594,291.5530090332031,133.49000549316406,8.356130791679123,6.305120310364535,0.8856008140588904,0.886201839261404,0.8898438914205313,,21.67766012268354,19.72491220430103
75.8,30.25119848288275,22.5389167866262,22.618674951226033,40.3501813559594,144.86468706673315,166.76944284126932,251.51600646972656,133.61399841308594,291.8659973144531,133.49000549316406,8.403110689689653,6.260810218507277,0.9395979602106587,-0.8862018371451945,0.9173034145345765,,22.257026988912585,18.83488966643079
75.85000000000002,30.428607087239357,22.698433117655373,22.618674951411506,40.243184189930375,145.28668413704563,167.08444684416682,251.93800354003903,133.61399841308594,292.1809997558594,133.49099731445312,8.452390857566488,6.3051203104598255,0.9856033575362064,0.8862018390505084,0.9211575059620705,,22.48684734312757,18.741465452269733
75.9,30.6123156772942,22.538916786997362,22.61867495159542,40.13218011864944,145.71068130473782,167.3974351254808,252.36199951171875,133.61500549316406,292.4939880371094,133.49099731445312,8.50342102147061,6.260810218610378,1.020603278082774,-0.8862018369892513,0.8734279833266319,,23.10517751175169,17.895214414967068
75.95,30.79991069469917,22.698433118022862,22.61867495177893,40.020181143155625,146.13768325786302,167.71243756695063,252.78900146484372,133.61500549316406,292.8089904785156,133.49099731445312,8.555530748527547,6.305120310561906,1.0421945411388005,0.8862018390306019,0.7499377634107234,,23.364151212443794,17.78342414066124
76.0,30.988408648378897,22.538916787346306,22.618674951961623,39.90517620367099,146.5666841123555,168.0264329283426,253.21800231933597,133.61500549316406,293.12298583984375,133.49099731445312,8.60789129121636,6.260810218707307,1.0472108537763232,-0.8862018370920282,0.5526528068990452,-0.4742466734557996,23.999198158391707,17.0019717901326
76.05,30.958130980543157,22.698433118383413,22.618674952142978,39.79018652616013,146.9966767881393,168.34143536981244,253.6479949951172,133.61500549316406,293.43798828125,133.49099731445312,8.599480827928655,6.305120310662059,-0.168209265754103,0.8862018390951014,0.3216999774405863,,23.7412211726377,17.342528692167935
76.10000000000002,30.93181513615629,22.53891678769816,22.61867495232206,39.673201072771896,147.42668586654685,168.65445416870458,254.0780029296875,133.61599731445312,293.7510070800781,133.49099731445312,8.592170871154524,6.2608102188050445,-0.1461991354825505,-0.8862018371398412,0.11565856107628594,,23.863970616002554,17.01711438839231
76.15,30.905499205788175,22.69843311876173,22.618674952504925,39.55920322717444,147.85568672105498,168.96945661017443,254.5070037841797,133.61599731445312,294.0660095214844,133.49099731445312,8.584860890496715,6.305120310767148,-0.14619961315622035,0.8862018392423645,-0.025756250887433822,,23.615574931954882,17.352425997350593
76.2,30.87918325468055,22.538916788097115,22.61867495269011,39.44419830977023,148.28468757556152,169.28345197156636,254.93600463867188,133.61599731445312,294.3800048828125,133.49099731445312,8.577550904077931,6.260810218915865,-0.1461997283756927,-0.886201837025699,-0.09885501206321494,,23.738430992071777,17.025655182664142
76.25,30.852939413352463,22.698433119115105,22.61867495287039,39.32919339580133,148.7136884300654,169.59744733295832,255.3650054931641,133.61599731445312,294.6940002441406,133.49099731445312,8.57026094815346,6.305120310865306,-0.14579911848941526,0.8862018389888753,-0.11757677082501422,,23.490313836789696,17.362727559208324
76.3,30.826695609084183,22.53891678846189,22.61867495305395,39.21519556012908,149.1416822044878,169.91144269435026,255.7929992675781,133.61599731445312,295.00799560546875,133.49099731445312,8.562971002523383,6.260810219017191,-0.1457989126015574,-0.8862018369623541,-0.07787447973753851,,23.613448270849837,17.034008007175114
76.35000000000002,30.80048612263506,22.69843311948021,22.61867495323643,39.102189544111575,149.5696924224953,170.2264467456611,256.22100830078125,133.61700439453122,295.322998046875,133.49200439453122,8.55569058962085,6.305120310966725,-0.14560825805059008,0.8862018389902189,0.07408522569146896,,23.36551906858758,17.3742700560298
76.4,30.774314425385555,22.53891678882698,22.618674953419394,38.98719989898715,149.99767093812406,170.5394350269751,256.64898681640625,133.61700439453122,295.635986328125,133.49200439453122,8.54842067371821,6.260810219118605,-0.14539831805284806,-0.8862018369626947,0.44798141838293815,,23.488930982167226,17.04268722575789
76.45,30.74814275086802,22.698433119870142,22.618674953604128,38.87520096460862,150.42467289125162,170.85443746844498,257.07598876953125,133.61700439453122,295.95098876953125,133.49200439453122,8.541150764130006,6.305120311075039,-0.1453981917641028,0.8862018391287279,1.1542028545178513,,23.24119744361721,17.38573240546511
76.5,30.722005423438677,22.538916789171065,22.618674953786602,38.762225476082676,150.8516748443781,171.168463347415,257.50299072265625,133.61700439453122,296.2650146484375,133.49200439453122,8.533890395399633,6.260810219214185,-0.14520737460746716,-0.886201837217137,2.185715795327947,,23.364796554132255,17.05265628358437
76.55,31.670750366916838,22.69843312024147,22.618674953972413,38.64418409961324,151.2846887604434,171.48343527130675,257.93600463867193,133.61700439453122,296.5799865722656,133.49200439453122,8.7974306574769,6.305120311178186,5.270805241545646,0.8862018392800735,3.334296932775761,,25.46347490172827,15.505303785286994
76.60000000000002,32.80986135097202,22.538916789590306,22.618674954161627,38.508198485472434,151.73369388775768,171.79645407019888,258.385009765625,133.61700439453122,296.89300537109375,133.49200439453122,9.113850375270006,6.26081021933064,6.328394355858893,-0.8862018369504638,4.261473963046291,,28.4834481646635,13.497203477235617
76.65,33.875714747425484,22.6984331206318,22.61867495434863,38.35820862740418,152.1986912838639,172.1114565116687,258.85000610351557,133.61799621582028,297.2080078125,133.49200439453122,9.409920763173746,6.305120311286611,5.921407758076812,0.8862018391197248,4.68773164225006,,31.04061117953087,12.354444569744887
76.7,34.85905795845006,22.53891678994252,22.618674954533173,38.192193901928896,152.67769519049068,172.42444479298274,259.32901000976557,133.61799621582028,297.52099609375,133.49200439453122,9.683071655125016,6.260810219428477,5.463017839025701,-0.8862018371627272,4.522411872217723,,33.83439061455298,11.15989617409047
76.75,35.68921791626288,22.69843312099688,22.618674954721346,38.016199991117475,153.16869250517388,172.7394472344526,259.82000732421875,133.61799621582028,297.83599853515625,133.49200439453122,9.913671643406357,6.3051203113880225,4.611999765627082,0.8862018391909536,3.844881806190875,,35.908757022900524,10.535001762005336
76.80000000000003,36.29268897279713,22.53891679032066,22.618674954907227,37.82918930450764,153.66969958532943,173.05344259584453,260.32101440429693,133.61799621582028,298.1499938964844,133.49200439453122,10.081302492443648,6.260810219533516,3.3526169807441066,-0.8862018370896769,2.8188452504173025,,37.77057870872169,9.901627221305802
76.85000000000002,36.544693440839616,22.698433121374606,22.618674955096665,37.637204341906596,154.17668911095032,173.368446598742,260.8280029296875,133.61900329589844,298.4649963378906,133.49299621582028,10.151303733566559,6.305120311492946,1.4000248224583074,0.8862018391886444,1.6344222896989755,,38.293273305561335,9.785572437907998
76.9,36.521293848362696,22.538916790671877,22.61867495528116,37.44323570795939,154.68367763638898,173.68146539763413,261.33499145507807,133.61900329589844,298.77801513671875,133.49299621582028,10.144803846767415,6.260810219631077,-0.12999773598292733,-0.8862018372376748,0.4791752685791753,,38.412898283641354,9.64037094259002
76.95,36.30673442664948,22.698433121732357,22.618674955467377,37.252200124261286,155.1896905714648,173.9964373215259,261.84100341796875,133.6199951171875,299.0929870605469,133.49299621582028,10.085204007402632,6.305120311592321,-1.1919967872957182,0.8862018392249353,-0.491189261850389,,37.62432729559517,9.854835123676954
77.0,35.96592051934854,22.538916791044976,22.618674955654768,37.064243458240924,155.69167421431476,174.31046320049592,262.34298706054693,133.6199951171875,299.4070129394531,133.49299621582028,9.990533477596818,6.260810219734715,-1.8934105961163905,-0.8862018371521756,-1.1777090216148662,-1.7303618285139115,36.85944678126836,9.93750515002949
77.05000000000003,35.56448200407785,22.698433122126012,22.618674955843225,36.88223769594375,156.18767641189336,174.62445856188785,262.8389892578125,133.6199951171875,299.72100830078125,133.49299621582028,9.879022778910514,6.305120311701669,-2.2302139737249465,0.8862018393386335,-1.5419974340517277,,35.5657905303299,10.319849194501412
77.10000000000002,35.1697757260772,22.53891679139224,22.618674956023423,36.70621685192045,156.67769819900425,174.93845392327975,263.32901000976557,133.62100219726562,300.0350036621094,133.49299621582028,9.769382146132555,6.2608102198311775,-2.192812655559298,-0.8862018374098894,-1.5940566851238525,,34.67403865329818,10.461838321847265
77.15,34.84242594124829,22.698433122446907,22.61867495620493,36.53522790624807,157.1636906308497,175.25345636474964,263.81500244140625,133.62100219726562,300.3500061035156,133.49299621582028,9.678451650346746,6.305120311790807,-1.8186099157168008,0.886201839192893,-1.3787257690799817,,33.60405702863151,10.830575456051559
77.2,34.62498430926473,22.538916791767484,22.61867495638743,36.36622610529466,157.6456862803218,175.56644464606362,264.2969970703125,133.62199401855472,300.6629943847656,133.49299621582028,9.618051197017982,6.260810219935412,-1.208009066575355,-0.8862018371079443,-0.9670657479572866,,33.20677664660764,10.832144023053255
77.25,34.54146278616729,22.69843312283801,22.618674956571542,36.20121860322496,158.1256972666864,175.8814470875335,264.77700805664057,133.62199401855472,300.9779968261719,133.49299621582028,9.594850773935358,6.305120311899447,-0.4640084616525095,0.8862018392807485,-0.44836426411767166,,32.79825733941617,11.004278003384265
77.30000000000003,34.598848278462484,22.53891679212221,22.618674956751693,36.0352345544222,158.60567773543838,176.19544244892543,265.25698852539057,133.62199401855472,301.2919921875,133.49299621582028,9.610791188461802,6.260810220033948,0.31880829052871495,-0.8862018373095366,0.08224579593697756,,33.13696134605725,10.756815434440854
77.35000000000002,34.76218022238332,22.698433123199056,22.618674956934147,35.86821292455309,159.0877028819286,176.51044489039532,265.739013671875,133.62199401855472,301.60699462890625,133.49299621582028,9.656161172884255,6.305120311999738,0.907399688449127,0.8862018393158493,0.5401107959000233,,33.38852357110726,10.703571629791854
77.4,34.98508915527403,22.538916792513643,22.61867495711832,35.696243864170754,159.57268823351603,176.82346530933015,266.2239990234375,133.62199401855472,301.9200134277344,133.49400329589844,9.718080320909452,6.2608102201426785,1.2383829605043633,-0.886201837141485,0.8653377781017726,,34.17406485158459,10.324949909685898
77.45,35.23467785757821,22.698433123569213,22.618674957301998,35.52321395677601,160.06069586448578,177.1384372332219,266.71200561523443,133.62300109863278,302.2349853515625,133.49400329589844,9.787410515993948,6.305120312102559,1.3866039016899812,0.8862018391976683,1.0285688617383557,,34.664764075297015,10.20107741345208
77.5,35.478866204353025,22.53891679289083,22.618674957486586,35.345236620551205,160.5516931789778,177.45145603211398,267.2030029296875,133.62300109863278,302.5480041503906,133.49400329589844,9.855240612320285,6.2608102202474525,1.356601926526834,-0.8862018371021889,1.027975999102401,,35.51668037326988,9.833307209239434
77.55000000000003,35.68219577207443,22.6984331239462,22.61867495766861,35.1652451497262,161.04668829619334,177.76645847358387,267.697998046875,133.62300109863278,302.8630065917969,133.49400329589844,9.911721047798453,6.305120312207277,1.1296087095627787,0.8862018391960453,0.8828739793013112,,35.88941745631143,9.75021917466846
77.60000000000002,35.82097380749648,22.538916793256373,22.618674957855013,34.98323954475301,161.54269049347158,178.08045383497583,268.19400024414057,133.62300109863278,303.177001953125,133.49400329589844,9.950270502082356,6.260810220348993,0.7709890856780971,-0.886201837165747,0.6283088888129147,,36.45792820156716,9.481913899118712
77.65,35.881024456669046,22.698433124346145,22.618674958044938,34.80025739692765,162.04067633331758,178.39545627644566,268.69198608398443,133.62300109863278,303.49200439453125,133.49400329589844,9.966951237963624,6.305120312318373,0.3336147176254728,0.8862018393879192,0.3103070324427602,,36.43847934151165,9.503486935548823
77.7,35.858378866626296,22.538916793633685,22.61867495823156,34.61422723606976,162.53970075645162,178.70844455775966,269.19100952148443,133.62399291992188,303.80499267578125,133.49400329589844,9.960660796285081,6.260810220453801,-0.12580883357085787,-0.8862018372914953,-0.020511149517835853,,36.561389198738254,9.355549088033587
77.75,35.767010257083506,22.69843312474861,22.618674958422623,34.43225220771753,163.03667951622464,179.02344699922955,269.68798828125,133.62399291992188,304.1199951171875,133.49400329589844,9.935280626967641,6.305120312430169,-0.5076033863488338,0.8862018395274134,-0.31725604736841734,,36.12325807814669,9.485023903652472
77.80000000000003,35.630498042219855,22.53891679398164,22.618674958608562,34.25024667563125,163.53268171350703,179.33744236062145,270.18399047851557,133.62399291992188,304.4339904785156,133.49400329589844,9.897360567283293,6.260810220550455,-0.7584011936865692,-0.8862018375938248,-0.5444940079952911,,35.93275394795868,9.418308349097629
77.85000000000002,35.470584879425346,22.69843312510494,22.618674958799147,34.07123185843574,164.0256931881388,179.65143772201336,270.677001953125,133.62399291992188,304.74798583984375,133.49400329589844,9.852940244284818,6.30512031252915,-0.8884064599695457,0.8862018395739362,-0.6822134563130611,,35.30840855738969,9.603400533231126
77.9,35.30581367286183,22.538916794382363,22.618674958986023,33.893250855497605,164.51769758269282,179.9654651672668,271.16900634765625,133.62399291992188,305.06201171875,133.4949951171875,9.807170464683841,6.260810220661767,-0.9153955920198622,-0.886201837347951,-0.7257226088038131,,35.04399672956527,9.557166489491514
77.95,35.153570319211106,22.698433125500202,22.618674959179124,33.719275277005146,165.00668177406743,180.28046760873661,271.65798950195307,133.625,305.37701416015625,133.4949951171875,9.764880644225308,6.305120312638945,-0.8457964091707152,0.886201839543596,-0.6846129913844733,,34.4444637069874,9.746102210647113
78.0,35.02508493877283,22.53891679474174,22.61867495936421,33.545265346532304,165.49368128579695,180.59345589005062,272.14498901367193,133.625,305.69000244140625,133.4949951171875,9.72919026077023,6.260810220761595,-0.7138076691016032,-0.886201837547042,-0.5826484509151667,0.5950605706996995,34.28211607219039,9.671710782115149
78.05000000000003,34.963417081538246,22.698433125854887,22.618674959555086,33.37424612965787,165.97970423501963,180.9084583315205,272.63101196289057,133.625,306.0050048828125,133.4949951171875,9.712060300427291,6.305120312737468,-0.3425992068585894,0.8862018395170153,-0.4548040435038062,,33.929968707470564,9.7959307445802
78.10000000000002,34.93307062616786,22.538916795127353,22.61867495974218,33.20325744336509,166.46468958658227,181.22245369291244,273.11599731445307,133.625,306.3190002441406,133.4949951171875,9.703630729491072,6.260810220868709,-0.1685914187243849,-0.8862018373752327,-0.33681887577512276,,34.033718054709325,9.644174280496678
78.15,34.90275855623614,22.698433126221445,22.618674959929713,33.033245325583174,166.94970545572312,181.53745613438232,273.6010131835937,133.625,306.6340026855469,133.4949951171875,9.695210710065593,6.30512031283929,-0.16840038850963937,0.8862018394119178,-0.2516730237355713,,33.76643272457921,9.744031578713765
78.2,34.872480859170196,22.53891679545199,22.618674960111537,32.86225666642744,167.43368372720798,181.8504444156963,274.08499145507807,133.625,306.9469909667969,133.4949951171875,9.686800238658387,6.260810220958886,-0.1682094281441333,-0.8862018376081309,-0.20451897896166105,,33.870509158025655,9.592018825643168
78.25,34.84224094876699,22.69843312659282,22.618674960295962,32.69325164816161,167.91769251627122,182.16544685716613,274.56900024414057,133.625,307.2619934082031,133.4949951171875,9.678400263546386,6.30512031294245,-0.16799950224002447,0.8862018396713338,-0.19291893502172053,,33.60355957767464,9.69180003109676
78.30000000000003,34.81200105434567,22.538916795853208,22.618674960483126,32.523239571607164,168.40170130533437,182.4794422185581,275.05300903320307,133.625,307.57598876953125,133.4949951171875,9.670000292873798,6.260810221070336,-0.1679994134516811,-0.8862018374418397,-0.23071958541567164,,33.70787895792249,9.539844798373013
78.35000000000002,34.78183326902107,22.69843312697277,22.61867496066991,32.35426916089513,168.8847040642215,182.79346809752812,275.5360107421875,133.62600708007812,307.8900146484375,133.4949951171875,9.661620352505853,6.305120313047992,-0.16759880735890917,0.8862018395531706,-0.37891710650240024,,33.441264104679206,9.639258867261109
78.4,34.75166549445628,22.53891679621717,22.618674960853387,32.185260122448746,169.36770577320618,183.1074650739243,276.01901245117193,133.62600708007812,308.2040100097656,133.49600219726562,9.653240415126746,6.260810221171436,-0.16759874758220436,-0.8862018375314131,-0.7641098865657132,,33.545917861773525,9.487347832924756
78.45,34.72153205899732,22.69843312731699,22.61867496103506,32.017262232621434,169.85070748219084,183.42246751539417,276.50201416015625,133.62600708007812,308.5190124511719,133.49600219726562,9.644870016388143,6.3051203131436075,-0.16740797477205646,0.8862018394434805,-1.537392131817756,,33.2795355021389,9.586696372651318
78.5,34.69143639936251,22.5389167965902,22.618674961219913,31.848257285566035,170.33270211109726,183.73545579670815,276.9840087890625,133.62600708007812,308.8320007324219,133.49600219726562,9.63651011093403,6.260810221275055,-0.16719810908228777,-0.8862018373710938,-2.7440279257652898,,33.38452270368135,9.434536238771233
78.55000000000003,33.92794839141334,22.69843312766332,22.618674961400753,31.68526426578281,170.8106989372814,184.05045823817804,277.46200561523443,133.62600708007812,309.1470031738281,133.49600219726562,9.424430108725927,6.3051203132398115,-4.2416000441598785,0.8862018392946687,-4.186346442808405,,31.177277242537578,10.157747952497115
78.60000000000002,32.258232407284424,22.538916796939038,22.618674961581927,31.54226010372385,171.267699670228,184.36445359957,277.91900634765625,133.62600708007812,309.46099853515625,133.49600219726562,8.960620113134562,6.260810221371955,-9.276199911827833,-0.8862018373571849,-5.448160840740239,,27.098363770170245,11.683097898479124
78.65,30.833641757426477,22.69843312803493,22.61867496176327,31.421258938098024,171.70370430972235,184.67945604103986,278.35501098632807,133.62600708007812,309.7760009765625,133.49600219726562,8.564900488174022,6.3051203133430365,-7.9143924992134975,0.8862018394219364,-6.119603857412457,,23.44437693189448,13.904502855203399
78.7,29.51121712754272,22.53891679731107,22.61867496194917,31.317255924897005,172.12069649794563,184.99244432235386,278.77200317382807,133.62600708007812,310.0889892578125,133.49600219726562,8.197560313206312,6.260810221475297,-7.346803499354619,-0.8862018373548401,-6.027434530058491,,20.5504787885108,16.169920094185045
78.75,28.416960175244718,22.698433128405327,22.618674962130427,31.23125813273448,172.5216974749673,185.3074467638237,279.17300415039057,133.62600708007812,310.40399169921875,133.49600219726562,7.8936000486790885,6.305120313445924,-6.07920529054481,0.8862018394125897,-5.271730795833925,,17.918735008674474,19.660975730605045
78.80000000000003,27.663156235818388,22.538916797673398,22.61867496231245,31.156277094430585,172.90969796339363,185.62046556271582,279.56100463867193,133.62600708007812,310.7170104980469,133.49600219726562,7.684210065505107,6.260810221575944,-4.187799663477481,-0.8862018373991538,-4.098409667431684,,16.472996708672746,21.888479433602317
78.85000000000002,27.193645790609583,22.698433128785318,22.6186749624937,31.09127522010611,173.2897028462107,185.93546800418568,279.94100952148443,133.62600708007812,311.0320129394531,133.49600219726562,7.55379049739155,6.305120313551477,-2.608391362271287,0.8862018395107156,-2.7667841811857135,,15.293469964116404,24.89931018564812
78.9,27.01897370544959,22.53891679803659,22.618674962675644,31.029290422231345,173.66567940876152,186.2494649320132,280.31698608398443,133.62600708007812,311.34600830078125,133.49699401855472,7.5052704737359965,6.26081022167683,-0.9704004731114081,-0.8862018374932392,-1.4918811674640131,,15.113639105629789,24.93373414984298
78.95,27.08467351420352,22.698433129151073,22.61867496285905,30.96929338329448,174.0406794089769,186.56446737348304,280.69198608398443,133.62600708007812,311.6610107421875,133.49699401855472,7.523520420612089,6.305120313653076,0.36499893752186396,0.886201839524962,-0.4364384137316115,,15.06521374397789,25.417790944454367
79.0,27.30373364750337,22.538916798410536,22.618674963041087,30.904260989834423,174.41870064959042,186.87745565479702,281.07000732421875,133.62600708007812,311.9739990234375,133.49699401855472,7.584370457639825,6.260810221780704,1.2170007405548038,-0.8862018374474772,0.2897452290959257,0.8723936800110924,15.710592482557233,23.34916587919088
79.05000000000003,27.580104588264604,22.698433129532074,22.61867496322796,30.837275490914394,174.80068917542755,187.1924580962669,281.45199584960943,133.62600708007812,312.28900146484375,133.49699401855472,7.661140163406834,6.305120313758909,1.5353941153393929,0.8862018395636446,0.6370314194373929,,16.11034352501772,22.740853012137507
79.10000000000002,27.817956502663986,22.53891679875819,22.618674963409877,30.766261709593195,175.1856989414471,187.50645345765884,281.8370056152344,133.62600708007812,312.6029968261719,133.49699401855472,7.727210139628885,6.260810221877275,1.3213995244410843,-0.8862018376327334,0.622178375586353,,16.804428813149993,20.980669413887984
79.15,27.93005972791843,22.698433129903478,22.618674963596725,30.69326430615139,175.572692349902,187.82044881905082,282.2239990234375,133.62600708007812,312.9169921875,133.49699401855472,7.758349924421786,6.305120313862077,0.6227956958582396,0.886201839696348,0.3215143908616293,,16.860000417311205,21.120580586383834
79.2,27.909611333268966,22.538916799136143,22.618674963779235,30.619259834550988,175.9606928382959,188.1344441804427,282.61199951171875,133.62600708007812,313.2309875488281,133.49699401855472,7.752669814796935,6.260810221982261,-0.11360219249703297,-0.8862018375963714,-0.15299916626470905,,17.001536089702178,20.524086007264472
79.25,27.756000144873923,22.698433130296742,22.618674963968374,30.54827234290771,176.34668048023616,188.44944662191259,282.99798583984375,133.625,313.5459899902344,133.49699401855472,7.710000040242756,6.305120313971317,-0.8533954910836302,0.886201839781166,-0.6853228798836319,,16.48595725246755,21.74424922586805
79.30000000000003,27.492407281552023,22.538916799524866,22.61867496415352,30.477289080794176,176.73068316578315,188.76246542080466,283.3819885253906,133.625,313.8590087890625,133.49699401855472,7.636779800431118,6.260810222090241,-1.4644047962320141,-0.8862018376210741,-1.1800535487531896,,16.109562540727353,22.149521374105678
79.35000000000002,27.15904781504606,22.698433130663638,22.61867496434135,30.413294285129307,177.1096809685275,189.07746786227452,283.760986328125,133.625,314.17401123046875,133.49699401855472,7.5441799486239045,6.305120314073233,-1.851997036144367,0.8862018396598941,-1.571150381613894,,15.22090085019376,24.545266413665434
79.4,26.769924146283078,22.538916799891478,22.61867496452684,30.353266741638798,177.48370576186556,189.39146483867074,284.135009765625,133.62600708007812,314.4880065917969,133.49800109863278,7.436090040634188,6.260810222192077,-2.161798159795074,-0.8862018376234106,-1.8172085902487978,,14.596675846855812,25.82619730499594
79.45,26.352900344127217,22.698433131033134,22.61867496471505,30.300288697950894,177.8516867189407,189.70646728014057,284.50299072265625,133.62600708007812,314.8030090332031,133.49800109863278,7.320250095590893,6.305120314175871,-2.3167989008660226,0.8862018396759168,-1.8940460303540856,,13.556158172446013,29.848390588845557
79.5,25.957440627035837,22.53891680024111,22.618674964898105,30.250270834421052,178.2146933107803,190.01945556145455,284.8659973144531,133.62600708007812,315.1159973144531,133.49800109863278,7.2104001741766215,6.260810222289197,-2.1969984282855575,-0.8862018377335239,-1.7937199091890879,,12.943442256391181,31.85580493585286
79.55000000000003,25.626060403205784,22.698433131384554,22.61867496508335,30.20727195237945,178.5726950197901,190.33445800292444,285.2239990234375,133.62600708007812,315.4309997558594,133.49800109863278,7.118350112001607,6.305120314273487,-1.8410012434993557,0.8862018396853428,-1.5298263072479459,,12.098177799585917,37.14436017121517
79.60000000000002,25.39169977939839,22.53891680061887,22.618674965269424,30.166256696100763,178.92669892604684,190.64744628423844,285.5780029296875,133.62600708007812,315.7439880371094,133.49800109863278,7.053249938721775,6.260810222394131,-1.3020034655967045,-0.8862018375871699,-1.141429488996764,,11.822359968638525,38.06709255433477
79.65,25.274232008526848,22.698433131741805,22.618674965453252,30.130276795845226,179.27768159206283,190.9624487257083,285.9289855957031,133.62600708007812,316.0589904785156,133.49800109863278,7.0206200023685685,6.305120314372723,-0.6525987270643535,0.8862018395721452,-0.6889567243482233,,11.407080789261697,42.11022897571189
79.7,25.266924557682504,22.538916800994453,22.61867496563909,30.09325930804439,179.62869477567082,191.27644408710026,286.2799987792969,133.62600708007812,316.37298583984375,133.49800109863278,7.018590154911807,6.260810222498459,-0.04059694913524101,-0.8862018374853313,-0.24185392112804885,,11.578427180908562,39.71187531115098
79.75,25.343101256112803,22.69843313209718,22.618674965819128,30.057248892090946,179.97970795930516,191.5914465285701,286.6310119628906,133.62600708007812,316.68798828125,133.49800109863278,7.039750348920223,6.305120314471439,0.42320388016835425,0.8862018394596454,0.13666382082081024,,11.541608928272241,40.914253896663176
79.80000000000003,25.472197793407396,22.538916801350087,22.61867496600166,30.01727122777236,180.332704785541,191.90446532746225,286.9840087890625,133.62600708007812,317.0010070800781,133.49800109863278,7.075610498168721,6.260810222597247,0.7172029849695843,-0.8862018374833887,0.4013510669348732,,11.980369300767983,36.83958355424457
79.85000000000002,25.62476565313036,22.698433132475845,22.61867496618288,29.977293564497398,180.6876852543626,192.21946776893208,287.3389892578125,133.62600708007812,317.3160095214844,133.49800109863278,7.117990459202877,6.305120314576623,0.847599220683181,0.8862018395875786,0.5300357873875802,,12.095617009141062,36.8778764774484
79.9,25.76710941568137,22.53891680171699,22.61867496636543,29.93328761863601,181.04568696341002,192.53346313032398,287.6969909667969,133.62600708007812,317.6300048828125,133.49800109863278,7.1575303932448255,6.260810222699163,0.7907986808392341,-0.8862018375494964,0.5234395264322712,,12.563521844346756,33.380484566970175
79.95,25.87248248960772,22.69843313287946,22.618674966550063,29.889277442839195,181.40368867243592,192.8474600581515,288.05499267578125,133.62600708007812,317.9440002441406,133.49899291992188,7.1868006915577,6.30512031468874,0.5854059662575195,0.8862018397915754,0.40257926839984365,,12.587912630570026,33.89997013348535
80.0,25.921983187232776,22.538916802072468,22.6186749667332,29.84325735117657,181.76370454159598,193.16145541954342,288.4150085449219,133.62600708007812,318.25799560546875,133.49899291992188,7.200550885342437,6.260810222797907,0.27500387569476603,-0.8862018378166929,0.2047733581351353,-0.0849718709607904,12.872453746009972,31.75656963132224
80.05000000000003,25.906358948725508,22.6984331332465,22.618674966919393,29.798279093209786,182.1236912594791,193.4764578610133,288.7749938964844,133.62699890136722,318.572998046875,133.49899291992188,7.196210819090418,6.3051203147906945,-0.08680132504033544,0.8862018398552869,-0.02261129587856316,,12.65560443670641,33.43986334810452
80.10000000000002,25.83439536767576,22.538916802449762,22.61867496710249,29.75225901063397,182.4827000485416,193.7894461423273,289.1340026855469,133.62699890136722,318.885986328125,133.49899291992188,7.176220935465489,6.260810222902712,-0.39979767249861237,-0.8862018377597074,-0.23100243368386753,,12.697512016776487,32.501186178473795
80.15,25.72787111940868,22.698433133625354,22.61867496729084,29.709260141637007,182.84070175752925,194.1044485837972,289.49200439453125,133.62699890136722,319.20098876953125,133.49899291992188,7.14663086650241,6.305120314895931,-0.5918013792617736,0.8862018398646934,-0.3800887218996716,,12.29994657098438,35.3042597532781
80.2,25.60885672742425,22.538916802832944,22.61867496747469,29.666291791002553,183.19769638644303,194.4184744627672,289.8489990234375,133.62699890136722,319.5150146484375,133.49899291992188,7.113571313173402,6.260810223009151,-0.6611910665802,-0.8862018377356555,-0.4446035155531409,,12.249761673582832,34.78810683566743
80.25,25.497975618886198,22.698433133996826,22.618674967664646,29.62726017243589,183.5517002927017,194.7334463866589,290.2030029296875,133.62699890136722,319.8299865722656,133.49899291992188,7.082771005246165,6.305120314999118,-0.6160061585447701,0.8862018397993914,-0.4165980051450602,,11.845475036183524,38.097926954522926
80.30000000000003,25.41654462148043,22.53891680323723,22.61867496785337,29.58627982233576,183.90570563143882,195.0464651855511,290.5570068359375,133.62800598144528,320.14300537109375,133.49899291992188,7.060151283744563,6.260810223121452,-0.4523944300318123,-0.886201837552862,-0.3041066770614302,,11.871074493933463,37.01287366688753
80.35000000000002,25.37921187819109,22.698469183260656,22.618678572931852,29.54828579929359,184.25870245761215,195.36146762702037,290.9100036621094,133.62800598144528,320.4580078125,133.49899291992188,7.049781077275302,6.305130328683515,-0.20740412938523647,0.8864021112413105,-0.12808626649351731,,11.612251027014116,39.68019780171275
80.4,25.394404110075044,22.538916803575923,22.618678573117737,29.50928470665761,184.61069220370598,195.6744559083337,291.2619934082031,133.62800598144528,320.77099609375,133.49899291992188,7.054001141687512,6.260810223215534,0.0844012882442268,-0.8864021093599209,0.08159342736687726,,11.827660172041023,37.20278685948108
80.45,25.462552185338694,22.698469183571262,22.618682178186923,29.47128629415027,184.96368902988053,195.98945995964402,291.614990234375,133.62800598144528,321.08599853515625,133.5,7.072931162594082,6.305130328769795,0.37860041813142,0.8864021110852576,0.291331023193719,,11.775768323464861,38.38352494632128
80.5,25.5728569096598,22.538916803972533,22.61868217837693,29.430271056552638,185.31870001621726,196.3034553210353,291.9700012207031,133.62800598144528,321.3999938964844,133.5,7.103571363794389,6.260810223325704,0.6128040240061765,-0.8864021088818645,0.46980803802007476,,12.17865631882088,34.92083395284011
80.55000000000003,25.708433661475876,22.698469183994945,22.61868578345177,29.38929067405505,185.6746889467189,196.6184577625046,292.32598876953125,133.62899780273438,321.7149963378906,133.5,7.141231572632187,6.3051303288874845,0.7532041767555829,0.8864021112351578,0.5931329042453652,,12.261321495372393,35.149976625632775
80.60000000000002,25.853153050777532,22.538916804322813,22.618685783639073,29.344308197862464,186.0326906557197,196.9314765613961,292.6839904785156,133.62899780273438,322.02801513671875,133.5,7.181431402993759,6.260810223423004,0.8039966072314821,-0.8864021092896628,0.6472154187639934,,12.734927476185776,31.874119461763463
80.65,25.99319474492425,22.69843313547459,22.618685783824,29.298257618202967,186.39371360495204,197.2464484852873,293.0450134277344,133.62899780273438,322.3429870605469,133.5,7.2203318735900694,6.305120315409608,0.7780094119264713,0.8862018397323903,0.6274938879790355,,12.829523782207202,32.01220224362985
80.7,26.116097716106406,22.53891680468605,22.61868578400931,29.250284451131964,186.7557131166801,197.56047436425672,293.4070129394531,133.62899780273438,322.6570129394531,133.5,7.254471587807335,6.260810223523903,0.6827942843453483,-0.8862018377141616,0.5385927933851264,,13.262274067333747,29.436577828953812
80.75,26.20667508287505,22.698433135869692,22.6186857841966,29.201304215420087,187.11868919090287,197.87446972564862,293.7699890136719,133.62899780273438,322.97100830078125,133.5,7.279631967465292,6.305120315519359,0.5032075931591715,0.8862018399091702,0.3958860563290423,,13.259566990414589,29.964756716395854
80.80000000000003,26.24429484060497,22.53891680506452,22.61868578437933,29.150283797496094,187.483711332104,198.18846508704056,294.135009765625,133.6300048828125,323.2850036621094,133.5,7.290081900168047,6.260810223629033,0.2089986540549834,-0.8862018378060639,0.22679020146327594,,13.52131333394661,28.32099750917035
80.85000000000002,26.22996633258615,22.69843313623665,22.618682179676927,29.10130357257973,187.84769448640162,198.5034675285104,294.4989929199219,133.6300048828125,323.6000061035156,133.5,7.286101759051709,6.305120315621291,-0.0796028223267565,0.8862018398452214,0.06683593893815903,,13.306698560326199,29.665196131391035
80.9,26.187450925004967,22.538916805434862,22.618682179862823,29.050278691952403,188.21170815828108,198.81645580982442,294.8630065917969,133.6300048828125,323.9129943847656,133.5,7.27429192361249,6.260810223731906,-0.2361967087844536,-0.8862018377880079,-0.05094787917365654,,13.406296192952194,28.66355856232003
80.95,26.138094747773465,22.69843313657436,22.61867857516313,29.002270526253792,188.57471475008515,199.13145986113528,295.22601318359375,133.6300048828125,324.2279968261719,133.50100708007812,7.260581874381518,6.305120315715099,-0.27420098461947046,0.8862018396639086,-0.10797014474490893,,13.12103267583306,30.35388156057012
81.0,26.101771076172554,22.538916805813926,22.61867857534727,28.95329473455521,188.9376921793689,199.4454552225272,295.5889892578125,133.63099670410156,324.5419921875,133.50100708007812,7.250491965603487,6.260810223837201,-0.20179817556061944,-0.8862018375580021,-0.10576372010745344,-0.31053707824258875,13.23340396927009,29.2548614004627
81.05000000000003,26.088125595267517,22.69843313697432,22.618674970645202,28.90629813870241,189.2996916910918,199.76045766399707,295.95098876953125,133.63099670410156,324.85699462890625,133.50100708007812,7.2467015542409765,6.3051203158261995,-0.07580822725017484,0.8862018397795075,-0.06259408770677702,,13.020322045546349,30.699412823092775
81.10000000000002,26.09521854660659,22.53891680617004,22.61867497082993,28.85631085200005,189.66269828288998,200.07347646288918,296.3139953613281,133.63099670410156,325.1700134277344,133.50100708007812,7.24867181850183,6.260810223936122,0.039405285217066786,-0.8862018378015939,-0.004350200089671673,,13.220205023093957,29.210588714908837
81.15,26.116349987404565,22.698433137373303,22.618674971019804,28.809283742085523,190.02469779460893,200.38844838678088,296.6759948730469,133.63099670410156,325.4849853515625,133.50100708007812,7.2545416631679345,6.305120315937028,0.11739689332213483,0.8862018400184193,0.04460724041949821,,13.077183388498748,30.343725037213215
81.2,26.14374536513593,22.53891680659075,22.618674971210268,28.759301028359538,190.38770578336164,200.7014671856731,297.03900146484375,133.63200378417972,325.7980041503906,133.50100708007812,7.262151490315536,6.260810224052985,0.15219654295203866,-0.8862018376809082,0.06689732979627412,,13.318032549924583,28.720491996480835
81.25,26.169341730281822,22.69843313777719,22.61867497140102,28.71029030723503,190.7517194552367,201.01646962714287,297.40301513671875,133.63200378417972,326.1130065917969,133.50100708007812,7.26926159174495,6.305120316049219,0.1422020285882911,0.8862018399247311,0.05358701840447969,,13.184107501173786,29.777785946004904
81.30000000000003,26.183562089428573,22.5389168069883,22.6186749715934,28.66131010502657,191.11469552945562,201.33046498853489,297.7659912109375,133.63200378417972,326.427001953125,133.50100708007812,7.273211691507937,6.260810224163417,0.0790019952596972,-0.886201837715594,0.0035089434840050275,,13.398436690463834,28.30994218210808
81.35000000000002,26.178594117471572,22.698433138143088,22.618674971784053,28.61229938739176,191.47870920133062,201.64546743000474,298.1300048828125,133.63200378417972,326.74200439453125,133.50100708007812,7.271831699297659,6.305120316150857,-0.027599844205569615,0.886201839748854,-0.07795367144295753,,13.20279872780764,29.597255099763156
81.4,26.14918153875052,22.53891680734311,22.61867497197487,28.562286168004288,191.84171714807232,201.9584557113187,298.4930114746094,133.63299560546878,327.05499267578125,133.50100708007812,7.26366153854181,6.2608102242619745,-0.16340321511702416,-0.8862018377779537,-0.18030626878578773,,13.329002908248446,28.480793666385605
81.45,26.093200886390466,22.698433138554826,22.618674972172922,28.514308474572267,192.20469322229226,202.2734597142162,298.8559875488281,133.63299560546878,327.3699951171875,133.50199890136722,7.248111357330685,6.30512031626523,-0.3110036242225255,0.8862018400651521,-0.2899942390559125,,13.030542279320843,30.237833504780877
81.5,26.013460544273443,22.53891680768721,22.61867497236025,28.46630483156251,192.56669273401386,202.5874550756081,299.2179870605469,133.63299560546878,327.6839904785156,133.50199890136722,7.225961262298179,6.2608102243575585,-0.4430019006501492,-0.8862018381534724,-0.3931131923373644,,13.055796116168164,29.493839590024823
81.55000000000003,25.91618838724009,22.698433138910108,22.618674972553826,28.420284811854486,192.92670860315894,202.90145043700005,299.5780029296875,133.63299560546878,327.99798583984375,133.50199890136722,7.198941218677803,6.305120316363919,-0.540400872407244,0.8862018401267497,-0.47811225508882316,,12.6752621494848,31.79604188922327
81.60000000000002,25.807756508236995,22.53891680809741,22.618674972746557,28.375307047374736,193.28571880473854,203.21547631597008,299.93701171875,133.63400268554688,328.31201171875,133.50199890136722,7.168821252288054,6.260810224471503,-0.6023993277950077,-0.8862018378483654,-0.5375491358474564,,12.644422827184039,31.249614467196512
81.65,25.694356736294303,22.698433139283328,22.61867497293756,28.33230824582389,193.64372051372814,203.53047875744,300.2950134277344,133.63400268554688,328.62701416015625,133.50199890136722,7.1373213156373065,6.30512031646759,-0.6299987330151618,0.8862018399220519,-0.5684609370065586,,12.233439355579149,34.04462122477423
81.7,25.582289065335164,22.53891680845001,22.61867497312349,28.28930944560825,193.99970806256061,203.843467038754,300.6510009765625,133.63400268554688,328.94000244140625,133.50199890136722,7.106191407037546,6.260810224569448,-0.6225981719952499,-0.8862018379629049,-0.5717568219076962,,12.197276650183428,33.46298143661533
81.75,25.47633943967513,22.69843313961902,22.618674973307673,28.25030840598408,194.35371196881374,204.15846948022386,301.0050048828125,133.63400268554688,329.2550048828125,133.50199890136722,7.076760955465313,6.3051203165608385,-0.5886090314446847,0.8862018398278664,-0.5515708672656031,,11.802913263540685,36.61023134263391
81.80000000000003,25.37849225045785,22.53891680881641,22.61867497349048,28.2113073674566,194.7067087949873,204.47246484161576,301.3580017089844,133.63400268554688,329.5690002441406,133.50199890136722,7.049581180682736,6.260810224671225,-0.5435954956512629,-0.8862018377918175,-0.5153253785292701,,11.796482684096885,35.76570548826092
81.85000000000002,25.29453935997808,22.698433140010447,22.61867497367722,28.174325132630447,195.0586999384343,204.7874672830856,301.7099914550781,133.63499450683594,329.8840026855469,133.50199890136722,7.0262609333272446,6.305120316669568,-0.4664049471098596,0.8862018399669196,-0.4741510274972775,,11.446710804240528,39.06857247548407
81.9,25.227254815030626,22.53891680920607,22.618674973863516,28.13630065446971,195.40971312202808,205.1004555643996,302.0610046386719,133.63499450683594,330.1969909667969,133.50199890136722,7.007570781952952,6.260810224779464,-0.373803027485987,-0.8862018378023964,-0.4419785330993517,,11.5011253833699,37.677303134399224
81.95,25.1658754446287,22.698433140389103,22.61867497404694,28.10129738393465,195.75971922554373,205.41545800586948,302.4110107421875,133.63499450683594,330.5119934082031,133.50199890136722,6.990520956841305,6.305120316774751,-0.34099650223295247,0.8862018399057952,-0.4320038480451207,,11.196159596263845,40.999213816123415
82.0,25.09895141772574,22.538916809574506,22.618674974235674,28.065312808489214,196.1087182489814,205.7284784248044,302.760009765625,133.63499450683594,330.82501220703125,133.50300598144528,6.971930949368261,6.260810224881807,-0.3718001494609025,-0.8862018378589347,-0.45186470403926515,-0.3461009839318117,11.251940552616722,39.465757619679124
82.05000000000003,25.01672722252349,22.698433140749035,22.61867497441957,28.033330740744862,196.45570311226268,206.0434808662742,303.10699462890625,133.63499450683594,331.1400146484375,133.50300598144528,6.949090895145414,6.305120316874731,-0.45680108445670775,0.8862018398580402,-0.5008049684849423,,10.907317246197902,43.53132949447693
82.10000000000002,24.916718891135602,22.5389168099228,22.618674974602104,28.00031585290536,196.80271995445236,206.35747622766613,303.4540100097656,133.63600158691406,331.4540100097656,133.50300598144528,6.921310803093222,6.260810224978555,-0.5556018410438628,-0.8862018379235763,-0.5706564510775805,,10.900200347048317,42.3919264591163
82.15,24.797774584982662,22.698433141139606,22.61867497478773,27.97031741240526,197.14772117515582,206.672478669136,303.79901123046875,133.63600158691406,331.7690124511719,133.50300598144528,6.888270718050739,6.305120316983224,-0.6608017008498857,0.8862018400936835,-0.6493870032444495,,10.486400213468848,47.96333454947161
82.2,24.660795525265762,22.538916810302602,22.618674974972986,27.940318972548734,197.4907082357038,206.98546695045,304.1419982910156,133.63600158691406,332.0820007324219,133.50300598144528,6.850220979240489,6.260810225084056,-0.7609947762050495,-0.8862018379834218,-0.7247911679693346,,10.41055028266606,47.40301181375322
82.25,24.510062965345202,22.6984331415173,22.618674975162822,27.91331122220677,197.83271873375276,207.30046939191985,304.4840087890625,133.63600158691406,332.3970031738281,133.50300598144528,6.808350823707,6.3051203170881385,-0.8374031106698198,0.8862018400817078,-0.7870527868541246,,9.938924099997433,55.46713918112203
82.30000000000003,24.351409947866117,22.5389168106712,22.61867497534829,27.888317609627787,198.17170799156787,207.61446475331178,304.822998046875,133.63600158691406,332.71099853515625,133.50300598144528,6.764280541073921,6.260810225186444,-0.8814056526611334,-0.8862018380334376,-0.8301617605657902,,9.825360288324754,55.39107831945619
82.35000000000002,24.190166569388538,22.69843314191419,22.618674975538674,27.865307617621195,198.50871360680503,207.92846011470368,305.1600036621094,133.63600158691406,333.0249938964844,133.50300598144528,6.719490713719038,6.305120317198386,-0.8957965470977113,0.8862018402388976,-0.8523717884784188,,9.337703635856343,67.24571879266603
82.4,24.030578021836877,22.538916811072546,22.618674975725323,27.845323586567154,198.84269945449176,208.2424554760956,305.4939880371094,133.63699340820312,333.3389892578125,133.50300598144528,6.675160561621355,6.260810225297929,-0.8866030419539688,-0.8862018380094485,-0.8557733717232636,,9.22632069043744,67.20074569307401
82.45,23.875742782348095,22.698433142303237,22.61867497591673,27.82731842408984,199.17570726699336,208.5574579175655,305.8269958496094,133.63699340820312,333.65399169921875,133.50300598144528,6.63215077287447,6.3051203173064545,-0.8601957749377354,0.8862018401705611,-0.8452376743385165,,8.75446316671192,85.08830620284675
82.5,23.72673889508952,22.538916811448413,22.61867497610412,27.810315569382077,199.50572435683793,208.8704782877802,306.1570129394531,133.63699340820312,333.9670104980469,133.50399780273438,6.590760804191533,6.260810225402337,-0.827799373658789,-0.8862018380824004,-0.8271737423380492,,8.666331617807947,84.28375193010375
82.55000000000003,23.583638455052238,22.69843314267177,22.618674976296397,27.79734574709599,199.8336967689476,209.18548072925012,306.4849853515625,133.63699340820312,334.2820129394531,133.50399780273438,6.551010681958955,6.305120317408825,-0.7950024446511624,0.8862018401293077,-0.8084165718549676,,8.219459426600231,113.04312540548982
82.60000000000002,23.445361710400313,22.538916811851802,22.61867497648929,27.784314890414876,200.16072313613515,209.49947609064202,306.81201171875,133.63699340820312,334.59600830078125,133.50399780273438,6.512600475111197,6.26081022551439,-0.7682041369551921,-0.8862018378887597,-0.7952604322659508,,8.154093781857677,110.34268208591604
82.65,23.308777555536075,22.698433143049716,22.618674976680303,27.77433575677397,200.48469774551015,209.81347145203392,307.135986328125,133.63699340820312,334.9100036621094,133.50399780273438,6.474660432093354,6.3051203175138095,-0.7588008603571262,0.8862018399887008,-0.79253734625666,,7.722050103546691,163.81195510041144
82.7,23.169997857563835,22.5389168122072,22.618674976870764,27.765302657206014,200.80772630996327,210.12746681342583,307.4590148925781,133.63699340820312,335.2239990234375,133.50399780273438,6.436110515989954,6.2608102256131115,-0.7709983220680433,-0.8862018380140106,-0.802827816254297,,7.65871761433632,158.37805412062474
82.75,23.02574560253764,22.69843314344666,22.618674977063694,27.759326123780586,201.12871177652423,210.4424692548957,307.7799987792969,133.63800048828122,335.53900146484375,133.50399780273438,6.396040445149344,6.305120317624072,-0.801401416812243,0.8862018402192688,-0.8261035408599287,,7.215945695644782,305.2819442716119
82.80000000000003,22.873536839514532,22.53891681257349,22.618674977253928,27.754321299253306,201.4467049405868,210.7554575362097,308.0979919433594,133.63800048828122,335.85198974609375,133.50399780273438,6.353760233198481,6.260810225714858,-0.8456042390168265,-0.8862018381838417,-0.8599967215667725,,7.131928176815036,298.5619520753877
82.85000000000002,22.711969095498795,22.69843314381538,22.61867497744405,27.753314230950785,201.7627144620713,211.0704599776796,308.41400146484375,133.63800048828122,336.1669921875,133.50399780273438,6.30888030430522,6.305120317726494,-0.8975985778652684,0.8862018402327692,-0.9005571780079571,,6.662090033964629,7361.648019533208
82.9,22.54107841918368,22.53891681292916,22.61867497762971,27.75331423090902,202.07670982339974,211.3844553390715,308.7279968261719,133.63800048828122,336.4809875488281,133.50399780273438,6.261410671995467,6.260810225813655,-0.9493926461953924,-0.8862018382570727,-0.9431292413488035,,6.549240728482413,45463.982014817324
82.95,22.361438181675673,22.69843314416823,22.61867497781621,27.755328367623857,202.38872154215042,211.69848121804162,309.0400085449219,133.63800048828122,336.7950134277344,133.50399780273438,6.211510606021021,6.3051203178245085,-0.9980013194889849,0.8862018402171195,-0.9830545206516137,,6.052341951486714,inf
83.0,22.174346130787168,22.538916813294787,22.61867497800085,27.76032834903498,202.6977120206668,212.0124781944377,309.3489990234375,133.63800048828122,337.1090087890625,133.5050048828125,6.1595405918853245,6.260810225915218,-1.0394002827139794,-0.8862018381858554,-1.0161844986864144,-0.5643197946471492,5.916375337750425,inf
83.05000000000003,21.982286199444836,22.698433144541717,22.618674978187844,27.76933093133224,203.00371177652718,212.3274806359076,309.6549987792969,133.63800048828122,337.42401123046875,133.5050048828125,6.106190610956899,6.305120317928255,-1.0669996185679635,0.8862018402602785,-1.0393718325683299,,5.403481195373779,inf
83.10000000000002,21.787956907870974,22.538916813653806,22.618674978368038,27.778302996391343,203.30772788980946,212.6404689172216,309.9590148925781,133.63800048828122,337.73699951171875,133.5050048828125,6.052210252186382,6.260810226014946,-1.07960717541041,-0.8862018382662356,-1.0509627357034241,,5.260814993448244,inf
83.15,21.59348514724051,22.69843314489687,22.61867497855276,27.792310404319306,203.60872276285733,212.95547135869145,310.260009765625,133.63800048828122,338.052001953125,133.5050048828125,5.99819031867792,6.305120318026908,-1.0803986701696064,0.886201840239558,-1.0507276626252853,,4.749626855246207,inf
83.2,21.40743679354685,22.538916814021203,22.618674978734155,27.807329715745936,203.9077051718569,213.2694667200834,310.5589904785156,133.63900756835938,338.3659973144531,133.5050048828125,5.946510220429681,6.260810226117001,-1.0336019649648398,-0.8862018381982011,-1.0385924213175028,,4.626471025461113,inf
83.25,21.221173897027988,22.698433145268268,22.61867497891632,27.82731849752145,204.2027185995915,213.58446916155327,310.85400390625,133.63900756835938,338.6809997558594,133.5050048828125,5.894770526952219,6.305120318130074,-1.034793869549292,0.8862018402615106,-1.013321797129508,,4.1344362484006165,inf
83.30000000000003,21.027817958268415,22.5389168144147,22.61867497910044,27.847307279554208,204.49571786716987,213.89745744286725,311.1470031738281,133.63900756835938,338.9939880371094,133.5050048828125,5.841060543963448,6.2608102262263055,-1.074199659774867,-0.8862018380749155,-0.9741266682896546,,4.004762363937923,inf
83.35000000000002,20.858940927495038,22.69843314564664,22.618674979283565,27.871324335742067,204.78670297459175,214.21245988433708,311.43798828125,133.63900756835938,339.3089904785156,133.5050048828125,5.794150257637511,6.305120318235177,-0.938205726518806,0.8862018401774889,-0.9254596915651823,,3.5461638287483357,inf
83.4,20.715876636192792,21.536502748232614,22.518433572813912,27.890338905197066,205.07570443943573,214.52069177056245,311.72698974609375,133.63900756835938,339.61700439453125,133.5050048828125,5.75441017672022,5.982361874509059,-0.7948016183460862,-6.45516887452457,-0.8796757793803457,,4.638576862130877,inf
83.45,20.578897755058623,22.632760506016666,22.51186630899875,27.9253126132304,205.36171518162413,214.841682966637,312.01300048828125,133.63900756835938,339.93798828125,133.5050048828125,5.716360487516284,6.286877918337963,-0.7609937840787573,6.090320876578419,-0.8527633113372567,,3.1748776792319138,inf
83.5,20.439613462467328,22.59558655034173,22.517533282703447,27.960314708759732,205.64671884373462,215.16174853157085,312.2980041503906,133.63900756835938,340.25799560546875,133.50599670410156,5.6776704062409245,6.276551819539369,-0.7738016255072373,-0.20652197597187902,-0.8561170013800203,,2.9976260473101544,inf
83.55000000000003,20.28956600075284,22.65705526795089,22.513395495044364,27.99633208308321,205.92870126561039,215.47985011460145,312.5799865722656,133.63900756835938,340.57598876953125,133.50599670410156,5.6359905557646774,6.293626463319692,-0.8335970095245137,0.34149287560627367,-0.8914264482373462,,2.6902230668465386,inf
83.60000000000002,20.122992683711907,22.59806792188659,22.519310605867645,28.031346804555373,206.20970712498558,215.79601155078282,312.8609924316406,133.63900756835938,340.8919982910156,133.50599670410156,5.589720189919974,6.277241089412941,-0.9254073168941261,-0.32770747813502954,-0.9512778641849249,,2.4990811096412795,inf
83.65,19.937521169688466,22.659524742071625,22.515419765585122,28.06935696276401,206.48772226170436,216.11219863420158,313.1390075683594,133.63900756835938,341.2080078125,133.50599670410156,5.538200324913463,6.294312428353229,-1.0303973001305662,0.34142677880587435,-1.0227522995247607,,2.1407858381783154,inf
83.7,19.734013186487502,22.57164282308671,22.51869236649167,28.108383093352607,206.7627179467857,216.4263766221857,313.41400146484375,133.63999938964844,341.5220031738281,133.50599670410156,5.4816703295798614,6.269900784190752,-1.130599906672096,-0.48823288324956526,-1.091217988458165,,1.9314338605586538,inf
83.75,19.515925992646586,22.671845202429285,22.51603357220777,28.15039848781893,207.03472112061525,216.74054481423846,313.6860046386719,133.63999938964844,341.83599853515625,133.50599670410156,5.421090553512941,6.297734778452579,-1.2115955213384821,0.556679885236569,-1.144101175933813,,1.484466795890265,inf
83.80000000000003,19.288153663652643,22.547010813058375,22.516842972072137,28.19442998446771,207.30370305421144,217.05368578817507,313.9549865722656,133.63999938964844,342.14898681640625,133.50599670410156,5.357820462125734,6.263058559182881,-1.2654018277434809,-0.6935243853935984,-1.1749316941605314,,1.288535854526211,inf
83.85000000000002,19.07150498233104,21.984524488543567,22.445452106361827,28.2255103521757,207.5707013452293,217.35259866370944,314.22198486328125,133.63999938964844,342.4469909667969,133.50599670410156,5.2976402728697325,6.106812357928768,-1.203603785120106,-3.124924025082443,-1.1858606776742948,,1.6120401192608842,inf
83.9,18.867780704702515,22.380241868302427,22.52982601836881,28.265552196299694,207.8337018335117,217.65574085221107,314.4849853515625,133.63999938964844,342.75,133.50599670410156,5.241050195750699,6.21673385230623,-1.1318015423810608,2.198429887549981,-1.1861635521934544,,0.8621934141106369,inf
83.95,18.651636735567084,22.77789009985361,22.544338977752503,28.31455057977569,208.0937115991374,217.96476597251973,314.7449951171875,133.63999938964844,343.0589904785156,133.50599670410156,5.18101020432419,6.327191694403781,-1.2007998285302406,2.2091568419511467,-1.1875701026895555,,0.08734480982028181,inf
84.0,18.4426939539576,22.442930948125518,22.52907341753089,28.365543580926666,208.35073064210675,218.27278296922648,315.00201416015625,133.63999938964844,343.36700439453125,133.50700378417972,5.122970542766001,6.234147485590421,-1.1607932311638562,-1.8608841762672936,-1.2001024610347633,-0.1839179623483489,0.17779557474516317,inf
84.05000000000003,18.238250426383782,22.785516709370828,22.541919561672877,28.42453770628482,208.60570500734124,218.5868439967287,315.2569885253906,133.63999938964844,343.6809997558594,133.50700378417972,5.066180673995495,6.329310197047452,-1.1357973754095292,1.9032542291396337,-1.2296790963633177,,0.0,inf
84.10000000000002,18.01274570649992,23.015122091159053,22.58362497860013,28.480497597713995,208.8567120874196,218.89403009735958,315.50799560546875,133.63999938964844,343.9880065917969,133.50700378417972,5.003540474027756,6.393089469766403,-1.252803999354857,1.275585454379106,-1.2761249985538128,,0.0,inf
84.15,17.769676745804826,7.295137554368497,21.047186259829818,28.474392163917962,209.1047284921326,219.13664066493962,315.7560119628906,133.63999938964844,344.2300109863281,133.52200317382812,4.936021318279118,2.026427098435694,-1.350383114973218,-87.33324742664398,-1.3324726398474627,,10.823224008131353,9.78634550009357
84.2,17.51281371325143,7.699622271965202,19.559984204717672,28.248130775266386,209.3497257012051,219.23653820079718,316.0010070800781,133.64100646972656,344.2489929199219,133.6199951171875,4.864670475903175,2.1387839644347784,-1.4270168475189415,2.247137319981819,-1.3878279542847045,,10.317440811672702,10.362877187897926
84.25,17.24727688089693,4.945432252665547,17.78734290974129,28.025195092191137,209.59072301977017,219.2696210663932,316.24200439453125,133.64100646972656,344.2669982910156,133.64100646972656,4.790910244693592,1.3737311812959854,-1.4752046241917456,-15.30105566277673,-1.4325237449298158,,10.856947520689442,8.201242182464012
84.30000000000003,16.977493735759275,3.98708053193004,15.93134988162846,27.81524512433155,209.8277225317453,219.29880917782447,316.47900390625,133.64100646972656,344.29400634765625,133.64599609375,4.715970482155354,1.1075223699805667,-1.498795250763984,-5.3241762263056485,-1.4617200344066463,,10.720753135242157,7.708346407149377
84.35000000000002,16.707169977963122,4.4464142921349685,14.1775388619876,27.60329106383785,210.061731320902,219.32550427811543,316.7130126953125,133.64100646972656,344.3160095214844,133.65699768066406,4.6408805494342005,1.2351150811486022,-1.5017986544231618,2.551854223360855,-1.4758235226926173,,10.269665810263641,8.104847580493265
84.4,16.439077827276936,3.805217227846648,12.320036397942022,27.402352018423986,210.2917117901406,219.35617542112067,316.9429931640625,133.64100646972656,344.3450012207031,133.66000366210938,4.566410507576927,1.0570047855129578,-1.4894008371459861,-3.562205912714103,-1.4790111292291703,,10.062766577337207,7.808237663649614
84.45,16.17404638347269,4.3437290828932404,10.476620296245985,27.199416166834656,210.51772497444833,219.38346321552157,317.16900634765625,133.64100646972656,344.3680114746094,133.66999816894528,4.4927906620757465,1.206591411914789,-1.472396910023685,2.9917325280367915,-1.4773803073358347,,9.616282936172825,8.276836347381845
84.5,15.91214602308284,4.1648877860091815,8.64881598003435,27.002499342189807,210.73970983845044,219.4126052846228,317.3909912109375,133.64100646972656,344.39300537109375,133.68099975585938,4.420040561967456,1.1569132738914394,-1.4550020021658954,-0.9935627604670471,-1.4771710950147017,,9.33107092474066,8.275011732071743
84.55000000000003,15.649885172624536,4.113709019673624,6.7816352110646285,26.809588917402557,210.95870397969026,219.44232306581162,317.6099853515625,133.64100646972656,344.41900634765625,133.69099426269528,4.347190325729038,1.1426969499093398,-1.457004724767615,-0.28432647964184654,-1.483161915171628,,9.022475138263491,8.366222710108639
84.60000000000002,15.383521609227367,4.055357948066539,4.8856587967553775,26.620654801781072,211.17373083562725,219.4718482886664,317.82501220703125,133.64100646972656,344.44500732421875,133.69999694824222,4.273200447007602,1.126488318907372,-1.479797574428807,-0.3241726200393742,-1.4976612992942189,,8.715676453502082,8.459804748585396
84.65,15.112082023499406,3.994332626278952,4.555578303946423,26.43576255574688,211.38570593361302,219.5026660126284,318.0369873046875,133.64100646972656,344.47198486328125,133.71000671386722,4.197800562083168,1.1095368406330421,-1.5079976984891799,-0.33902956548671276,-1.520553911796832,,8.408804047063066,8.560045170909829
84.7,14.834629139686609,3.9300875206506194,4.178624828814963,26.255884245750693,211.59270666625844,219.53330593309508,318.2439880371094,133.64100646972656,344.4989929199219,133.718994140625,4.120730316579613,1.0916909779585053,-1.5414049100711924,-0.35691725349075637,-1.5501497235583857,,8.101188567836987,8.668027922484407
84.75,14.550445407749304,3.863372998032744,4.070418903351683,26.080012275861613,211.7967190870824,219.56494509662636,318.447998046875,133.64199829101562,344.5270080566406,133.72799682617188,4.041790391041474,1.0731591661202067,-1.5787985107628808,-0.37063623676599433,-1.5839490762946764,,7.792229164730406,8.785168129083466
84.80000000000003,14.258772929869444,5.454126563773958,4.217123506536075,25.971268708928534,211.99673129419546,219.671814464542,318.64801025390625,133.64199829101562,344.6180114746094,133.78399658203122,3.960770258297068,1.515035156603877,-1.6204026548872867,8.837519809668887,-1.618925301146747,,7.086662551439993,10.618959715363882
84.85000000000002,13.959252980300816,3.1206361807036425,4.0845456953929435,25.74348556521483,212.19170810088303,219.7102225760667,318.8429870605469,133.64199829101562,344.5849914550781,133.79600524902344,3.877570272305782,0.8668433835287895,-1.663999719825814,-12.963835461502489,-1.6522999943621088,,7.275059265023499,8.55055971884419
84.9,13.652317249821285,3.2891185380163215,4.03293582640991,25.58658148989373,212.3827176223924,219.74733560245355,319.03399658203125,133.64199829101562,344.6189880371094,133.79100036621094,3.792310347172579,0.913644038337867,-1.7051985026646352,0.9360130961818686,-1.6845808342549182,,6.9201460290670065,8.888314886730413
84.95,13.33825327713641,3.1076575398764086,3.909328672108227,25.435695914293863,212.56972934115544,219.78587805633848,319.22100830078125,133.64199829101562,344.6549987792969,133.78700256347656,3.705070354760114,0.8632382055212245,-1.744799848249407,-1.0081166563329065,-1.7241064640663475,,6.622790907746803,8.9504253151802
85.0,13.039237086308114,3.805284350015596,3.8733683285088687,25.278822276999456,212.75271273959927,219.813773356177,319.40399169921875,133.64199829101562,344.6809997558594,133.78599548339844,3.622010301752254,1.0570234305598878,-1.6612010601572946,3.875704500773485,-1.7874975064687892,-0.587395045434026,6.1942914893523655,9.855303357640482
85.05000000000003,12.745188843767211,3.0784878273602065,3.7698462092775267,25.1369390257767,212.93172885288553,219.85298630282298,319.5830078125,133.64199829101562,344.7179870605469,133.78500366210938,3.540330234379781,0.8551355076000573,-1.6336013474486224,-4.037758459194544,-1.8897866666397678,,6.0302984992477535,9.36127468236755
85.10000000000002,12.391884817515654,3.6113176131197267,3.725442175782846,24.99519292316405,213.10570956577732,219.88896927216385,319.7569885253906,133.64199829101562,344.75,133.79400634765622,3.4421902270876816,1.0031437814221462,-1.9628001458420967,2.9601654764419467,-2.0301813783054077,,5.595789678114507,10.24789441326099
85.15,11.965033294502367,3.3980129940187207,3.6658102125568237,24.86040541981617,213.27471591343516,219.92637966361823,319.9259948730469,133.64199829101562,344.78399658203125,133.80299377441406,3.323620359583991,0.9438924983385335,-2.3713973500746204,-1.1850256616726584,-2.1900504866226416,,5.23289670523319,10.446699119543045
85.2,11.517589273577762,3.3615998885128358,3.608961449343045,24.73464399005773,213.4367337357112,219.96600318360683,320.0880126953125,133.64199829101562,344.82000732421875,133.81300354003906,3.1993303537716007,0.9337777468091211,-2.4858001162479484,-0.2022950305882602,-2.349227914623619,,4.833610056844395,10.917660767371308
85.25,11.111436685183444,3.190721581141445,3.5416963076539147,24.614916954068303,213.59371615759727,220.00674962409192,320.2449951171875,133.64199829101562,344.85699462890625,133.822998046875,3.086510190328734,0.8863115503170681,-2.2564032688574582,-0.9493239298411134,-2.5034993279884885,,4.507597209807068,11.187537630039389
85.30000000000003,10.59055250388574,3.112337307866813,3.307517382063201,24.503208024922905,213.74371005410282,220.04862767469498,320.3949890136719,133.64199829101562,344.8949890136719,133.83299255371094,2.9418201399682613,0.8645381410741148,-2.893801007207977,-0.43546818485884414,-2.6626877409164704,,4.083895442450747,11.795745633241388
85.35000000000002,10.167408874334184,2.938573409348983,3.2893111049277346,24.400526149374237,213.88671542521476,220.09257644064755,320.5379943847656,133.64199829101562,344.93499755859375,133.84300231933594,2.8242802428706066,0.8162703914858286,-2.350797941953227,-0.9653549917657782,-2.830398275621061,,3.771829888281558,12.151536317007551
85.4,9.570852915683563,2.787274442161716,3.2391266953422737,24.237845598455625,214.0227359991528,220.1269840590888,320.67401123046875,133.64300537109378,344.9079895019531,133.86099243164062,2.6585702543565453,0.7742429006004767,-3.314199770282358,-0.8405498177073236,-2.9859644857062233,,3.339498682806679,12.862795268661465
85.45,8.959536637529416,2.825546154483177,3.2109155568029517,24.219275853229146,214.1507267218681,220.23863437679856,320.802001953125,133.64300537109378,345.0169982910156,133.86399841308594,2.488760177091504,0.7848739318008825,-3.396201545301014,0.21262062400812728,-3.0904045686660755,,2.8965997669522583,14.214055533116237
85.5,8.350488865825692,8.26670670904662,3.6570577927060537,24.22415436834171,214.2707218391236,220.3706191442535,320.9219970703125,133.64300537109378,345.1409912109375,133.89199829101562,2.3195802405071366,2.2963074191796164,-3.383598731687544,30.2286697475764,-3.1182453697691224,,0.9371904854301365,1040.430368277958
85.55000000000003,7.7530685870978555,0.6434769653302719,3.4135567065030608,24.12464567695262,214.3817142708273,220.40096018142864,321.0329895019531,133.64300537109378,345.1520080566406,133.91900634765622,2.1536301630827377,0.17874360148063106,-3.319001548486281,-42.35127635395804,-3.08913730904852,,2.3127199416392994,12.21565025024999
85.60000000000002,7.307532556104242,1.815861987056174,3.2340111438967063,24.080290309365306,214.4847110970182,220.46586664506873,321.135986328125,133.64300537109378,345.2099914550781,133.93600463867188,2.0298701544734006,0.5044061075156039,-2.475200172186883,6.513250120699826,-3.064810525582614,,1.9794386552201992,15.785447387576239
85.65,6.817932395188554,11.155859640783477,4.009795808573181,24.152534279813146,214.58273355795697,220.6453989615885,321.2340087890625,133.64300537109378,345.3789978027344,133.93899536132812,1.8938701097745982,3.0988499002176324,-2.7200008939769744,51.88887585405827,-3.114892452381222,,0.0,inf
85.7,6.244524565264203,13.226482859854979,4.996284105707396,24.29989118887619,214.6727298958505,220.8992359821967,321.3240051269531,133.64300537109378,345.614990234375,133.89399719238278,1.7345901570178341,3.674023016626383,-3.185599055135463,11.503462328175665,-3.2939821663889206,,0.0,inf
85.75,5.560308448894008,20.904773394945813,6.767689287087832,24.546301230762786,214.7537235482177,221.24683580900106,321.4049987792969,133.64300537109378,345.94000244140625,133.83900451660156,1.54453012469278,5.806881498596059,-3.801200646501298,42.65716963939595,-3.6556511923174737,,0.0,inf
85.80000000000003,5.0284443841862085,21.076006103801074,8.56405616668126,24.805250377170857,214.82672159511662,221.60645255010377,321.4779968261719,133.64300537109378,346.26800537109375,133.78900146484378,1.3967901067183912,5.854446139944742,-2.9548003594862653,0.9512928269731731,-4.2405678725646965,,0.0,inf
85.85000000000002,4.373676356927046,20.926114408617686,10.36281026660813,25.052587879432515,214.8907169564621,221.9600425520214,321.5419921875,133.64300537109378,346.572998046875,133.75799560546878,1.2149100991464017,5.812809557949357,-3.6376001514399974,-0.8327316399077607,-4.962002313312071,,0.0,inf
85.9,3.4636538359828357,21.171533870280694,12.201236209420028,25.30894613092599,214.94473306990048,222.3211486832809,321.59600830078125,133.64300537109378,346.875,133.7239990234375,0.9621260655507877,5.880981630633526,-5.055680671914003,1.3634414536838544,-5.490339931784646,,0.0,inf
85.95,0.8714304000128441,21.335317602393037,14.052213354211016,25.584334841691195,214.9727176954843,222.69090459496448,321.6239929199219,133.64300537109378,347.1669921875,133.69200134277344,0.24206400000356781,5.926477111775843,-14.401241310945215,0.9099096228463905,-5.3842078459513045,,0.0,inf
86.0,2.3602601587452866e-05,21.34150816003869,15.359693499310223,25.867128006280304,214.97473197513168,223.05992977100263,321.6260070800781,133.64300537109378,347.43701171875,133.66400146484378,6.5562782187369074e-06,5.928196711121858,-4.841148874507256,0.03439198692030328,-4.469566317747965,-2.682068811279176,0.0,inf
86.05000000000003,7.856783228697098e-06,21.275264900604387,17.422872292837635,26.100257085661227,214.9747334250845,223.4012028753092,321.6260070800781,133.64300537109378,347.6520080566406,133.64700317382812,2.1824397857491937e-06,5.909795805723441,-8.747676865970953e-05,-0.36801810796815815,-3.0560887842700613,,0.0,inf
86.10000000000002,1.7465991100325598e-05,20.7649133311057,19.31777742724259,26.302448744109878,214.97474338511375,223.71843428119823,321.6260070800781,133.64300537109378,347.8340148925781,133.63400268554688,4.851664194534889e-06,5.768031480862694,5.3384488175716935e-05,-2.8352864972150917,-1.6951267734144315,,0.0,inf
86.15,2.205058130754757e-05,21.62696445670357,20.3648879088346,26.491351874322014,214.97475810501632,224.03039158091252,321.6260070800781,133.64300537109378,348.0,133.62199401855472,6.125161474318769e-06,6.007490126862102,2.5469945595686296e-05,4.789172919989787,-0.7562008201848426,,0.0,inf
86.2,2.3202922769391198e-05,20.842867186408935,21.12652634149,26.67069318129332,214.9747739050202,224.32874016498025,321.6260070800781,133.64300537109378,348.1549987792969,133.61199951171878,6.445256324830888e-06,5.789685329558037,6.401897010242743e-06,-4.356095946081541,-0.2698973978724761,,0.0,inf
86.25,1.9814463660378355e-05,21.428915607218443,21.178940562717266,26.85420661936164,214.97478893505317,224.6285485337983,321.6260070800781,133.64300537109378,348.31201171875,133.60200500488278,5.504017683438432e-06,5.952476557560678,-1.8824772827850192e-05,3.2558245600530076,-0.07679768206142978,,0.0,inf
86.30000000000003,1.749653712190028e-05,20.9817298557,21.169512937907157,27.03789246459064,214.9748021650724,224.92160762455043,321.6260070800781,133.64300537109378,348.4679870605469,133.59300231933594,4.860149200527856e-06,5.828258293249999,-1.2877369658204936e-05,-2.4843652862123102,-0.017362318282740267,,0.0,inf
86.35000000000002,1.4965587984722863e-05,21.286281570657746,21.20552965411116,27.22738079486173,214.97481345503036,225.21612514381584,321.6260070800781,133.64300537109378,348.62799072265625,133.58399963378906,4.1571077735341285e-06,5.912855991849374,-1.4060828539875344e-05,1.6919539719875838,-0.0030916958782268834,,0.0,inf
86.4,2.827665195984704e-06,21.07137046842305,21.195513313925396,27.42204399853219,214.9748182250317,225.50899694852603,321.6260070800781,133.64300537109378,348.7919921875,133.57200622558594,7.854625544401954e-07,5.853158463450847,-6.743290438190167e-05,-1.1939505679709392,-0.00033884951877085555,,0.0,inf
86.45,5.75005727766229e-06,21.27927896522817,21.18990945020891,27.6242893184246,214.97482200503723,225.8047054988061,321.6260070800781,133.64300537109378,348.9620056152344,133.55999755859378,1.5972381326839693e-06,5.910910823674492,1.62355115648764e-05,1.1550472044729556,-1.1061132231527837e-05,,0.0,inf
86.5,6.719637897764278e-06,21.09271857758248,21.16503049196329,27.83172378012089,214.97482684512062,226.10057723122472,321.6260070800781,133.64300537109378,349.135986328125,133.5469970703125,1.8665660827122995e-06,5.859088493772911,5.386559000566909e-06,-1.036446598031665,-6.6128574363239876e-06,,0.0,inf
86.55000000000003,6.616825430295003e-06,21.283582497153176,21.165862251618165,28.045854421651754,214.9748318450423,226.40010795482686,321.6260070800781,133.64300537109378,349.31500244140625,133.53500366210938,1.8380070639708341e-06,5.912106249209216,-5.711803748290147e-07,1.060355108725543,-3.784927325387581e-06,,0.0,inf
86.60000000000002,6.0100597579906125e-06,21.118690699495012,21.201239988457093,28.26133436671657,214.97483646510082,226.69878888401325,321.6260070800781,133.64300537109378,349.4939880371094,133.52299499511722,1.6694610438862812e-06,5.8663029720819475,-3.370920401691251e-06,-0.9160655425454133,-3.111818946512669e-06,,0.0,inf
86.65,5.1660770472705e-06,21.25787606958519,21.164331149745262,28.481440490101413,214.9748404650148,226.9999910007848,321.6260070800781,133.64300537109378,349.6759948730469,133.50999450683594,1.4350214020195831e-06,5.904965574884775,-4.68879283733556e-06,0.7732520560568162,-3.7689926361900664e-06,,0.0,inf
86.7,4.570112244482054e-06,21.216318212432338,21.2016762523476,28.70190103835668,214.9748438650407,227.30002029420987,321.6260070800781,133.64300537109378,349.85699462890625,133.49699401855472,1.2694756234672372e-06,5.893421725675649,-3.3109155710471067e-06,-0.23087698418252847,-4.615826069501012e-06,,0.0,inf
86.75,3.527848416162145e-06,21.221001920848018,21.180884883710554,28.925713927266468,214.97484664503855,227.60102281445575,321.6260070800781,133.64300537109378,350.0400085449219,133.48399353027344,9.799578933783736e-07,5.894722755791116,-5.790354601777601e-06,0.026020602309328268,-4.782913213293398e-06,,0.0,inf
86.80000000000003,0.0,21.224119049194247,21.20512380305998,29.15079411786144,214.97484664503855,227.90164735121934,321.6260070800781,133.64300537109378,350.2229919433594,133.47000122070312,0.0,5.895588624776179,-1.9599157867557446e-05,0.0173173797012627,-3.9154248806736464e-06,,0.0,inf
86.85000000000002,1.0266884062981195e-06,21.22724054010113,21.19921970000432,29.378131721067128,214.97484908510373,228.2024494398262,321.6260070800781,133.64300537109378,350.4070129394531,133.45700073242188,2.8519122397169986e-07,5.896455705583647,5.703824479434321e-06,0.017341616149356573,-2.3680263810207107e-06,,0.0,inf
86.9,2.6458581197527147e-06,21.230404996084303,21.215123152770442,29.607634721106077,214.97484908510373,228.5034848316264,321.6260070800781,133.64300537109378,350.5920104980469,133.4429931640625,7.349605888201985e-07,5.897334721134529,8.995387296973043e-06,0.017580311017641348,-9.79588814731393e-07,,0.0,inf
86.95,1.918129144707765e-06,21.233523209547037,21.210547577202327,29.838298352699976,214.974851105026,228.80411074628398,321.6260070800781,133.64300537109378,350.7770080566406,133.42900085449222,5.328136513077124e-07,5.898200891540844,-4.042938750249952e-06,0.017323408126302828,-3.6695562722620027e-07,,0.0,inf
87.0,1.6288610500538731e-06,21.23670145755264,21.224945865199345,30.07105712355756,214.974851105026,229.10489675050454,321.6260070800781,133.64300537109378,350.9630126953125,133.41600036621094,4.5246140279274255e-07,5.899083738209067,-1.607044970299489e-06,0.017656933364468167,-4.971805963343487e-07,4.469565820567369,0.0,inf
87.05000000000003,2.182710719305024e-06,21.239866221048786,21.220574237588906,30.30585292250813,214.97485297512168,229.40591776105208,321.6260070800781,133.64300537109378,351.1499938964844,133.40199279785156,6.063085331402845e-07,5.899962839180218,3.0769426069492646e-06,0.017582019423007963,-9.185481894548466e-07,,0.0,inf
87.10000000000002,9.867277235553577e-07,21.243064123348397,21.23301157997424,30.542699916814442,214.97485297512168,229.70717811014882,321.6260070800781,133.64300537109378,351.3380126953125,133.38800048828122,2.7409103432093266e-07,5.9008511453745545,-6.644349976387414e-06,0.017766123886727613,-1.1899350685470687e-06,,0.0,inf
87.15,9.010510574718628e-07,21.24625000513464,21.231848973529193,30.78050853066814,214.97485439503942,230.00796150361026,321.6260070800781,133.64300537109378,351.5260009765625,133.375,2.502919604088508e-07,5.9017361125374,-4.7598147824179955e-07,0.01769934325692439,-1.0886792671381571e-06,,0.0,inf
87.2,6.472624263368126e-07,22.342498839553667,21.34446703624132,30.97073799386777,214.97485439503942,230.4466864317124,321.6260070800781,133.64300537109378,351.62298583984375,133.1929931640625,1.7979511842689238e-07,6.206249677653796,-1.4099368396392485e-06,6.090271302328256,-6.652383635091534e-07,,0.0,inf
87.25,1.8864645594643665e-07,21.80669702010942,21.403036546167463,31.126146564069447,214.97485439503942,230.8576198189173,321.6260070800781,133.64300537109378,351.6789855957031,133.08099365234378,5.240179331845462e-08,6.057415838919283,-2.5478665021689e-06,-2.9766767746904237,-2.0277630226078196e-07,,0.0,inf
87.30000000000003,2.077411781501271e-06,21.472261018672363,21.427850743115272,31.375692571311284,214.97485439503942,231.3108276271564,321.6260070800781,133.64300537109378,351.84600830078125,133.31900024414062,5.770588281947976e-07,5.964516949631212,1.049314069752149e-05,-1.8579777857604804,4.458357206306889e-09,,0.0,inf
87.35000000000002,9.153494972129273e-07,20.400012596622,21.34512794876736,31.54356827197185,214.97485542508213,231.67235767438243,321.6260070800781,133.64300537109378,351.92401123046875,133.40499877929688,2.542637492258131e-07,5.666670165728333,-6.455901579380056e-06,-5.956935678057907,-7.102670634581045e-08,,0.0,inf
87.4,4.996403118578428e-07,20.45915248670007,21.268002697828933,31.69534960982432,214.97485542508213,232.02540389577203,321.6260070800781,133.64300537109378,351.9840087890625,133.49800109863278,1.3878897551606745e-07,5.683097912972242,-2.3094954741957006e-06,0.32855494487828646,-1.7237097900961865e-07,,0.0,inf
87.45,1.1267439368747395e-06,21.131116159090897,21.257761992783326,31.825573224870787,214.97485542508213,232.36489431073682,321.6260070800781,133.64300537109378,352.0169982910156,133.50199890136722,3.1298442690964986e-07,5.86975448863636,3.4839090278718464e-06,3.7331315132825784,-4.8727995020703675e-08,,0.0,inf
87.5,2.5523894882769343e-07,21.477417397357755,21.281833586763835,31.913567780896894,214.97485542508213,232.78147197486476,321.6260070800781,133.64300537109378,351.99200439453125,133.69000244140622,7.089970800769261e-08,5.965949277043821,-4.8416943780394195e-06,1.9238957681493247,2.807765345015349e-07,,0.0,inf
87.55000000000003,6.761321216244822e-07,20.04283803276829,21.162130767935786,31.986956241165142,214.97485542508213,233.11539043840062,321.6260070800781,133.64300537109378,351.9599914550781,133.67999267578122,1.878144782290228e-07,5.567455009102303,2.338295404425408e-06,-7.969885358826287,5.560625348952124e-07,,0.0,inf
87.60000000000002,2.5791890246216784e-06,20.845190066101324,21.122343362211076,32.042103417569926,214.97485542508213,233.4526069621999,321.6260070800781,133.64300537109378,351.9049987792969,133.68099975585938,7.164413957282439e-07,5.790330573917035,1.0572538349985023e-05,4.457511296294894,5.514248343159689e-07,,0.0,inf
87.65,6.180255654821722e-07,21.02434846378135,21.10015320807575,32.072419407035504,214.97485542508213,233.79295556025173,321.6260070800781,133.64300537109378,351.8210144042969,133.677001953125,1.7167376818949227e-07,5.840096795494819,-1.0895352550778748e-05,0.9953244315560303,2.9658695088891464e-07,,0.0,inf
87.7,1.168611767104383e-06,21.144983497291125,20.980401673849496,32.059606865726025,214.97485542508213,234.11166469149398,321.6260070800781,133.64300537109378,351.7019958496094,133.73699951171878,3.246143797512175e-07,5.873606527025313,3.058812231234678e-06,0.6701946306099086,-1.7082778122297592e-08,,0.0,inf
87.75,1.2040626532332369e-06,20.963311141875156,20.896063086026064,32.073243691332515,214.97485542508213,234.4237867725581,321.6260070800781,133.64300537109378,351.6059875488281,133.77299499511722,3.3446184812034355e-07,5.82314198385421,1.9694936738253276e-07,-1.0092908634221094,-2.732110678430938e-07,,0.0,inf
87.80000000000003,1.8558689113154538e-06,20.976364748145226,20.84647345897336,32.0816658434255,214.9748564551249,234.73585471460976,321.6260070800781,133.64300537109378,351.50201416015625,133.80400085449222,5.155191420320705e-07,5.826767985595896,3.621145878232687e-06,0.07252003483367474,-4.431668275169475e-07,,0.0,inf
87.85000000000002,9.4871170826049e-08,21.25723963685524,20.932196162996682,32.084055192885344,214.9748564551249,235.0530107751068,321.6260070800781,133.64300537109378,351.38800048828125,133.84500122070312,2.6353103007235833e-08,5.9047887880153445,-9.783320780497249e-06,1.5604160483890614,-4.538700383608341e-07,,0.0,inf
87.9,1.1020816940441087e-06,20.560140425485663,20.942294956875237,32.05516882007631,214.9748564551249,235.3428933659211,321.6260070800781,133.64300537109378,351.2539978027344,133.89999389648438,3.061338039011413e-07,5.711150118190462,5.595614017880018e-06,-3.8727733964989737,-2.4811034490062604e-07,,0.0,inf
87.95,4.566486038248022e-07,80.71672546677438,26.90085588764359,30.65893866057695,214.9748564551249,237.96993361078898,321.6260070800781,133.64300537109378,349.5559997558594,131.91700744628906,1.268468343957784e-07,22.42131262965955,-3.5857393901074616e-06,334.20325022940074,4.810322726050516e-08,,0.0,inf
88.0,9.641803999710358e-07,113.64882990926957,36.117997138834774,30.14080207548116,214.9748564551249,239.4116787229428,321.6260070800781,133.64300537109378,348.67498779296875,132.78300476074222,2.6782788888084327e-07,31.569119419241545,2.819621089701458e-06,182.9561357916503,1.9613040228812755e-07,6.933109986224762e-07,0.0,inf
88.05000000000003,2.3351406845374743e-06,22.010085936907956,36.314721929248726,30.077831081213997,214.9748564551249,239.78942303284592,321.6260070800781,133.64300537109378,348.4670104980469,132.91900634765622,6.486501901492984e-07,6.11391276025221,7.616446025365207e-06,-509.1041331795263,1.292983970784219e-07,,0.0,inf
88.10000000000002,3.553153180697579e-08,11.411763621640839,35.37137928480268,30.06356666755167,214.9748564551249,239.9672306580869,321.6260070800781,133.64300537109378,348.3949890136719,133.03300476074222,9.869869946382164e-09,3.1699343393446773,-1.2775606404059051e-05,-58.879568418153994,4.183354705100197e-08,,0.0,inf
88.15,6.211142133709748e-07,9.184425370485053,34.18738697547305,29.97836157990696,214.9748564551249,240.11505434242528,321.6260070800781,133.64300537109378,348.2869873046875,133.1300048828125,1.7253172593638188e-07,2.5512292695791814,3.253237119801104e-06,-12.374101395314138,1.0456601362052838e-07,,0.0,inf
88.2,1.2703483578360428e-06,32.689940984879016,35.341882724231844,30.01485205116541,214.9748564551249,241.07331183411225,321.6260070800781,133.64300537109378,347.885986328125,132.82600402832028,3.528745438433452e-07,9.080539162466392,3.6068563581394716e-06,130.58619785775164,2.1749211164762393e-07,,0.0,inf
88.25,1.8889702964181199e-06,16.764692933150663,34.92202090335938,29.873926235475782,214.9748564551249,241.30906076604091,321.6260070800781,133.64300537109378,347.72698974609375,133.0,5.247139712272555e-07,4.656859148097406,3.436788547678402e-06,-88.47360028738476,1.8555653978178533e-07,,0.0,inf
88.30000000000003,7.241407796541917e-07,19.905875773279746,34.814972005872825,29.678209925794807,214.9748564551249,241.62155824764716,321.6260070800781,133.64300537109378,347.54901123046875,133.24600219726562,2.011502165706088e-07,5.529409937022152,-6.471275093129624e-06,17.45101577848598,2.0693121853901115e-10,,0.0,inf
88.35000000000002,7.587462999800316e-07,22.206306367005407,34.90987867888786,29.470238837698265,214.9748564551249,241.97133935980904,321.6260070800781,133.64300537109378,347.3710021972656,133.52900695800778,2.1076286110556433e-07,6.168418435279279,1.922528906991218e-07,12.780169965143278,-2.2777416120863161e-07,,0.0,inf
88.4,1.4761785505071246e-06,22.616019834635324,35.115466619802824,29.273397502490212,214.9748564551249,242.32804923480518,321.6260070800781,133.64300537109378,347.2120056152344,133.82499694824222,4.1004959736309017e-07,6.282227731843145,3.985734725151876e-06,2.276185931278091,-4.5150045144557176e-07,,0.0,inf
88.45,1.4762058630379974e-06,14.564950788902006,28.500289152015586,29.07322986397332,214.9748564551249,242.564131335372,321.6260070800781,133.64300537109378,347.01300048828125,133.93899536132812,4.100571841772215e-07,4.045819663583891,1.517362826263775e-10,-44.728161365187624,-6.018413522103744e-07,,0.0,inf
88.5,3.434621278554415e-08,14.820144819454503,18.617420643034087,28.905472558248768,214.9748564551249,242.84137117948674,321.6260070800781,133.64300537109378,346.85198974609375,134.156005859375,9.540614662651153e-09,4.116706894292918,-8.010331390291862e-06,1.417744614180619,-4.762045336756665e-07,,0.0,inf
88.55000000000003,1.7173797645864215e-07,14.579684173301716,17.87438046667346,28.73010410591573,214.9748564551249,243.11668963722119,321.6260070800781,133.64300537109378,346.67401123046875,134.36000061035156,4.770499346073393e-08,4.049912270361588,7.63287575961265e-07,-1.3358924786259068,3.133616852799834e-08,,0.0,inf
88.60000000000002,2.40523540306666e-07,14.630884333672064,18.196292537876587,28.55805033381923,214.9748564551249,243.41791675122718,321.6260070800781,133.64300537109378,346.50201416015625,134.60000610351562,6.681209452962945e-08,4.064134537131129,3.821420213779322e-07,0.28444533539083333,6.760248359667284e-07,,0.0,inf
88.65,2.368693017732685e-06,16.291881608022553,18.90703816163033,28.42776930867909,214.9748564551249,243.77840846246937,321.6260070800781,133.64300537109378,346.38800048828125,134.92999267578122,6.579702827035236e-07,4.525522668895154,1.1823163763481917e-05,9.227762635283646,1.058372858004628e-06,,0.0,inf
88.7,1.1672213354435384e-06,18.127372832682774,17.450781346410707,28.31125840624012,214.9748564551249,244.16251645975763,321.6260070800781,133.64300537109378,346.2909851074219,135.28700256347656,3.2422814873431625e-07,5.035381342411881,-6.674842679384527e-06,10.197173470335123,1.0004298290375599e-06,,0.0,inf
88.75,6.214397423574588e-07,21.124542455706173,17.886766298666263,28.24075613277203,214.9748564551249,244.55300479478348,321.6260070800781,133.64300537109378,346.24798583984375,135.65699768066406,1.7262215065484965e-07,5.867928459918382,-3.0321199615895045e-06,16.650942350130954,5.552999290636205e-07,,0.0,inf
88.80000000000003,2.677651398649733e-06,9.958209535129164,16.8919996748512,28.20320671496665,214.9748564551249,244.73246306161633,321.6260070800781,133.64300537109378,346.2080078125,135.82899475097656,7.437920551804814e-07,2.7661693153136566,1.142339809050679e-05,-62.035182892062764,-1.9604963661833052e-07,,0.0,inf
88.85000000000002,2.2657034164067053e-06,12.432175795579825,15.914586617708645,28.251274837165905,214.9748564551249,244.93688998809188,321.6260070800781,133.64300537109378,346.2760009765625,136.01400756835938,6.293620601129736e-07,3.4533821654388404,-2.2885999013502853e-06,13.744257002504456,-1.0721865439752463e-06,,0.0,inf
88.9,0.0,13.264441019053551,14.979428736150467,28.33456028037449,214.9748564551249,245.1379741979852,321.6260070800781,133.64300537109378,346.385986328125,136.17300415039062,0.0,3.6845669497370976,-1.2587241202263766e-05,4.623695685966722,-1.66348768060072e-06,,0.0,inf
88.95,1.7519209825380178e-08,13.584670194607027,14.881400676720967,28.412488995475503,214.9748564551249,245.32346330870055,321.6260070800781,133.64300537109378,346.4880065917969,136.31900024414062,4.866447173716716e-09,3.7735194985019516,9.732894347433986e-08,1.7790509752971795,-1.6186703281232488e-06,,0.0,inf
89.0,1.3135873900097807e-07,4.8161478867127885,13.881000983446802,28.408871997717444,214.9748564551249,245.43604172396388,321.6260070800781,133.64300537109378,346.5039978027344,136.41499328613278,3.64885386113828e-08,1.337818857420219,6.324418287533576e-07,-48.71401282163742,-1.0175520087285737e-06,-1.2136824110167011e-06,0.0,inf
89.05000000000003,1.4017600633498895e-07,7.370056956017141,13.16003826171834,28.40549049192833,214.9748564551249,245.5712308178868,321.6260070800781,133.64300537109378,346.5190124511719,136.53500366210938,3.893777953749693e-08,2.0472380433380946,4.898481852225764e-08,14.188383718350252,-2.723879909554565e-07,,0.0,inf
89.10000000000002,4.1195379591031407e-07,17.802015008006197,13.477151329151758,28.543325672906562,214.9748564551249,245.8240595621817,321.6260070800781,133.64300537109378,346.6659851074219,136.73899841308594,1.1443160997508724e-07,4.94500416889061,1.509876608751892e-06,57.9553225110536,2.59090205458226e-07,,0.0,inf
89.15,3.126546279631339e-07,21.74162854678648,14.02212602302815,28.7089307072928,214.9748564551249,246.12729328609726,321.6260070800781,133.64300537109378,346.85101318359375,136.9739990234375,8.68485077675372e-08,6.039341262996244,-5.516620441511891e-07,21.88674188212014,4.5362554997820925e-07,,0.0,inf
89.2,1.0655078449363272e-06,7.4909256084969655,12.958481300609565,28.795548060921693,214.9748564551249,246.29893491674488,321.6260070800781,133.64300537109378,346.9339904785156,137.12399291992188,2.95974401371202e-07,2.0808126690269346,4.182517872073534e-06,-79.17057187939068,3.488923253438637e-07,,0.0,inf
89.25,2.764498861122414e-07,7.9724624641517225,11.64327330145412,28.775590746648177,214.9748564551249,246.42590017945355,321.6260070800781,133.64300537109378,346.85699462890625,137.16600036621094,7.679163503117817e-08,2.2145729067088116,-4.3836553268007265e-06,2.675204753637691,5.6367777668692176e-08,,0.0,inf
89.30000000000003,1.1336985019285395e-06,8.885084991899562,11.53596084713116,28.848498384498363,214.9748564551249,246.5771100433637,321.6260070800781,133.64300537109378,346.8970031738281,137.30499267578122,3.149162505357054e-07,2.468079164416545,4.762492310088109e-06,5.070125154152079,-2.6479235514144995e-07,,0.0,inf
89.35000000000002,6.866135207804919e-08,8.108625773664919,11.10360584493967,28.890402597423574,214.9748564551249,246.6831009512799,321.6260070800781,133.64300537109378,346.8919982910156,137.37399291992188,1.907259779945811e-08,2.252396048240255,-5.916873054725283e-06,-4.313662323526049,-4.4695163232449674e-07,,0.0,inf
89.4,1.3732881091784913e-07,8.323936491175692,10.609555392151883,28.92831799710971,214.9748564551249,246.7961497083577,321.6260070800781,133.64300537109378,346.885986328125,137.46499633789062,3.814689192162476e-08,2.3122045808821365,3.814858824434631e-07,1.1961706528380394,-4.0066655243077876e-07,,0.0,inf
89.45,2.0599655086976347e-07,13.334259890129584,10.58451436170414,28.8594818175385,214.9748564551249,246.92923662125352,321.6260070800781,133.64300537109378,346.7950134277344,137.56199645996094,5.722126413048985e-08,3.703961080591551,3.8148744417732354e-07,27.835129994189867,-1.7872361894811682e-07,,0.0,inf
89.5,2.746648062263158e-07,7.989464382565059,10.901846011289368,28.8524771979963,214.9748564551249,247.08967962166028,321.6260070800781,133.64300537109378,346.8139953613281,137.69400024414062,7.629577950730994e-08,2.2192956618236273,3.8149030753642344e-07,-29.69330837536016,6.717070668829596e-08,,0.0,inf
89.55000000000003,3.4334169634038984e-07,6.8357469280097245,10.848415008488626,28.81401405842467,214.9748564551249,247.18117662069284,321.6260070800781,133.64300537109378,346.739990234375,137.71600341796878,9.537269342788607e-08,1.8988185911138122,3.8153827841132737e-07,-6.409541414193021,1.9583137027065683e-07,,0.0,inf
89.60000000000002,4.807143521119857e-07,7.628014963949483,9.831015004082957,28.871321152038952,214.9748564551249,247.281607618223,321.6260070800781,133.64300537109378,346.7879943847656,137.80400085449222,1.3353176447555159e-07,2.118893045541523,7.631814209533538e-07,4.401489088554464,1.439773766750507e-07,,0.0,inf
89.65,5.493671602882872e-07,6.447573504505892,8.301609499854898,28.905957347669297,214.9748564551249,247.34272299098495,321.6260070800781,133.64300537109378,346.7950134277344,137.83799743652344,1.5260198896896868e-07,1.7909926401405256,3.8140448986847187e-07,-6.558008108022182,-6.176822196993805e-08,,0.0,inf
89.7,5.867230713026516e-07,6.751075077422071,8.227624446747411,28.94247612381493,214.9748564551249,247.4174051460648,321.6260070800781,133.64300537109378,346.79901123046875,137.88900756835938,1.6297863091740323e-07,1.8752986326172418,2.0753283896870286e-07,1.6861198495344203,-3.1270718743412076e-07,,0.0,inf
89.75,9.559044416459028e-11,6.7554132561226705,8.105919525944504,28.984435568051783,214.9748564551249,247.50014859597823,321.6260070800781,133.64300537109378,346.8059997558594,137.947998046875,2.6552901156830632e-11,1.8765036822562973,-3.259041560325113e-06,0.024100992781110036,-4.6984811152702286e-07,,0.0,inf
89.80000000000003,3.4422756861496285e-08,8.31985954350317,8.049396981104865,28.942806184232392,214.9748564551249,247.63122269624148,321.6260070800781,133.64300537109378,346.78900146484375,138.04400634765622,9.56187690597119e-09,2.3110720954175474,1.9070648009618963e-07,8.691368263220557,-4.603496692277475e-07,,0.0,inf
89.85000000000002,3.469684069445707e-08,6.689055341035836,7.907439937841956,28.95801692159328,214.9748564551249,247.68602179804444,321.6260070800781,133.64300537109378,346.7879943847656,138.09599304199222,9.638011304015853e-09,1.8580709280655099,1.522687960893336e-09,-9.060023347041266,-3.29032301371179e-07,,0.0,inf
89.9,3.4332240185565414e-08,6.644781290958406,7.7395244178202285,28.997998314260954,214.9748564551249,247.76156672828827,321.6260070800781,133.64300537109378,346.7969970703125,138.15199279785156,9.536733384879281e-09,1.8457725808217793,-2.0255583827321234e-09,-0.24596694487469545,-1.807080255269776e-07,,0.0,inf
89.95,3.560863155700845e-08,7.117080681666847,7.117806496973956,29.087896968808803,214.9748564551249,247.89135135982846,321.6260070800781,133.64300537109378,346.85198974609375,138.25599670410156,9.89128654361346e-09,1.9769668560185685,7.091063174683965e-09,2.6238855039359326,-9.300178827060274e-08,,0.0,inf
